tiempo, ax, ay, az
110.523237,127,126,150
110.529168,127,127,151
110.533104,127,125,149
110.539171,127,126,150
110.543052,128,127,153
110.547307,128,127,153
110.553073,128,126,146
110.557108,129,125,147
110.563062,128,124,150
110.567070,127,124,147
110.573124,127,126,154
110.580119,126,126,154
110.582109,126,125,150
110.588119,126,126,148
110.592120,126,126,155
110.598102,126,128,151
110.602119,127,126,151
110.608120,127,127,154
110.612123,127,124,148
110.618163,127,127,150
110.622065,128,125,152
110.628136,128,126,153
110.632125,127,126,149
110.638121,127,126,152
110.642123,126,126,153
110.648231,126,125,149
110.652211,126,127,155
110.658217,126,126,153
110.662215,126,128,149
110.668217,127,126,149
110.672216,127,125,152
110.678215,126,126,154
110.682220,126,125,152
110.688216,125,126,152
110.692215,125,125,152
110.698219,125,126,156
110.702218,125,125,151
110.708219,126,126,150
110.712218,127,126,151
110.719215,127,126,151
110.723218,127,127,154
110.729218,128,127,151
110.733209,128,126,148
110.739217,128,125,150
110.742206,127,126,151
110.748212,127,125,152
110.752222,126,126,156
110.758217,126,125,150
110.762217,126,126,152
110.768217,126,127,154
110.772225,126,127,153
110.778217,127,127,153
110.782200,127,125,150
110.788217,128,127,153
110.792215,128,127,151
110.798220,127,125,153
110.802219,127,126,153
110.808215,127,127,151
110.812209,126,125,156
110.818213,126,127,152
110.822218,126,127,152
110.828217,127,126,154
110.832226,127,125,156
110.838222,126,127,152
110.842215,126,126,153
110.848212,127,125,156
110.852220,126,126,154
110.858215,125,127,153
110.862211,125,124,155
110.868217,126,125,154
110.872216,126,126,152
110.878217,127,125,152
110.882243,128,125,151
110.888215,128,126,147
110.892224,128,126,149
110.898219,128,127,153
110.902211,127,127,155
110.908221,127,127,154
110.912218,127,128,152
110.918208,126,127,152
110.922220,126,127,155
110.928220,126,127,153
110.932217,127,126,152
110.938218,128,126,149
110.942217,128,125,144
110.948083,129,126,152
110.952168,129,125,152
110.958169,129,125,148
110.962168,129,126,150
110.968169,129,126,152
110.972168,128,126,150
110.978169,128,126,152
110.982168,127,127,156
110.988170,126,127,153
110.992168,125,128,150
110.998168,126,128,156
111.002165,126,129,154
111.008169,126,128,149
111.012169,127,127,148
111.018163,127,126,150
111.022165,127,127,151
111.028181,127,126,146
111.032173,128,126,151
111.038172,127,126,156
111.042172,126,125,151
111.048078,126,126,157
111.052169,126,125,156
111.058171,126,126,150
111.063172,127,127,150
111.069172,126,127,148
111.073173,127,127,152
111.079172,126,127,151
111.083114,126,126,151
111.088172,125,126,152
111.092172,125,126,150
111.098172,125,127,153
111.103169,126,126,160
111.107086,127,125,155
111.113257,128,125,149
111.117169,128,126,152
111.123137,128,126,152
111.127176,127,127,152
111.133104,127,127,156
111.137170,126,126,152
111.143171,126,125,151
111.147170,126,125,151
111.153165,126,126,154
111.157169,126,126,154
111.163171,125,125,153
111.167169,126,126,153
111.173170,127,125,153
111.177169,127,126,155
111.183165,127,125,150
111.187169,127,126,151
111.193170,127,126,156
111.197170,126,126,155
111.203174,127,126,152
111.207171,127,127,156
111.213170,126,126,151
111.217172,126,127,150
111.223178,126,126,152
111.227174,126,125,156
111.233172,126,125,154
111.237173,126,126,149
111.243173,127,126,156
111.247172,127,126,156
111.253170,127,127,153
111.257173,127,126,153
111.263173,127,126,153
111.267184,127,127,154
111.273174,127,126,150
111.277172,128,125,151
111.283174,128,124,153
111.287173,128,126,153
111.293178,127,126,145
111.297174,127,126,155
111.303171,127,126,162
111.307173,126,126,146
111.313173,126,126,148
111.317106,126,126,156
111.323178,126,125,153
111.327174,127,126,151
111.333173,128,125,152
111.337173,129,125,149
111.343175,129,128,148
111.347172,129,127,148
111.353168,128,126,154
111.357174,128,128,153
111.363174,127,126,149
111.367118,128,128,148
111.373173,128,126,151
111.377183,128,125,153
111.383175,128,124,150
111.387156,127,126,149
111.393174,128,125,149
111.397168,128,128,149
111.407172,128,127,150
111.410163,128,125,150
111.412172,127,127,153
111.423174,127,126,152
111.426164,127,126,151
111.428172,127,126,149
111.434109,127,128,155
111.438171,126,127,156
111.445173,126,127,150
111.449173,126,128,148
111.455131,127,127,151
111.459172,128,127,149
111.465173,128,125,143
111.468165,129,128,150
111.474172,128,127,153
111.478173,127,124,146
111.482171,127,125,150
111.488174,125,124,155
111.492171,124,126,157
111.498165,124,125,154
111.502171,124,126,159
111.508171,125,126,153
111.512176,126,125,147
111.518170,128,127,150
111.522174,128,125,149
111.528177,128,127,151
111.532102,127,126,153
111.538228,126,124,153
111.542221,125,126,153
111.548222,125,125,158
111.552222,125,126,154
111.558222,125,126,151
111.562225,126,127,158
111.568219,126,126,155
111.572225,126,126,150
111.578225,126,126,152
111.582224,126,127,154
111.588224,125,127,150
111.592222,125,125,153
111.598223,125,126,159
111.602221,125,124,152
111.608217,126,124,151
111.612221,126,124,158
111.618224,127,126,157
111.622092,127,125,150
111.628184,127,126,152
111.632176,127,125,153
111.638177,127,127,151
111.642179,127,127,149
111.648179,128,126,151
111.652193,128,126,155
111.658177,127,126,151
111.662175,127,126,149
111.668123,127,126,158
111.672177,126,127,156
111.678168,124,127,151
111.682177,125,125,154
111.688176,126,125,157
111.692180,126,125,154
111.698175,128,126,150
111.702171,129,125,149
111.708111,130,126,152
111.712123,130,126,149
111.718084,129,124,149
111.722093,129,125,153
111.728097,128,125,152
111.732101,127,127,154
111.738101,126,126,148
111.742098,127,125,154
111.748101,126,127,156
111.752092,126,126,146
111.758095,127,127,148
111.762101,128,127,155
111.768122,128,127,152
111.772099,127,127,145
111.778099,127,125,147
111.783100,128,126,158
111.789100,127,126,153
111.793099,128,125,148
111.799100,129,125,151
111.803101,129,126,153
111.808101,128,127,147
111.812100,128,126,148
111.818099,128,126,156
111.822100,128,126,150
111.828101,128,125,143
111.832101,128,125,151
111.841100,128,126,153
111.843094,126,126,146
111.848108,127,125,151
111.852101,127,125,153
111.858097,127,127,147
111.862098,127,127,148
111.868100,128,125,150
111.872101,128,127,148
111.878099,128,126,152
111.882101,128,123,152
111.888099,127,126,144
111.892093,127,125,148
111.898105,127,125,159
111.902102,126,125,151
111.908100,125,126,147
111.912101,126,125,160
111.918105,125,124,152
111.922099,125,124,145
111.928107,127,127,155
111.932102,127,125,159
111.938094,127,125,144
111.942100,127,125,149
111.948100,127,126,155
111.952081,126,126,152
111.958097,126,128,150
111.962103,126,126,152
111.968103,125,126,156
111.972101,125,124,150
111.978103,125,125,149
111.982100,125,125,155
111.988103,125,126,157
111.992102,125,125,153
111.998103,125,125,150
112.002120,125,127,150
112.008101,126,127,149
112.012102,127,125,150
112.018100,128,125,156
112.022100,127,125,155
112.028102,127,126,150
112.032100,126,125,156
112.038095,125,126,161
112.042101,124,124,153
112.048103,124,126,155
112.052101,125,124,157
112.058094,125,126,153
112.062097,126,126,155
112.068103,127,125,157
112.072102,127,125,152
112.078102,127,124,148
112.082101,127,125,154
112.088102,127,125,153
112.092099,127,125,150
112.098101,127,124,149
112.102100,127,124,148
112.108101,127,126,154
112.112103,127,126,159
112.119119,127,127,153
112.123094,127,127,151
112.129136,127,126,153
112.133137,126,126,152
112.139136,126,127,151
112.142126,127,126,153
112.148136,128,126,151
112.152135,129,125,148
112.158127,130,125,149
112.162132,130,124,147
112.168136,129,125,148
112.172136,129,124,154
112.178135,128,126,154
112.182135,129,125,151
112.188135,129,126,151
112.192137,129,124,147
112.198137,130,126,146
112.202138,130,125,152
112.208129,130,126,151
112.212134,128,125,143
112.218135,127,126,150
112.222127,126,125,158
112.228135,124,126,153
112.232137,124,126,153
112.238130,126,126,153
112.242131,126,125,149
112.248135,127,126,150
112.252128,129,126,153
112.258129,129,124,150
112.262131,129,125,150
112.268139,129,127,150
112.272135,127,126,151
112.278136,126,125,152
112.282136,125,126,152
112.288134,125,126,151
112.292136,125,125,153
112.298138,125,127,153
112.302136,126,126,153
112.308139,126,125,153
112.312226,127,124,153
112.318215,127,125,148
112.322158,127,125,150
112.328089,127,125,155
112.332189,127,125,153
112.338095,127,126,151
112.342179,127,125,155
112.348178,127,126,152
112.352177,127,126,149
112.358115,127,127,151
112.362173,126,127,155
112.368178,126,127,153
112.372179,125,125,147
112.378176,126,126,152
112.382177,127,124,154
112.388179,127,126,153
112.393178,127,126,149
112.399179,128,126,151
112.403174,128,125,156
112.409177,126,126,151
112.413282,126,127,152
112.418100,126,126,155
112.422073,126,127,153
112.428094,125,127,150
112.432097,126,126,158
112.438238,126,125,157
112.442096,126,125,148
112.448099,126,126,155
112.452100,126,125,156
112.458119,126,126,154
112.462099,125,127,156
112.468102,125,126,155
112.472099,125,126,154
112.478099,126,126,154
112.482099,127,126,160
112.488099,127,126,151
112.492099,127,125,147
112.498101,128,125,156
112.502102,128,126,148
112.508098,128,127,149
112.512102,128,125,151
112.518103,127,125,149
112.522097,127,126,151
112.528107,127,125,156
112.532100,127,124,150
112.538097,128,124,148
112.542174,128,125,149
112.548182,128,126,151
112.552183,128,125,152
112.558183,128,125,152
112.562174,128,124,151
112.568183,128,125,149
112.572183,128,125,147
112.578181,129,127,154
112.582182,129,125,153
112.588178,130,126,147
112.592181,130,125,147
112.598182,130,127,148
112.602182,129,126,148
112.608182,129,126,151
112.612183,129,124,148
112.618183,129,125,150
112.622176,127,124,149
112.628184,127,124,151
112.632182,126,125,152
112.638175,126,126,153
112.642179,126,126,153
112.648184,126,125,147
112.652178,127,124,145
112.658180,128,125,149
112.662170,128,124,147
112.668176,128,124,147
112.672179,128,124,149
112.686180,128,124,148
112.688172,127,124,147
112.690170,127,126,151
112.701183,126,125,156
112.703177,125,125,151
112.705173,124,127,153
112.709183,124,128,157
112.713183,124,126,151
112.719182,125,127,150
112.723188,126,128,154
112.729182,126,127,143
112.733183,128,125,142
112.739181,129,125,146
112.743182,128,123,152
112.749182,127,126,151
112.753182,124,125,154
112.759183,124,127,161
112.763133,123,124,157
112.769183,122,128,150
112.772183,123,127,159
112.777184,124,128,156
112.783183,125,127,151
112.787183,126,128,150
112.793182,126,127,151
112.797182,125,126,151
112.803183,123,126,154
112.807180,123,124,154
112.813188,123,125,160
112.817184,123,125,159
112.823183,123,127,148
112.827202,124,125,155
112.833232,125,125,163
112.837231,126,126,153
112.843230,126,128,148
112.847230,127,128,153
112.853230,126,127,150
112.857234,126,126,150
112.863183,125,126,160
112.867233,124,125,157
112.873228,123,126,155
112.877232,123,126,158
112.883233,123,125,163
112.887231,123,126,156
112.893366,123,127,157
112.897232,123,126,155
112.903232,125,125,156
112.907232,127,127,163
112.913102,129,126,153
112.917404,130,127,147
112.923149,131,126,146
112.927141,131,126,152
112.933193,129,125,150
112.937187,127,127,151
112.943185,126,125,156
112.947184,123,126,153
112.953183,122,126,153
112.957184,123,127,163
112.963094,124,125,156
112.967185,127,127,149
112.973181,129,125,149
112.977184,131,126,152
112.983185,130,126,148
112.987185,130,125,148
112.993185,129,124,149
112.997185,128,126,154
113.003182,127,126,155
113.007188,125,125,151
113.013183,125,126,155
113.017184,126,126,154
113.023181,127,127,148
113.027189,128,127,154
113.033184,129,125,150
113.037186,129,128,145
113.043186,128,127,149
113.047186,128,126,151
113.053184,127,126,149
113.058178,126,126,149
113.064181,126,125,154
113.068185,125,126,151
113.074179,125,125,147
113.078186,125,124,156
113.083187,126,124,152
113.087186,126,125,146
113.093187,126,126,155
113.097186,126,124,157
113.103186,126,126,147
113.107186,127,125,153
113.113186,126,127,154
113.117178,125,125,144
113.123132,125,127,152
113.127134,125,124,153
113.133191,124,125,147
113.137186,125,126,150
113.143187,125,126,152
113.147185,126,125,150
113.153186,127,126,153
113.157178,127,125,151
113.163220,127,125,147
113.167134,127,126,150
113.173180,125,126,151
113.177186,124,125,150
113.183185,124,126,154
113.187185,123,125,153
113.193186,123,125,148
113.197185,124,126,151
113.203187,126,124,150
113.207185,127,124,150
113.213185,127,125,147
113.217186,127,125,147
113.223182,126,126,155
113.227192,125,124,153
113.233185,124,125,149
113.237185,124,126,151
113.243186,125,125,155
113.247186,125,126,151
113.253185,126,126,146
113.257179,127,126,156
113.263186,126,126,151
113.267132,125,126,147
113.273182,125,127,152
113.277186,124,125,156
113.283186,124,125,152
113.287186,124,126,149
113.293185,124,126,156
113.297192,124,126,155
113.303187,125,126,151
113.307186,126,127,154
113.313186,126,125,152
113.317186,125,126,147
113.323182,125,127,156
113.327190,124,125,156
113.333187,124,125,149
113.337187,124,126,153
113.343185,125,125,155
113.347186,125,125,151
113.353187,125,125,152
113.357179,126,126,156
113.363187,126,125,148
113.367132,126,126,147
113.373183,125,126,152
113.377187,125,126,157
113.383189,124,126,154
113.387188,125,126,152
113.393186,126,127,153
113.397187,126,126,147
113.403128,127,127,152
113.407209,127,126,152
113.414180,126,125,148
113.418187,125,127,151
113.424240,125,125,150
113.428188,125,125,152
113.434188,126,125,151
113.438187,126,125,152
113.443189,127,124,151
113.447186,127,125,150
113.453187,128,124,153
113.457183,127,126,150
113.463190,126,126,148
113.467133,126,127,153
113.473125,125,126,151
113.477188,125,126,152
113.483188,125,127,158
113.487188,125,124,151
113.493188,125,126,150
113.497174,125,126,152
113.503187,125,124,153
113.507152,126,125,148
113.513139,126,126,151
113.517167,125,126,153
113.523041,125,125,150
113.527047,125,127,153
113.533182,125,124,154
113.537186,125,126,151
113.543183,125,125,149
113.547140,126,127,152
113.553097,126,125,149
113.557183,125,125,151
113.563188,124,126,152
113.567090,123,124,152
113.573188,123,125,156
113.577189,123,126,151
113.583188,124,127,153
113.587188,124,126,153
113.593187,124,126,150
113.597188,124,125,147
113.603190,125,125,151
113.607188,125,125,155
113.613189,125,127,150
113.617189,125,126,151
113.623125,125,125,155
113.627182,124,126,150
113.633189,123,125,148
113.637188,123,124,155
113.643186,123,126,157
113.647188,123,127,153
113.653189,123,126,153
113.657195,123,125,153
113.663189,122,125,150
113.667141,123,126,155
113.673178,123,126,156
113.678178,124,126,150
113.684185,124,127,151
113.688189,124,123,155
113.694177,124,124,150
113.698193,123,125,150
113.703192,123,125,157
113.707136,123,123,151
113.716190,123,126,150
113.718181,123,125,153
113.724186,123,124,154
113.728195,123,126,156
113.732189,124,125,150
113.738189,124,125,154
113.742185,125,126,153
113.748190,124,125,151
113.752189,123,123,149
113.758185,123,125,152
113.762190,122,125,158
113.768190,122,123,155
113.772189,123,123,155
113.778181,123,125,156
113.782184,125,123,152
113.788191,125,124,152
113.792190,126,124,151
113.798190,125,126,152
113.802191,124,125,149
113.808184,124,126,151
113.812190,124,126,149
113.818190,123,127,150
113.822189,123,126,157
113.828194,123,127,154
113.832189,123,126,151
113.838190,123,125,152
113.842186,123,124,154
113.848190,122,127,156
113.852191,122,125,153
113.858185,123,126,153
113.862189,123,125,150
113.868191,124,126,149
113.872189,126,124,148
113.878185,126,126,148
113.882182,126,125,151
113.888191,125,124,150
113.892190,124,124,151
113.898190,123,124,157
113.902190,122,123,154
113.908185,123,124,149
113.912189,123,127,153
113.918190,124,127,153
113.922191,124,128,152
113.928195,125,128,148
113.932190,125,126,150
113.939191,124,127,149
113.943191,124,127,148
113.949189,124,125,150
113.953189,123,124,152
113.966192,123,126,151
113.968191,122,125,153
113.970182,122,125,157
113.981184,122,125,156
113.983187,123,125,155
113.985178,124,126,149
113.990189,125,127,147
113.994188,125,126,151
113.999189,125,124,147
114.003187,124,125,147
114.009195,123,125,152
114.013182,123,125,152
114.019188,123,124,152
114.023139,123,127,157
114.029185,122,125,156
114.033185,122,126,151
114.039191,122,126,152
114.043190,122,127,153
114.049191,123,126,152
114.052191,123,127,147
114.057190,124,128,152
114.063191,123,128,150
114.067189,123,126,153
114.073191,123,128,155
114.077194,124,124,148
114.083188,124,127,149
114.087195,123,126,148
114.093187,123,125,151
114.097192,123,126,150
114.103193,123,126,153
114.107191,123,128,151
114.113125,123,126,147
114.117121,123,126,152
114.123091,123,124,154
114.127082,123,126,154
114.133131,124,126,148
114.137138,124,124,151
114.143141,124,124,151
114.147145,123,124,151
114.153142,123,124,152
114.157144,122,126,156
114.163146,122,125,152
114.167145,123,127,154
114.173145,122,126,154
114.177143,123,126,156
114.183119,123,128,150
114.187144,123,125,148
114.193140,123,127,156
114.197144,123,126,152
114.204147,122,127,152
114.208152,122,126,150
114.214144,122,126,153
114.218142,122,126,153
114.224139,123,125,153
114.228149,123,126,153
114.233141,123,125,153
114.237144,123,125,152
114.243144,123,124,152
114.247145,122,125,158
114.253141,122,125,155
114.257144,122,126,150
114.263137,122,125,153
114.267105,123,126,154
114.273200,123,126,151
114.277186,124,125,150
114.283148,125,126,149
114.287193,125,125,148
114.293187,124,126,153
114.297193,123,126,152
114.303193,123,124,151
114.307193,123,126,152
114.313194,123,126,153
114.317193,123,127,151
114.323193,124,126,149
114.327198,125,127,151
114.333193,125,126,148
114.337195,125,126,149
114.343191,125,125,151
114.347194,125,124,151
114.353193,124,123,149
114.357194,123,125,151
114.363195,123,125,152
114.367192,123,125,153
114.373193,124,125,152
114.377186,124,125,150
114.383145,124,127,152
114.387195,125,125,149
114.393189,124,128,151
114.397193,123,126,153
114.403195,123,127,152
114.407193,123,126,148
114.413194,124,125,149
114.417194,124,126,150
114.423193,123,125,149
114.427199,122,125,155
114.433194,122,126,158
114.437194,121,126,154
114.443192,122,125,151
114.447195,122,126,154
114.453194,122,125,152
114.457193,122,126,152
114.463194,122,125,153
114.467194,122,126,153
114.473195,122,126,156
114.477187,123,124,153
114.483144,122,125,153
114.487195,122,126,154
114.493189,122,123,152
114.497190,122,124,153
114.503195,122,125,154
114.507185,122,124,151
114.513196,122,127,152
114.517194,122,126,157
114.523194,122,126,156
114.527196,123,125,152
114.533194,123,127,153
114.537195,123,126,152
114.543192,123,128,151
114.547195,123,126,156
114.553194,123,126,154
114.557188,123,124,145
114.563196,123,126,150
114.567195,123,125,156
114.573195,123,126,153
114.577188,123,126,152
114.583144,123,126,156
114.587196,123,125,151
114.593200,124,126,150
114.597195,124,128,157
114.603195,125,125,148
114.607194,125,127,144
114.613189,124,127,151
114.617193,124,126,152
114.623144,124,126,149
114.627125,123,126,156
114.633251,123,124,150
114.637240,123,126,151
114.643249,123,127,156
114.647243,123,125,156
114.653243,123,125,153
114.657243,124,126,151
114.663243,123,126,151
114.667241,123,126,153
114.673242,123,125,152
114.677235,123,126,150
114.683200,123,126,155
114.687104,124,124,151
114.694196,125,124,147
114.698195,124,126,153
114.704197,124,126,155
114.708196,123,126,152
114.714196,123,126,150
114.718127,123,125,150
114.723142,123,127,155
114.727143,122,127,148
114.733244,123,126,149
114.737244,123,128,158
114.743221,123,126,147
114.747244,124,125,146
114.753239,124,127,155
114.759245,123,125,151
114.762234,123,128,149
114.767242,123,125,154
114.773243,122,126,153
114.777237,122,126,148
114.783149,122,126,152
114.787151,123,126,155
114.793187,124,126,155
114.797192,125,126,146
114.803191,125,126,145
114.807196,126,127,151
114.813193,125,124,150
114.817190,125,127,148
114.823192,124,125,148
114.827189,123,127,154
114.833200,122,127,149
114.837195,122,127,153
114.843182,122,127,152
114.847192,122,127,150
114.853192,122,128,152
114.857192,123,125,148
114.863190,123,127,152
114.867192,123,127,150
114.873192,124,127,151
114.877196,123,127,150
114.883192,123,128,150
114.887145,123,128,151
114.893192,123,126,151
114.897132,124,127,147
114.903193,124,127,145
114.907192,124,129,155
114.913192,123,126,148
114.917193,123,128,151
114.923193,123,127,154
114.927131,123,126,152
114.933197,123,127,147
114.937192,123,126,150
114.943192,123,127,155
114.947193,122,126,151
114.953193,122,127,154
114.957192,121,125,151
114.963190,122,126,152
114.967192,122,126,152
114.973192,122,126,156
114.977123,122,126,153
114.983193,122,127,150
114.987144,122,127,154
114.993194,122,126,154
114.997194,122,127,153
115.003194,121,125,152
115.007193,121,126,155
115.013193,121,127,153
115.017192,122,127,154
115.023194,123,127,155
115.027197,123,126,150
115.033197,123,127,149
115.037193,123,126,147
115.043194,123,126,150
115.047193,122,127,157
115.053195,122,127,155
115.057193,121,126,152
115.063192,121,126,156
115.067195,122,125,156
115.073194,122,126,152
115.077194,123,125,153
115.083195,123,125,155
115.087154,123,125,152
115.093194,124,126,150
115.097194,124,126,152
115.103195,123,126,154
115.107193,123,125,156
115.113194,123,125,155
115.117195,123,125,153
115.123158,123,127,154
115.127235,123,126,152
115.133244,124,126,150
115.137244,124,127,154
115.143245,123,127,154
115.147244,124,126,148
115.153243,124,126,150
115.157248,124,126,155
115.163242,123,129,154
115.167247,123,127,154
115.173242,123,125,151
115.177246,123,125,149
115.183245,123,128,154
115.187105,123,127,154
115.193201,123,126,150
115.197198,124,126,152
115.203202,123,126,158
115.207198,123,127,150
115.213192,123,126,151
115.217187,124,127,156
115.223195,125,125,150
115.227195,125,125,151
115.233197,125,126,149
115.237193,125,126,146
115.247192,125,128,155
115.250186,124,127,153
115.252195,123,127,152
115.263192,123,127,152
115.266186,122,127,152
115.268194,122,128,153
115.274193,123,128,154
115.278131,124,126,151
115.284195,125,127,147
115.288188,125,127,148
115.294194,124,126,152
115.298195,124,127,152
115.304196,124,127,154
115.308193,124,128,151
115.314187,124,126,147
115.317403,123,128,155
115.322463,123,127,154
115.328125,123,127,150
115.332195,124,125,148
115.338181,124,126,149
115.342193,123,127,150
115.348199,123,127,154
115.352198,123,127,152
115.358198,123,126,153
115.362195,124,128,154
115.368200,124,127,147
115.372200,124,127,146
115.378196,123,127,152
115.382200,123,127,152
115.388134,122,128,149
115.392199,122,128,151
115.398200,122,127,152
115.402199,123,128,153
115.408200,123,127,156
115.412192,124,126,152
115.418198,124,127,146
115.422189,123,127,152
115.428239,123,127,155
115.432204,122,126,152
115.438199,121,126,153
115.442200,122,124,150
115.448199,123,126,149
115.452199,123,127,153
115.458200,124,126,154
115.462204,124,126,150
115.468201,124,127,151
115.472201,124,126,152
115.478201,123,127,153
115.482202,122,127,152
115.488137,121,127,153
115.492193,121,127,158
115.498195,121,127,155
115.502198,121,126,150
115.508191,122,126,149
115.512132,123,128,157
115.518198,123,128,153
115.522196,124,126,150
115.528195,123,127,155
115.532203,123,126,150
115.538199,122,128,149
115.542200,122,127,156
115.548200,122,127,155
115.552200,122,126,150
115.558200,122,128,151
115.562122,123,127,154
115.568202,123,127,151
115.572201,124,127,148
115.578200,124,125,151
115.582200,124,128,154
115.588200,123,126,147
115.592195,123,127,149
115.598196,122,127,159
115.602199,122,127,154
115.609202,122,126,146
115.613197,122,125,150
115.619201,122,126,158
115.623145,122,127,154
115.629187,123,125,153
115.632203,124,126,151
115.638201,124,126,146
115.642202,124,127,149
115.648203,124,127,156
115.652202,124,127,156
115.658202,124,126,153
115.662243,123,125,150
115.668203,122,126,151
115.672203,121,127,157
115.678203,121,126,159
115.682196,122,126,150
115.688202,122,126,151
115.692190,123,127,155
115.698197,123,128,150
115.702208,124,127,150
115.708196,124,128,153
115.712205,124,127,149
115.718200,124,128,148
115.722199,123,128,151
115.728200,123,127,151
115.732205,123,128,153
115.738200,123,127,152
115.742199,124,126,151
115.748200,124,126,151
115.752199,124,124,144
115.758200,124,126,147
115.762198,125,126,155
115.768203,125,123,153
115.772202,125,124,145
115.778203,124,124,149
115.782195,124,124,157
115.788203,124,125,154
115.792189,124,124,150
115.798198,124,126,151
115.802203,123,127,151
115.808204,123,126,152
115.812202,123,126,153
115.818190,123,127,154
115.822202,122,127,154
115.828200,123,128,152
115.832204,123,127,153
115.838200,123,127,155
115.842200,124,127,152
115.848201,124,127,150
115.852200,124,128,146
115.858201,124,127,147
115.862200,123,128,153
115.868200,122,127,152
115.872201,121,128,153
115.878200,121,126,154
115.882193,121,126,150
115.888207,121,127,154
115.892200,121,126,159
115.898194,122,125,152
115.902201,122,126,149
115.908201,123,124,153
115.912201,123,124,153
115.918093,122,124,148
115.922094,122,126,155
115.928242,122,126,156
115.932254,123,126,145
115.938245,124,126,146
115.942250,124,126,156
115.948252,124,125,150
115.952249,124,126,147
115.958250,124,125,152
115.962249,124,126,152
115.968249,123,128,153
115.972253,123,128,158
115.978253,123,126,152
115.982244,123,126,148
115.988252,124,127,152
115.992245,123,125,148
115.998244,124,127,147
116.002250,123,126,150
116.008250,124,126,151
116.012250,124,127,148
116.018250,123,127,150
116.022249,123,126,154
116.028248,122,127,155
116.032256,122,127,152
116.038252,123,128,150
116.042252,122,128,154
116.048252,122,127,151
116.052251,122,127,153
116.058251,122,125,155
116.062250,123,125,153
116.068251,123,126,151
116.072250,124,125,152
116.079251,125,125,155
116.083251,125,124,152
116.089251,124,124,144
116.093251,124,126,152
116.099264,123,126,151
116.103257,121,125,150
116.108257,120,127,157
116.112250,119,127,160
116.118251,119,127,155
116.122254,120,127,155
116.128250,122,126,155
116.132257,123,127,150
116.138250,124,126,148
116.142252,124,125,153
116.148253,125,125,149
116.152253,124,126,150
116.158253,123,126,153
116.162252,122,127,150
116.168259,121,127,154
116.172252,121,127,157
116.178252,121,126,153
116.182246,123,127,146
116.188252,124,128,148
116.192250,125,127,151
116.198244,125,128,148
116.202245,125,128,151
116.208251,124,128,158
116.212255,123,126,151
116.218253,122,124,152
116.222252,121,125,160
116.228252,121,125,153
116.232256,122,125,153
116.238251,122,125,154
116.242251,122,124,147
116.248250,122,124,147
116.252257,122,127,157
116.258255,123,127,158
116.262255,124,127,155
116.268254,124,126,151
116.272253,124,125,155
116.278253,123,126,153
116.282241,123,125,153
116.288255,123,126,156
116.292253,123,127,149
116.298246,123,128,149
116.302248,123,127,150
116.308253,123,127,147
116.312252,123,128,153
116.318253,123,127,159
116.322251,124,128,150
116.328253,124,129,147
116.332256,124,128,149
116.338252,123,127,149
116.342251,122,128,152
116.348246,122,127,151
116.352254,122,126,153
116.358255,122,126,148
116.362255,123,124,152
116.368255,123,126,154
116.372254,124,126,153
116.378254,125,126,151
116.382248,125,125,147
116.388253,125,125,150
116.392252,125,125,152
116.398259,125,128,156
116.402249,125,126,147
116.408249,124,128,147
116.412239,123,128,150
116.418247,123,126,153
116.422256,122,126,156
116.428251,122,124,152
116.432246,122,126,154
116.438255,123,126,155
116.442256,124,125,153
116.448256,124,126,150
116.452255,124,128,153
116.458255,124,127,150
116.462254,123,128,152
116.468256,123,129,150
116.472253,122,125,147
116.479254,122,127,153
116.483252,122,126,151
116.489254,122,127,152
116.493252,122,127,152
116.499186,122,127,156
116.502252,122,127,155
116.508250,122,126,152
116.512255,122,127,152
116.526359,123,127,148
116.528239,123,127,149
116.530233,124,127,151
116.541166,124,126,148
116.543164,124,126,149
116.545153,123,126,152
116.549159,122,127,158
116.553164,121,128,157
116.559165,121,125,154
116.563163,122,124,154
116.569161,123,126,151
116.573156,123,126,148
116.579164,123,127,151
116.583162,123,125,150
116.589164,122,127,150
116.593165,121,126,156
116.599134,122,126,157
116.603165,123,125,148
116.609163,123,125,156
116.612165,123,124,158
116.617162,124,124,147
116.623072,124,125,150
116.627134,124,126,152
116.633130,124,126,145
116.637131,123,126,147
116.643132,122,127,152
116.647130,122,126,154
116.653131,121,126,152
116.657131,122,125,153
116.663132,122,126,158
116.667131,123,127,156
116.673132,124,126,147
116.677131,124,125,150
116.683129,124,125,155
116.687132,123,124,150
116.693127,123,127,147
116.697132,122,125,152
116.703103,122,125,155
116.707132,122,126,151
116.713165,122,126,157
116.717155,123,125,153
116.723164,123,124,147
116.727164,124,126,155
116.733163,124,125,155
116.737165,124,125,147
116.743164,123,127,153
116.747166,123,127,153
116.753167,122,125,152
116.757166,122,127,153
116.763166,122,126,152
116.767165,122,127,151
116.773169,122,126,155
116.777164,123,126,154
116.783164,124,125,148
116.787165,124,125,148
116.793166,123,126,150
116.797163,123,127,150
116.803133,123,126,154
116.807165,123,127,149
116.813162,123,126,143
116.817156,123,126,148
116.823166,123,124,157
116.827164,123,126,150
116.833162,123,125,148
116.837165,123,127,153
116.843166,122,126,153
116.847166,122,126,152
116.853167,123,126,158
116.857163,124,124,154
116.863164,124,127,147
116.867165,124,126,147
116.873164,124,124,154
116.877165,124,127,151
116.883161,123,124,147
116.887164,123,126,149
116.893165,122,128,157
116.897166,122,127,156
116.903175,122,127,152
116.907166,122,126,153
116.913166,123,128,151
116.917157,123,127,146
116.923166,123,128,155
116.927166,124,127,154
116.933163,124,128,151
116.937165,123,127,145
116.943165,122,128,150
116.947164,122,129,156
116.954165,122,125,153
116.958163,122,125,154
116.964165,122,126,152
116.968174,122,125,146
116.974166,122,126,149
116.978167,122,127,159
116.983162,123,124,150
116.987166,123,125,145
116.993165,123,126,150
116.997167,123,126,152
117.003136,123,126,151
117.007164,123,129,161
117.013166,122,126,153
117.017159,122,126,147
117.023167,122,125,150
117.027166,122,125,157
117.033172,123,127,151
117.037166,124,126,148
117.043166,124,127,148
117.047167,124,127,148
117.053167,123,127,155
117.057168,123,126,155
117.063166,123,126,152
117.067166,123,127,149
117.073167,122,128,149
117.077164,121,128,155
117.083155,121,128,155
117.087166,121,127,153
117.093166,121,126,153
117.097166,121,126,155
117.103132,122,127,154
117.107168,123,126,151
117.113166,124,125,152
117.117160,124,127,149
117.123078,124,125,150
117.127107,123,126,157
117.133172,123,125,150
117.137218,122,126,149
117.143212,121,125,156
117.147148,121,124,154
117.153211,121,125,152
117.157208,121,124,158
117.163208,122,124,157
117.167207,123,125,149
117.173208,123,126,152
117.177208,124,125,155
117.183206,124,125,154
117.187208,124,125,150
117.193210,124,124,153
117.197208,123,125,151
117.203150,123,125,147
117.207208,122,125,154
117.213208,121,126,160
117.217203,121,126,152
117.223208,122,125,152
117.227209,122,125,155
117.233205,123,125,152
117.237208,123,126,150
117.243208,124,127,151
117.247209,123,126,156
117.253219,124,127,156
117.257211,123,125,152
117.263209,124,127,149
117.267218,123,125,150
117.273209,123,127,157
117.277264,123,125,151
117.284254,124,127,151
117.288258,124,126,153
117.294258,124,125,145
117.298258,124,126,146
117.304253,124,126,156
117.308256,123,129,157
117.313256,123,126,147
117.317196,124,126,147
117.323261,124,124,151
117.327259,124,127,155
117.333173,124,126,150
117.337258,125,126,149
117.343259,124,125,147
117.347257,125,125,151
117.353258,124,125,154
117.357257,124,124,150
117.363257,124,125,149
117.367183,124,124,153
117.373256,124,124,152
117.377259,124,124,150
117.383260,124,127,151
117.387258,124,126,151
117.393259,124,126,150
117.397259,124,127,150
117.403267,123,126,151
117.407191,123,127,151
117.413263,124,127,152
117.417266,124,128,153
117.423256,124,126,151
117.427260,123,127,150
117.433227,123,125,151
117.437259,123,126,156
117.443261,124,126,150
117.447260,124,128,149
117.453260,124,127,152
117.457258,123,127,146
117.463260,123,128,150
117.467237,122,125,161
117.473264,122,126,155
117.477262,122,127,146
117.483258,122,127,156
117.487260,122,127,156
117.493262,123,127,151
117.497253,124,126,149
117.503252,124,124,147
117.507205,124,124,149
117.513260,124,125,152
117.517259,124,124,151
117.523260,124,126,152
117.527258,125,124,151
117.533258,125,125,151
117.537263,125,125,151
117.543259,125,125,156
117.547261,126,126,155
117.553263,126,123,147
117.557261,127,126,151
117.563261,126,127,153
117.567261,126,127,155
117.573261,126,128,153
117.577264,125,128,154
117.583265,125,127,154
117.587258,125,127,149
117.593258,125,128,149
117.597263,125,127,154
117.603258,125,127,154
117.607190,126,127,149
117.613263,126,127,149
117.617257,126,127,155
117.623188,126,128,152
117.627259,126,128,151
117.633260,126,127,156
117.637263,125,126,152
117.643221,125,127,153
117.647269,126,126,155
117.653257,126,126,153
117.657260,126,127,152
117.663261,126,126,149
117.667260,127,125,150
117.673261,127,126,151
117.677259,128,125,152
117.683260,128,125,153
117.688260,127,124,151
117.694260,126,125,151
117.698258,126,124,154
117.704261,126,126,155
117.708241,125,125,151
117.713257,126,126,149
117.717261,126,127,150
117.723203,127,127,150
117.727351,128,128,153
117.733240,128,127,152
117.737249,128,126,148
117.743166,128,127,152
117.747154,127,127,156
117.753258,127,126,151
117.757263,128,128,151
117.763264,128,128,154
117.767262,127,127,149
117.773263,127,127,146
117.777262,127,127,155
117.783263,127,127,155
117.787263,127,128,148
117.793263,126,126,148
117.797261,126,126,155
117.807129,126,127,156
117.810211,127,126,154
117.812216,128,125,155
117.822216,129,125,151
117.826217,129,125,151
117.828215,129,126,150
117.834206,128,126,153
117.838216,128,126,152
117.844216,127,126,148
117.848216,126,127,149
117.854208,126,126,156
117.858215,126,127,154
117.864218,126,126,151
117.868213,127,127,154
117.874220,128,127,152
117.878216,128,127,148
117.882216,129,126,151
117.888216,129,126,152
117.892216,129,126,150
117.898215,128,128,150
117.902218,127,126,151
117.908143,126,127,156
117.912210,125,125,156
117.918217,125,126,152
117.922217,126,126,149
117.928217,126,126,153
117.932215,127,126,156
117.938212,128,126,150
117.942216,129,127,152
117.948215,129,126,150
117.952135,128,127,147
117.958215,128,126,154
117.962216,127,126,155
117.968217,127,125,151
117.972216,126,127,150
117.978214,126,125,155
117.982217,126,126,152
117.988217,127,125,150
117.992215,127,125,154
117.998217,127,126,153
118.002214,127,126,149
118.008206,127,125,155
118.012212,127,126,154
118.018214,127,124,152
118.022212,126,125,152
118.028217,127,126,149
118.032216,126,127,151
118.038211,127,127,152
118.042216,127,127,150
118.048218,127,127,150
118.052244,127,127,147
118.058224,127,126,149
118.062216,126,127,153
118.068218,126,127,153
118.072217,126,127,152
118.078217,127,127,151
118.082217,127,126,152
118.088217,127,127,152
118.092217,128,127,150
118.098217,127,127,153
118.102217,127,126,150
118.108225,128,126,148
118.112211,128,126,152
118.118218,128,126,152
118.122211,128,126,148
118.128217,127,125,148
118.132217,126,126,154
118.138213,126,127,152
118.142216,126,126,150
118.148219,126,127,151
118.152217,127,126,150
118.158216,127,126,148
118.162217,128,127,147
118.168217,128,127,150
118.172217,128,128,154
118.178216,127,127,151
118.182217,127,126,149
118.188218,126,127,151
118.192218,126,126,154
118.198217,127,127,153
118.202217,127,127,151
118.208217,128,127,152
118.212210,127,127,147
118.218218,127,127,146
118.222209,127,127,153
118.228219,126,127,154
118.232219,125,128,150
118.238213,125,127,154
118.242217,125,127,155
118.248218,126,126,151
118.252218,127,127,153
118.258218,127,127,153
118.262217,127,126,150
118.268219,127,127,152
118.272219,127,125,155
118.278219,127,126,154
118.282218,127,126,150
118.288219,126,125,154
118.292218,126,126,154
118.298219,125,125,151
118.302208,125,125,155
118.308217,125,124,151
118.312209,126,125,154
118.318216,126,126,154
118.322213,126,126,153
118.328646,127,127,155
118.332102,126,126,151
118.338104,126,126,152
118.342103,126,126,156
118.348108,126,126,155
118.352108,127,125,152
118.358107,127,126,149
118.362107,127,126,155
118.368108,127,127,150
118.372107,127,126,151
118.378107,126,126,155
118.382107,127,126,152
118.388108,127,127,152
118.392107,126,127,155
118.398108,126,127,155
118.402109,126,126,151
118.408106,127,127,157
118.412106,127,127,153
118.418106,127,128,149
118.422106,127,130,155
118.428108,127,128,151
118.432108,127,129,150
118.439111,127,128,152
118.443107,128,127,150
118.449108,128,128,149
118.453109,128,127,150
118.459109,128,126,152
118.462102,127,127,151
118.468108,127,126,151
118.472109,127,125,155
118.478108,127,125,150
118.482109,127,125,151
118.488108,128,126,156
118.492108,128,125,150
118.498103,128,125,150
118.502109,129,125,153
118.508217,129,124,150
118.512149,129,124,148
118.518219,129,124,154
118.522214,128,125,154
118.528219,127,125,149
118.532219,126,126,155
118.538215,126,126,157
118.542219,126,126,152
118.548219,126,126,151
118.552219,127,126,154
118.558221,126,128,154
118.562221,127,127,153
118.568218,127,127,153
118.572221,127,126,156
118.578220,127,125,151
118.582219,128,126,151
118.588213,128,127,155
118.592214,128,127,155
118.598221,128,128,151
118.602220,128,126,148
118.608221,128,126,155
118.612125,127,126,151
118.618214,126,127,147
118.622217,126,127,152
118.628220,126,126,156
118.632221,126,125,148
118.638219,127,125,147
118.642219,127,125,152
118.648221,128,126,150
118.652222,128,127,149
118.658220,129,127,154
118.662219,128,126,151
118.668220,128,127,144
118.672219,127,126,148
118.678220,128,126,152
118.682220,127,126,152
118.688217,127,127,146
118.692220,127,127,145
118.698221,127,129,150
118.702220,127,129,156
118.708220,127,128,148
118.712221,127,127,145
118.718208,127,127,151
118.722213,127,128,151
118.728218,127,126,149
118.732222,128,127,156
118.738219,128,128,150
118.742220,128,126,147
118.748221,128,128,151
118.752221,128,126,152
118.758221,128,128,149
118.762220,127,127,151
118.768223,128,126,150
118.772221,127,125,144
118.779222,127,126,153
118.783221,126,123,155
118.789217,126,124,148
118.793221,126,125,156
118.799222,126,125,155
118.802213,126,126,151
118.808222,126,124,151
118.812222,127,125,149
118.818221,127,126,148
118.822157,127,125,152
118.828222,127,125,152
118.832222,126,125,149
118.838230,126,124,155
118.842222,126,125,156
118.848223,125,125,145
118.852221,126,127,153
118.858222,126,128,156
118.862222,126,127,150
118.868223,126,128,152
118.872215,126,125,152
118.878214,125,128,153
118.882219,125,128,155
118.888159,125,127,155
118.892221,125,127,155
118.898219,125,129,152
118.902218,125,127,154
118.908226,125,127,152
118.912219,126,127,156
118.918219,126,127,155
118.922236,126,127,149
118.928163,126,129,151
118.932128,125,127,156
118.938078,125,128,156
118.942112,125,128,156
118.948141,125,127,153
118.952144,125,126,151
118.958141,126,127,153
118.962140,126,126,155
118.968139,127,125,152
118.972135,127,125,149
118.978141,127,124,152
118.982141,127,124,153
118.988137,127,124,159
118.992140,126,124,155
118.998139,126,124,154
119.002140,127,125,156
119.008141,127,125,152
119.012140,128,125,153
119.018140,128,125,152
119.022137,127,126,150
119.028145,127,127,151
119.032141,127,127,153
119.038143,127,128,151
119.042141,127,127,147
119.048143,127,127,153
119.052140,127,128,157
119.058135,127,127,150
119.062141,127,127,152
119.068142,127,127,154
119.072145,127,128,148
119.086141,129,128,151
119.088140,129,128,154
119.090134,129,128,147
119.101142,128,130,149
119.103138,128,129,155
119.105132,128,127,155
119.109141,128,130,149
119.113142,127,127,149
119.119140,128,127,153
119.123090,128,126,151
119.129173,128,125,150
119.133178,128,126,152
119.139180,128,126,149
119.143176,127,126,151
119.149177,127,125,152
119.153177,127,126,154
119.159171,127,126,153
119.163182,127,126,150
119.167269,128,126,152
119.173265,129,126,155
119.177269,129,125,151
119.183275,129,126,150
119.187268,128,127,151
119.193271,128,126,154
119.197270,127,128,153
119.203271,127,127,150
119.208270,127,128,151
119.214269,127,128,151
119.218273,126,129,149
119.224255,126,128,150
119.228268,126,128,156
119.233272,126,127,156
119.237283,127,127,148
119.243273,128,127,147
119.247270,128,127,149
119.253271,128,128,147
119.257262,127,127,151
119.263270,127,128,155
119.267270,127,126,149
119.273265,127,128,148
119.277273,127,124,150
119.283273,127,125,157
119.287271,126,126,153
119.293272,126,125,150
119.297271,126,127,151
119.303271,126,125,154
119.307282,127,126,151
119.313273,127,124,145
119.317277,128,125,149
119.323272,128,126,154
119.327195,126,126,153
119.333277,125,124,154
119.337274,125,126,156
119.343274,125,124,155
119.347272,126,126,152
119.353272,126,125,150
119.357263,127,126,152
119.363272,127,127,150
119.367271,127,127,151
119.373267,128,127,152
119.377274,127,127,147
119.383271,126,127,152
119.387274,125,127,154
119.393274,124,127,155
119.397273,124,127,155
119.403274,125,126,153
119.407273,125,127,149
119.413278,127,128,154
119.417272,128,126,156
119.423208,128,126,144
119.427189,128,127,142
119.433271,127,127,150
119.437275,126,127,152
119.443277,126,127,153
119.447265,126,124,153
119.453266,125,126,149
119.457269,125,126,150
119.463275,125,125,155
119.467273,126,126,156
119.473221,127,127,151
119.477276,128,127,151
119.483273,128,127,147
119.487276,127,127,150
119.493271,126,126,155
119.497261,126,126,152
119.503267,126,126,153
119.507202,127,127,155
119.513275,128,125,152
119.517274,127,127,151
119.523186,127,126,151
119.527143,126,127,151
119.533145,126,127,159
119.537132,126,126,157
119.543133,126,127,147
119.547171,126,127,151
119.553176,126,127,157
119.557173,126,125,154
119.563177,126,125,152
119.567176,126,125,151
119.573182,127,126,150
119.577177,128,128,153
119.583177,128,126,153
119.587177,128,126,153
119.593176,127,126,152
119.597179,126,126,152
119.603179,125,127,156
119.607180,126,126,155
119.613179,126,127,153
119.617179,126,127,149
119.623134,127,128,151
119.627173,127,128,152
119.633226,127,128,153
119.637277,128,128,155
119.643271,128,127,150
119.647273,128,127,147
119.653274,127,128,155
119.657278,126,126,154
119.663274,127,126,153
119.667272,127,126,154
119.673273,127,126,153
119.677272,126,127,151
119.683277,126,126,151
119.687267,127,126,162
119.693320,127,126,152
119.697274,127,126,148
119.703276,128,127,152
119.708270,128,126,157
119.714275,128,125,153
119.718274,128,125,152
119.724269,128,126,153
119.728259,128,125,149
119.733268,127,127,152
119.737261,127,126,153
119.743273,127,125,152
119.747276,127,127,150
119.753275,127,126,148
119.757183,127,128,150
119.763200,127,127,152
119.767274,127,127,153
119.773275,127,127,152
119.777275,129,127,150
119.783274,129,125,148
119.787273,129,126,144
119.793274,128,127,151
119.797278,128,127,156
119.803273,127,126,151
119.807281,128,126,144
119.813272,128,128,147
119.817276,128,128,153
119.823276,127,126,153
119.827274,127,125,147
119.833274,127,126,150
119.837277,126,127,153
119.843273,127,127,152
119.847276,128,126,148
119.853272,129,126,150
119.857297,129,126,151
119.863277,129,126,147
119.867276,128,125,147
119.873276,128,127,156
119.877275,127,126,152
119.883275,127,125,147
119.887275,127,125,151
119.893273,127,126,152
119.897278,127,127,152
119.903277,127,127,150
119.907276,126,127,152
119.913275,126,127,153
119.917274,125,127,153
119.923276,125,127,152
119.927276,125,128,153
119.933276,125,127,153
119.937274,125,126,149
119.943275,126,127,150
119.947278,127,128,154
119.953278,127,128,147
119.957278,128,127,146
119.963277,128,128,149
119.967276,128,126,150
119.973276,127,129,146
119.977275,126,127,147
119.983275,126,128,153
119.987273,125,125,150
119.993269,125,126,150
119.997278,126,126,151
120.003279,126,127,150
120.007277,127,126,151
120.013274,128,125,148
120.017278,129,126,149
120.023189,128,126,145
120.027226,128,125,147
120.033272,127,125,147
120.037276,126,126,154
120.043278,125,128,155
120.047275,125,127,149
120.053276,125,127,148
120.057274,125,127,152
120.063273,125,128,153
120.067277,125,128,150
120.073278,127,126,144
120.077276,128,127,146
120.083277,129,126,154
120.087275,128,127,158
120.093270,126,125,151
120.097275,125,124,157
120.103275,124,124,162
120.107274,124,123,158
120.113275,124,127,155
120.117278,125,127,159
120.123150,126,128,151
120.127159,126,129,149
120.134277,126,127,157
120.138176,127,127,158
120.144194,126,125,145
120.148186,126,124,149
120.154184,126,126,155
120.157186,125,126,151
120.163189,126,125,152
120.167186,125,125,152
120.173184,125,124,151
120.177186,125,127,159
120.183185,125,126,159
120.187186,125,126,150
120.193180,125,126,152
120.197186,125,125,154
120.203185,125,128,155
120.207186,126,127,155
120.213188,126,127,155
120.217185,126,125,152
120.223084,127,126,155
120.227110,126,126,158
120.233221,126,126,156
120.237225,126,125,158
120.243235,126,124,156
120.247231,127,123,151
120.253231,127,124,148
120.257231,126,125,147
120.263231,126,126,151
120.267230,127,126,152
120.273233,128,124,159
120.277223,128,126,154
120.283231,129,126,150
120.287232,128,127,152
120.293225,130,127,160
120.297232,131,126,160
120.303232,131,126,153
120.307232,130,126,146
120.313231,129,128,148
120.317224,128,126,154
120.323232,126,127,151
120.327232,125,125,147
120.333226,124,126,149
120.337227,125,126,152
120.343235,126,126,152
120.347232,128,128,155
120.353231,129,126,153
120.357231,129,126,148
120.367232,128,126,148
120.369221,128,127,156
120.372231,129,126,159
120.382232,129,126,151
120.386232,129,126,145
120.388232,129,127,151
120.394226,128,127,155
120.398232,128,127,156
120.405232,128,126,156
120.409236,128,125,149
120.415232,128,125,147
120.419231,127,126,155
120.425231,128,126,160
120.429233,128,126,155
120.434227,128,127,146
120.437225,128,128,148
120.442229,126,127,149
120.450233,126,126,152
120.453232,126,127,160
120.458233,125,127,152
120.462231,126,127,144
120.468232,126,128,148
120.472232,127,126,156
120.478226,127,127,153
120.482231,127,126,150
120.488232,128,126,149
120.492232,128,128,151
120.498235,128,129,151
120.502231,128,128,154
120.508228,127,127,150
120.512237,126,127,147
120.518232,125,127,151
120.522233,124,128,158
120.528231,124,128,156
120.532233,125,128,151
120.538225,126,127,151
120.542230,127,126,152
120.548231,128,126,150
120.552233,128,126,149
120.558233,128,125,153
120.562225,128,125,153
120.568290,128,124,148
120.572278,127,125,151
120.578279,126,126,151
120.582279,125,126,151
120.588281,126,128,152
120.592281,125,127,157
120.598279,125,127,152
120.602280,125,128,146
120.608284,126,126,152
120.612283,127,126,152
120.618281,128,126,150
120.622275,128,127,152
120.628274,127,125,148
120.632278,127,125,150
120.638271,127,126,158
120.642278,127,126,157
120.648281,127,127,147
120.652279,126,128,147
120.658279,125,127,152
120.662270,125,127,155
120.668280,125,128,156
120.672283,125,127,151
120.678273,126,128,144
120.682278,126,128,153
120.688277,126,127,155
120.692273,127,127,152
120.698282,127,127,152
120.702281,128,127,149
120.708282,128,127,152
120.712283,127,126,153
120.718284,126,126,151
120.722283,126,126,150
120.728233,126,127,151
120.732160,127,127,150
120.738268,127,126,152
120.742276,127,126,153
120.748282,127,127,147
120.752281,127,125,145
120.758281,127,128,154
120.762273,126,126,154
120.768282,126,128,153
120.772281,126,127,152
120.778276,127,126,151
120.782280,127,125,153
120.788281,127,127,152
120.792279,127,126,153
120.798280,126,128,155
120.802284,127,126,149
120.808284,127,126,150
120.812282,128,127,153
120.818282,128,127,151
120.822281,127,127,148
120.828283,128,126,152
120.832282,127,126,158
120.838274,127,127,150
120.842282,127,126,153
120.848281,127,127,159
120.852284,127,125,152
120.858281,127,127,150
120.862279,128,127,152
120.868280,127,127,151
120.872283,127,127,148
120.878278,127,128,148
120.882282,127,127,152
120.888278,127,127,157
120.892273,126,126,148
120.898282,126,127,153
120.902285,126,127,160
120.908281,126,126,152
120.912285,127,126,148
120.918285,128,125,152
120.922283,128,126,153
120.928284,128,127,147
120.932283,127,125,151
120.938277,127,126,156
120.942274,126,125,147
120.948284,126,126,150
120.952283,126,126,155
120.958283,127,126,154
120.962277,127,126,153
120.968282,127,125,152
120.972281,127,126,151
120.978276,127,126,150
120.982285,127,127,154
120.988286,128,127,152
120.992279,127,127,147
120.998282,127,127,150
121.002281,127,126,152
121.008281,127,127,153
121.012280,127,126,153
121.018280,127,125,152
121.023285,126,125,149
121.029276,126,125,152
121.033285,127,125,155
121.039204,127,126,153
121.043284,128,126,147
121.048283,128,126,147
121.052283,128,127,153
121.058284,128,126,150
121.062280,127,127,151
121.068286,126,126,153
121.072285,125,126,152
121.078275,126,126,152
121.082283,126,126,151
121.088285,127,125,154
121.092282,127,127,151
121.098284,128,126,145
121.102283,128,126,153
121.108283,128,125,153
121.112281,127,127,152
121.118282,127,127,151
121.122285,127,125,153
121.128280,126,126,152
121.132283,125,127,151
121.138284,126,127,153
121.142281,127,127,153
121.148284,128,127,145
121.152283,128,127,146
121.158287,128,127,150
121.162277,127,127,151
121.168282,126,127,150
121.172286,126,126,153
121.178272,126,126,151
121.182277,126,126,152
121.188285,126,124,154
121.192284,126,125,154
121.198285,127,126,152
121.202282,127,126,152
121.208284,128,127,151
121.212278,128,125,151
121.218283,127,126,154
121.222282,127,125,153
121.228292,127,126,152
121.232287,127,126,152
121.238282,126,126,156
121.242172,126,126,156
121.248283,125,125,151
121.252286,126,124,155
121.258282,126,126,154
121.262279,126,125,152
121.268284,126,126,151
121.273284,126,126,154
121.279280,126,127,153
121.283284,127,126,152
121.289285,127,127,152
121.293284,127,126,153
121.298286,127,126,151
121.302287,127,126,152
121.308283,127,126,154
121.312282,127,125,154
121.318282,126,126,150
121.322286,126,127,149
121.328203,126,127,157
121.332255,126,126,154
121.338270,126,127,149
121.342270,126,129,149
121.348292,126,127,151
121.352287,126,127,150
121.358284,126,126,154
121.364284,128,127,154
121.367278,128,126,147
121.372281,128,127,147
121.378291,128,128,150
121.382285,128,126,154
121.388286,128,127,155
121.392284,127,127,148
121.398284,127,126,149
121.402284,127,126,153
121.408285,127,125,154
121.412275,127,127,151
121.418284,128,126,147
121.422287,129,127,151
121.428261,129,127,151
121.432286,128,126,149
121.438282,128,126,152
121.442276,128,125,152
121.448290,128,126,151
121.452285,128,124,152
121.458285,128,126,150
121.462290,128,125,151
121.468280,127,126,152
121.472284,127,126,153
121.478285,128,127,151
121.482279,128,127,151
121.488290,128,127,147
121.492287,128,126,149
121.498280,128,126,152
121.502286,128,127,152
121.508282,128,126,149
121.512223,128,128,149
121.518285,128,126,151
121.522285,127,127,155
121.528286,127,127,152
121.532284,127,127,151
121.538284,127,127,153
121.542277,127,127,152
121.548181,127,127,152
121.552290,128,126,153
121.558287,128,125,150
121.562199,128,126,147
121.568288,129,126,151
121.572285,128,126,151
121.578291,127,126,151
121.582287,126,126,152
121.588287,126,126,153
121.592286,127,127,155
121.598279,127,127,151
121.602286,127,127,151
121.608286,128,127,157
121.612294,128,126,152
121.618285,128,127,146
121.622280,128,128,154
121.628289,127,126,154
121.632288,126,125,149
121.646285,125,125,156
121.648288,126,124,155
121.649280,127,126,153
121.652286,128,125,154
121.662266,129,125,154
121.664287,129,125,154
121.669286,129,124,151
121.673286,129,125,150
121.679193,129,126,145
121.683285,127,125,152
121.689285,126,126,155
121.693284,125,126,151
121.699291,125,126,149
121.703291,126,126,156
121.709286,127,127,153
121.713277,128,126,150
121.717283,129,127,152
121.723284,130,126,151
121.727287,130,126,152
121.734285,129,126,151
121.738288,129,126,150
121.744273,128,127,150
121.748283,127,127,151
121.754280,126,124,150
121.757279,126,127,153
121.763283,127,127,152
121.767287,127,126,152
121.773287,128,126,148
121.777287,128,126,153
121.783286,129,127,155
121.787290,128,127,150
121.793290,128,128,152
121.797283,128,127,155
121.803289,128,127,155
121.807289,128,126,152
121.813292,128,126,150
121.817288,128,126,151
121.823284,129,126,150
121.827198,129,127,151
121.833238,129,127,153
121.837291,128,127,154
121.843205,128,126,151
121.847209,127,125,152
121.853290,126,127,157
121.857288,126,127,156
121.863296,125,126,156
121.867294,126,127,157
121.873293,127,127,153
121.877287,127,126,151
121.883288,128,125,152
121.887293,129,126,152
121.893285,129,126,156
121.897284,129,126,152
121.903289,128,125,151
121.907288,127,125,154
121.913197,127,125,161
121.917287,127,126,155
121.923288,128,123,149
121.927286,129,124,150
121.933287,129,126,153
121.937290,129,126,150
121.943291,129,128,152
121.947208,129,125,149
121.953289,129,126,151
121.957289,128,126,151
121.963305,128,127,152
121.967288,129,126,153
121.973289,129,126,148
121.977288,129,127,150
121.983290,129,128,153
121.987289,129,126,149
121.993290,129,126,147
121.997283,129,127,150
122.003289,129,128,153
122.007288,128,129,149
122.013309,128,127,150
122.017292,127,128,153
122.023288,127,126,153
122.027291,128,128,153
122.033291,130,125,152
122.037289,130,127,148
122.043161,131,126,148
122.047177,131,127,151
122.053242,131,126,149
122.057241,131,126,149
122.063242,129,126,152
122.067242,128,126,151
122.073241,128,126,153
122.077241,128,125,156
122.083240,128,126,154
122.087240,128,126,147
122.093242,128,127,152
122.097245,128,126,155
122.103240,129,125,154
122.107242,128,125,151
122.113202,128,125,149
122.117243,128,126,153
122.123171,128,127,155
122.127288,127,126,153
122.133288,127,126,151
122.137292,127,126,149
122.143292,127,127,151
122.147224,127,128,157
122.153291,128,125,153
122.157290,129,126,148
122.163291,129,126,145
122.167291,128,126,150
122.173292,128,127,154
122.177291,127,127,154
122.183286,127,127,154
122.187291,126,127,153
122.193289,126,127,152
122.198289,127,127,152
122.204291,128,128,151
122.208367,128,127,153
122.214298,129,127,147
122.218291,129,126,145
122.223291,129,127,151
122.227291,129,126,154
122.233290,128,126,150
122.237289,128,125,148
122.243290,127,127,150
122.247209,127,127,152
122.253289,127,127,151
122.257292,127,127,153
122.263292,127,126,152
122.267292,127,126,150
122.273291,128,128,151
122.277292,129,127,153
122.283288,129,127,150
122.287292,129,127,149
122.293292,129,127,152
122.297318,129,126,154
122.303291,128,126,152
122.307290,127,126,156
122.313290,127,126,154
122.317294,127,125,153
122.323290,128,125,153
122.327284,128,125,149
122.333284,129,126,151
122.337288,129,126,154
122.343289,129,126,149
122.347189,129,126,149
122.353249,128,126,152
122.357242,128,126,154
122.363242,128,126,155
122.367243,128,125,153
122.373243,127,126,151
122.377239,127,127,153
122.383240,128,125,152
122.387244,130,125,150
122.393243,130,126,150
122.397243,129,126,151
122.403243,128,124,149
122.407243,128,126,153
122.413244,128,126,157
122.417244,128,126,154
122.423244,127,127,145
122.427243,127,127,148
122.433239,128,127,158
122.437243,128,127,153
122.443241,129,127,146
122.447271,130,128,146
122.453243,130,128,149
122.457244,129,128,152
122.463245,128,126,153
122.467293,127,126,157
122.473291,127,126,154
122.477290,127,127,149
122.483290,128,126,152
122.487294,130,125,152
122.493291,131,125,150
122.498225,131,126,147
122.504287,131,126,153
122.508285,129,127,155
122.514289,128,126,152
122.518290,127,124,153
122.523291,127,126,155
122.527295,126,124,154
122.533289,126,125,150
122.537293,127,124,154
122.543294,128,126,152
122.547294,130,127,154
122.553289,131,127,148
122.557292,130,125,152
122.563292,129,127,154
122.567295,128,124,155
122.573290,128,124,157
122.577294,127,125,155
122.583290,127,126,147
122.587294,127,126,153
122.593293,127,126,156
122.597292,128,127,154
122.603294,129,128,149
122.607292,129,129,152
122.613292,129,128,150
122.617286,128,128,152
122.623236,128,126,157
122.627294,128,127,152
122.633287,128,124,150
122.637291,127,126,154
122.643290,127,124,156
122.647290,128,127,153
122.653289,129,125,149
122.657294,130,126,147
122.663293,130,127,147
122.667293,129,127,152
122.673292,128,126,157
122.677292,128,126,152
122.683287,129,124,152
122.687291,129,125,152
122.693292,128,126,150
122.697290,129,127,153
122.703300,129,125,151
122.707296,129,127,152
122.713291,130,127,152
122.717286,129,127,149
122.723295,129,126,146
122.727295,129,126,150
122.733289,128,127,154
122.737293,129,126,152
122.743293,129,126,148
122.747293,129,125,148
122.753277,129,126,152
122.757290,129,127,154
122.763296,129,126,151
122.767295,129,128,150
122.773296,129,127,148
122.777294,128,127,152
122.783289,128,127,152
122.787293,128,127,152
122.794294,129,127,149
122.798293,128,127,150
122.804297,128,126,154
122.808295,128,127,150
122.814291,129,126,152
122.817286,129,128,155
122.823294,129,128,150
122.827294,128,127,150
122.833288,128,126,152
122.837292,128,126,154
122.843294,128,126,153
122.847297,128,127,152
122.853287,128,127,152
122.857295,129,127,149
122.863296,129,127,152
122.867293,128,127,153
122.873294,128,127,150
122.877293,128,128,150
122.883293,128,125,153
122.887297,128,127,155
122.893292,128,126,153
122.897296,128,127,153
122.903287,128,126,150
122.907167,128,124,154
122.913296,127,125,155
122.917287,127,125,151
122.927297,128,127,150
122.929286,128,127,152
122.932293,129,127,153
122.942297,129,126,153
122.946235,128,125,152
122.948293,128,125,149
122.954289,128,126,152
122.958291,128,126,159
122.964292,127,126,153
122.968296,127,127,148
122.974296,128,126,147
122.978295,129,127,151
122.984295,129,127,155
122.988295,129,126,151
122.994294,129,127,151
122.998293,128,128,153
123.002288,127,127,157
123.008297,127,127,153
123.012295,128,126,147
123.018291,128,126,152
123.022295,129,126,151
123.028308,130,126,150
123.032294,131,126,149
123.038295,131,126,150
123.042294,129,126,150
123.048294,128,127,152
123.052296,128,126,154
123.058294,127,126,153
123.062297,127,126,151
123.068294,129,125,151
123.072296,130,126,153
123.078297,129,126,150
123.082296,129,126,148
123.088301,129,126,153
123.092295,130,125,157
123.098296,129,126,153
123.102290,129,126,150
123.108299,128,126,154
123.112292,128,126,152
123.118292,129,124,154
123.122297,129,125,152
123.128298,129,124,149
123.132296,128,126,151
123.138299,129,126,156
123.142298,129,126,156
123.148300,128,126,145
123.152307,128,126,148
123.158293,128,127,157
123.162300,127,126,158
123.168298,128,126,153
123.172296,129,124,155
123.178297,130,126,151
123.182296,129,126,147
123.188296,129,128,154
123.192292,128,125,155
123.198288,128,125,148
123.202290,129,127,152
123.208295,129,126,152
123.212294,128,125,152
123.218289,127,127,150
123.222297,127,125,157
123.228298,127,125,157
123.232297,128,126,147
123.238297,129,127,146
123.242296,130,128,152
123.248298,130,127,152
123.252296,130,127,153
123.258288,129,126,153
123.262295,128,126,150
123.268298,128,126,152
123.272295,128,126,154
123.278297,128,125,155
123.282295,128,126,154
123.288300,128,126,150
123.292298,129,126,152
123.298299,129,126,156
123.302293,129,124,153
123.308298,130,124,151
123.312296,130,125,151
123.318290,130,125,151
123.322296,129,127,152
123.328297,128,126,155
123.332301,127,126,153
123.338296,127,126,152
123.342299,127,127,155
123.348295,127,126,154
123.352298,128,127,149
123.358291,128,127,154
123.362297,129,126,154
123.368294,129,127,149
123.372297,129,126,150
123.378297,129,126,154
123.382296,128,126,151
123.388298,128,127,152
123.392297,128,126,157
123.398296,127,127,151
123.402296,128,126,151
123.408301,129,125,152
123.412295,129,126,152
123.418295,129,128,147
123.422299,129,128,152
123.428300,129,125,155
123.432298,129,126,150
123.438299,128,126,150
123.442298,128,126,155
123.449293,128,125,152
123.453298,128,128,151
123.459298,129,125,153
123.463297,129,127,150
123.469293,129,128,145
123.473296,130,126,150
123.478300,130,128,156
123.482290,129,127,150
123.488300,128,126,148
123.492304,128,127,153
123.498290,128,126,154
123.502291,128,128,155
123.508293,128,126,154
123.512299,128,126,151
123.518295,129,126,147
123.522299,130,127,152
123.528300,130,126,151
123.532298,131,127,148
123.538299,130,125,148
123.542298,130,126,147
123.548294,129,126,152
123.552297,128,126,153
123.558294,127,125,150
123.562296,127,125,154
123.568296,128,126,154
123.572300,128,126,151
123.578300,129,126,151
123.582299,130,126,149
123.588299,131,124,150
123.592298,130,125,150
123.598299,130,126,152
123.602293,128,126,149
123.608298,128,126,149
123.612298,128,125,153
123.618306,127,126,153
123.622291,127,128,151
123.628300,128,128,148
123.632299,129,128,150
123.638299,130,127,150
123.642298,129,126,151
123.648293,127,127,152
123.652293,127,124,151
123.658292,127,126,155
123.662291,127,125,156
123.668288,128,126,152
123.672295,128,126,149
123.678296,129,125,150
123.682300,130,126,155
123.688300,130,126,152
123.692299,129,127,151
123.698299,128,126,151
123.702294,127,125,155
123.708298,126,124,159
123.712296,125,125,152
123.718210,125,126,150
123.722297,125,126,153
123.728297,127,127,155
123.732300,128,126,152
123.738296,130,126,152
123.743299,130,126,147
123.747298,129,126,144
123.753295,129,125,153
123.757284,129,126,159
123.764284,128,125,152
123.768293,128,125,146
123.774292,128,125,151
123.778302,128,128,156
123.784293,127,128,151
123.788291,128,128,151
123.793302,129,127,149
123.797300,129,128,147
123.803297,129,126,149
123.807301,129,126,155
123.813301,128,126,153
123.817299,128,125,151
123.823300,128,126,153
123.827298,128,125,152
123.833299,128,126,150
123.837294,128,126,151
123.843299,129,125,153
123.847302,129,128,152
123.853297,129,127,151
123.857301,129,126,154
123.863301,128,126,155
123.867219,127,125,151
123.873301,127,127,156
123.877299,127,127,156
123.883305,128,126,153
123.887298,128,126,153
123.893303,129,124,152
123.897303,129,127,152
123.903295,130,126,152
123.907303,129,127,155
123.913299,129,126,153
123.917303,128,126,148
123.923303,127,126,154
123.927302,127,127,153
123.933303,128,127,153
123.937292,129,127,150
123.943301,129,126,152
123.947300,129,127,152
123.953297,129,126,154
123.957300,129,128,151
123.963304,129,128,151
123.967222,128,127,152
123.973301,127,126,153
123.977300,126,127,153
123.983299,127,126,155
123.987298,128,126,155
123.993298,129,126,149
123.997303,130,126,150
124.003299,129,126,150
124.007302,129,128,152
124.013303,129,127,150
124.017302,129,127,155
124.023302,128,126,154
124.027302,128,126,153
124.033303,127,126,155
124.037293,128,125,153
124.043302,128,125,155
124.047300,128,125,150
124.053297,129,125,150
124.057295,130,125,153
124.063301,131,126,152
124.067165,131,126,152
124.073257,130,126,148
124.077253,129,126,147
124.083253,128,126,153
124.087253,128,126,159
124.093254,127,126,152
124.097254,127,127,150
124.103251,128,127,151
124.107255,128,128,151
124.113253,129,128,150
124.117255,130,127,149
124.123184,131,126,150
124.127302,130,126,148
124.133302,129,124,149
124.137295,129,126,154
124.143304,128,125,151
124.147303,128,126,147
124.154299,129,125,150
124.158304,129,125,153
124.164303,129,127,153
124.168243,130,128,152
124.174298,131,126,150
124.178302,130,126,147
124.183302,129,125,147
124.187299,128,126,153
124.193304,128,124,156
124.197304,128,125,152
124.207304,129,125,150
124.209298,128,124,147
124.212303,128,124,153
124.222297,129,124,155
124.226306,128,125,151
124.228303,128,126,151
124.234303,128,126,153
124.238298,128,124,150
124.244303,128,126,153
124.248302,128,125,153
124.254296,128,127,148
124.258304,129,129,148
124.264305,129,125,150
124.268275,129,126,152
124.274300,129,125,152
124.278304,128,125,148
124.282301,128,124,149
124.288303,127,125,156
124.292307,127,124,157
124.298307,127,125,151
124.302305,128,124,149
124.308305,128,125,149
124.312300,128,125,153
124.318305,128,126,150
124.322294,129,127,153
124.328303,129,127,148
124.332305,129,125,148
124.338301,128,126,151
124.342305,128,124,155
124.348300,128,125,152
124.352305,127,125,151
124.358306,127,125,152
124.362306,126,124,155
124.368316,126,125,153
124.372297,127,126,153
124.378302,128,128,157
124.382305,128,126,152
124.388301,129,126,149
124.392305,130,126,154
124.398306,129,125,153
124.402304,129,127,150
124.408304,129,126,150
124.412303,129,126,151
124.418306,129,126,150
124.422299,128,127,150
124.428305,127,128,154
124.432308,127,128,154
124.438300,127,126,152
124.442304,126,125,153
124.448303,126,126,152
124.452307,127,127,155
124.458302,128,126,153
124.462306,129,125,149
124.468306,131,125,151
124.472297,131,127,152
124.478306,130,125,147
124.482304,130,127,153
124.488306,128,126,157
124.492305,127,125,156
124.499306,126,126,154
124.503301,126,125,152
124.509300,127,124,155
124.513303,127,125,153
124.519299,128,126,155
124.522294,129,126,153
124.528303,129,127,149
124.532305,129,127,152
124.538306,128,127,156
124.542305,128,127,156
124.548307,128,126,153
124.552306,129,126,153
124.558303,129,126,154
124.562306,130,126,149
124.568306,131,126,149
124.572298,131,126,150
124.578306,130,127,151
124.582304,128,128,150
124.588299,127,127,150
124.592304,126,127,153
124.598304,125,127,155
124.602303,126,126,155
124.608305,127,125,153
124.612304,128,127,155
124.618304,129,125,151
124.622294,130,126,154
124.628304,130,126,152
124.632298,130,126,152
124.638294,130,128,151
124.642306,129,125,152
124.648306,129,125,155
124.654240,129,126,151
124.657304,128,127,151
124.662304,129,125,153
124.668305,129,125,148
124.672295,129,126,151
124.678305,130,127,152
124.682308,130,126,153
124.688297,129,126,151
124.692303,129,127,152
124.698303,128,126,154
124.702307,128,126,152
124.708307,128,127,152
124.712307,128,125,154
124.718306,129,125,149
124.722304,130,126,148
124.728305,130,126,150
124.732307,131,125,150
124.738298,130,125,151
124.742306,129,125,152
124.748307,128,125,150
124.752307,127,125,151
124.758306,128,125,154
124.762305,128,127,148
124.768306,128,126,148
124.772287,129,127,146
124.778300,130,127,148
124.782304,132,128,150
124.788300,132,127,150
124.792309,131,127,145
124.798305,129,126,148
124.802309,127,126,158
124.808309,126,125,159
124.812307,125,126,156
124.818313,126,124,154
124.822301,127,124,147
124.828307,129,125,144
124.832306,131,126,150
124.838310,131,125,151
124.843305,131,125,145
124.847308,129,124,147
124.853310,128,125,153
124.858309,126,125,154
124.864309,125,126,152
124.868308,125,124,158
124.874300,126,126,154
124.878302,126,126,147
124.883307,128,127,156
124.887312,130,127,152
124.893306,130,126,147
124.897311,130,127,151
124.903305,129,126,154
124.907309,127,125,151
124.913308,127,124,154
124.917317,127,124,153
124.923183,127,125,150
124.927312,127,126,149
124.933307,127,126,152
124.937307,128,127,151
124.943307,128,127,153
124.947310,128,127,151
124.953300,127,126,147
124.957307,126,127,153
124.963308,125,128,158
124.967306,126,126,152
124.973744,128,125,152
124.977304,129,127,149
124.983309,129,126,147
124.987309,129,127,148
124.993310,130,126,155
124.997308,129,125,155
125.003309,128,125,151
125.007307,127,126,150
125.013307,127,125,159
125.017306,126,126,153
125.023307,126,125,155
125.027311,126,126,153
125.033311,127,126,150
125.037309,127,128,154
125.043310,128,126,157
125.047309,128,127,152
125.053305,129,127,151
125.057303,129,127,154
125.063309,129,125,150
125.067307,130,124,150
125.073303,129,124,151
125.077306,128,126,150
125.083307,128,127,151
125.087310,127,126,156
125.093307,127,126,152
125.097311,127,126,150
125.103312,128,127,151
125.107308,128,128,155
125.113309,128,127,156
125.117308,128,127,157
125.123179,128,127,154
125.127308,128,125,153
125.133308,128,124,152
125.137311,128,125,149
125.143307,128,126,152
125.147311,129,127,153
125.153307,130,126,144
125.157304,130,125,148
125.163310,129,127,153
125.167309,128,125,153
125.173304,128,126,156
125.177300,128,125,155
125.183309,128,127,151
125.187308,127,127,154
125.193310,128,126,151
125.197309,129,128,154
125.203310,130,129,153
125.207304,131,127,152
125.213303,131,128,148
125.217307,131,127,152
125.223307,130,126,154
125.227311,128,125,147
125.233307,128,126,152
125.237310,126,125,152
125.243311,126,124,149
125.247309,127,126,151
125.253306,129,127,154
125.257303,130,128,149
125.263309,130,126,146
125.267307,130,126,151
125.274304,129,125,154
125.278305,128,125,156
125.284309,128,126,155
125.288307,129,126,151
125.294308,129,124,151
125.298307,129,126,152
125.303310,129,125,150
125.307309,130,126,152
125.313314,129,127,146
125.317312,130,125,145
125.323309,130,127,148
125.327312,129,126,151
125.333312,128,125,152
125.337311,127,124,148
125.343311,127,126,149
125.347310,127,127,156
125.353306,127,127,153
125.357301,128,128,149
125.363310,129,130,153
125.367308,129,126,150
125.373304,128,126,147
125.377306,129,126,153
125.383312,128,127,159
125.387311,128,125,147
125.393308,128,124,149
125.397311,128,122,152
125.403312,128,125,150
125.407310,128,126,153
125.413312,129,125,153
125.417310,129,124,151
125.423319,128,125,151
125.427309,127,127,155
125.433309,126,125,155
125.437312,126,125,152
125.443316,127,124,153
125.447311,127,125,152
125.453308,128,127,153
125.457306,129,127,150
125.463310,130,125,149
125.467310,130,124,151
125.473300,129,125,153
125.477174,127,125,151
125.487268,127,125,153
125.489255,126,126,156
125.492264,125,125,151
125.502261,125,126,148
125.506305,126,126,153
125.508255,127,127,154
125.514261,128,128,149
125.518254,129,126,152
125.524258,129,126,152
125.528260,129,126,148
125.534261,128,125,151
125.538261,129,124,153
125.544262,129,124,153
125.548261,129,124,151
125.554260,128,125,151
125.558257,128,128,150
125.562261,127,128,150
125.568261,127,127,154
125.572260,127,125,153
125.577176,127,124,149
125.583261,127,127,152
125.587261,128,126,157
125.593261,129,125,155
125.596261,129,125,155
125.603262,129,125,153
125.607261,128,125,149
125.613261,127,125,152
125.617264,128,125,157
125.623153,128,127,154
125.627315,128,127,149
125.633309,128,125,144
125.637312,128,125,151
125.643307,128,126,159
125.647311,128,125,153
125.653307,128,126,152
125.657313,128,126,153
125.663313,128,127,151
125.667312,128,127,153
125.673309,128,126,157
125.677311,129,125,150
125.683313,129,125,147
125.687310,129,125,151
125.693312,129,127,155
125.697313,129,125,149
125.703313,128,124,145
125.707323,128,124,149
125.713312,128,126,154
125.717311,128,126,152
125.723317,129,126,152
125.726304,129,127,153
125.733314,128,126,149
125.737313,127,127,151
125.743308,127,127,157
125.747312,127,126,157
125.753246,128,126,151
125.756310,129,126,150
125.763312,130,126,150
125.767314,130,127,150
125.773315,130,126,156
125.776311,130,125,156
125.783182,129,124,150
125.786253,129,126,151
125.793265,128,125,154
125.797265,127,125,155
125.803266,126,126,152
125.806255,127,126,149
125.813265,128,126,148
125.816265,129,127,147
125.823266,130,127,150
125.826256,130,128,152
125.833265,129,127,153
125.836255,128,127,152
125.843263,127,124,151
125.846256,127,124,155
125.853276,127,124,155
125.856271,127,125,151
125.863267,127,125,150
125.867265,128,127,147
125.873266,129,127,150
125.876265,129,126,155
125.883207,128,127,150
125.886255,128,125,150
125.893267,129,126,156
125.896273,128,125,151
125.903267,128,125,149
125.906255,129,124,150
125.913266,129,125,155
125.917265,129,125,151
125.923265,129,126,149
125.926255,129,127,152
125.933267,128,126,153
125.936266,128,126,149
125.943264,128,124,150
125.946256,128,126,153
125.953267,128,126,152
125.956270,128,125,151
125.963267,129,127,153
125.966256,129,126,151
125.973267,129,127,148
125.976263,128,128,146
125.984263,127,126,153
125.988263,126,126,155
125.994257,126,126,151
125.998264,126,126,151
126.004264,127,125,154
126.006254,128,124,149
126.013264,129,125,148
126.017264,129,126,153
126.023266,129,126,153
126.026258,130,125,150
126.033267,129,123,152
126.036267,129,123,149
126.043263,128,124,153
126.046195,128,124,157
126.053317,127,123,155
126.056312,127,123,152
126.063315,126,124,152
126.066304,126,124,154
126.073310,126,125,153
126.076308,127,126,154
126.083251,128,128,155
126.086308,128,126,145
126.093312,129,126,144
126.096315,129,128,156
126.103318,129,127,154
126.106306,128,129,150
126.113317,127,126,147
126.116314,126,128,152
126.123187,126,128,156
126.126305,125,127,157
126.133315,126,128,155
126.136314,127,127,148
126.143310,127,128,152
126.146303,128,128,154
126.153314,129,126,153
126.156317,129,126,149
126.163315,129,124,146
126.166304,130,125,148
126.173318,129,126,150
126.176314,128,125,151
126.183250,128,125,155
126.186305,126,126,155
126.193311,125,124,154
126.196314,126,124,157
126.203315,126,124,157
126.206309,127,125,152
126.213314,128,126,149
126.216316,129,126,152
126.223313,130,126,152
126.226307,131,125,152
126.233317,131,125,155
126.236315,131,126,152
126.243313,129,125,150
126.246307,127,126,155
126.253317,126,127,161
126.256316,125,126,153
126.263317,125,125,151
126.266306,126,125,151
126.273316,127,125,153
126.276307,129,128,153
126.283182,130,126,155
126.286262,130,126,151
126.293264,129,124,149
126.296269,128,125,156
126.303268,128,126,158
126.306258,128,126,148
126.313268,130,126,149
126.316267,130,126,150
126.323269,129,125,148
126.326257,129,127,149
126.333269,129,126,155
126.336268,128,127,153
126.343266,127,127,148
126.346254,126,125,156
126.353269,125,126,160
126.356272,126,127,154
126.363179,127,127,153
126.366260,129,125,150
126.373269,130,124,144
126.376269,131,126,149
126.383204,132,127,150
126.386260,132,127,151
126.393268,131,127,145
126.398268,130,125,150
126.404270,128,127,154
126.408269,126,126,155
126.414270,125,125,156
126.418269,126,126,153
126.423269,127,125,149
126.426259,128,127,151
126.433269,129,127,150
126.436270,131,127,153
126.443268,131,126,154
126.446259,130,124,153
126.453267,129,124,151
126.456274,129,126,155
126.463270,128,124,156
126.466261,127,125,152
126.473269,126,125,148
126.476270,126,125,150
126.483268,126,125,151
126.486261,127,127,150
126.493271,129,125,151
126.496270,130,125,151
126.503270,130,125,148
126.506250,129,127,153
126.513272,128,126,158
126.516267,128,125,154
126.523279,128,126,148
126.526270,128,126,149
126.533269,128,127,152
126.536269,128,127,150
126.543269,129,126,152
126.546260,129,125,153
126.553271,129,126,146
126.556265,128,126,146
126.563269,128,125,154
126.566260,127,125,158
126.573270,126,125,150
126.576276,126,126,148
126.583269,127,127,150
126.586261,128,127,152
126.593271,128,126,149
126.596323,129,125,149
126.603318,129,127,151
126.606307,129,126,150
126.613322,130,124,152
126.616320,129,125,152
126.623155,129,125,152
126.626320,127,125,150
126.633315,127,125,154
126.636319,127,125,156
126.643331,127,126,154
126.646310,128,125,149
126.653314,128,125,148
126.656317,128,126,157
126.663318,127,125,156
126.666307,127,125,153
126.673318,127,125,150
126.676314,127,123,151
126.683317,128,127,152
126.686175,128,126,147
126.693329,128,126,151
126.696314,128,125,148
126.703326,128,126,148
126.706311,128,127,153
126.713319,128,126,154
126.716317,129,126,151
126.723318,128,126,148
126.726307,127,126,152
126.733318,127,127,155
126.736316,128,127,154
126.743326,129,125,151
126.746312,129,125,147
126.753317,128,126,147
126.757312,128,126,155
126.767320,127,126,159
126.769308,127,124,154
126.773320,127,126,149
126.782319,126,125,150
126.786302,127,126,152
126.789303,128,127,158
126.795320,128,126,156
126.799319,128,126,150
126.805320,128,126,146
126.809319,128,124,154
126.814318,129,125,159
126.818317,128,125,153
126.824317,128,125,151
126.828321,129,126,151
126.834320,129,125,152
126.838320,129,126,154
126.841319,128,127,152
126.848320,127,127,152
126.851313,126,126,155
126.858314,126,126,155
126.861319,126,126,156
126.868321,127,125,153
126.871315,127,125,149
126.878322,128,126,147
126.881320,129,127,153
126.888316,129,126,154
126.891263,129,125,149
126.898320,129,124,146
126.901318,128,125,151
126.908320,128,127,155
126.911314,128,125,156
126.918319,128,126,152
126.921317,128,125,149
126.928322,129,126,150
126.931313,129,127,152
126.938313,130,127,154
126.941311,130,127,153
126.948321,129,127,146
126.951314,128,126,151
126.958315,128,125,155
126.961322,129,124,156
126.968324,129,124,153
126.971313,128,124,148
126.978324,128,124,148
126.981321,128,125,150
126.988189,129,126,152
126.991259,129,127,151
126.998326,129,128,148
127.001323,128,129,150
127.008322,127,128,151
127.011312,128,127,156
127.018321,128,126,154
127.021319,128,126,150
127.028331,128,127,150
127.031315,129,124,153
127.038320,130,125,151
127.041322,130,124,141
127.048323,131,124,145
127.051314,131,125,154
127.058318,130,125,148
127.061321,128,125,149
127.068322,128,125,158
127.071317,126,124,152
127.078321,125,126,151
127.081319,126,126,158
127.088300,127,126,155
127.091254,127,128,147
127.098321,128,127,147
127.101324,130,126,155
127.108321,130,126,153
127.111323,130,126,147
127.118322,129,126,150
127.121320,128,125,152
127.128322,127,125,150
127.131317,127,124,150
127.138321,128,125,151
127.141324,128,126,150
127.148321,128,128,148
127.151315,128,128,152
127.158315,128,128,156
127.161328,127,127,157
127.168321,126,127,153
127.171316,126,126,154
127.178320,126,124,156
127.181322,127,125,154
127.188323,127,124,151
127.191263,128,124,153
127.198267,129,125,151
127.201321,128,125,147
127.208323,128,125,152
127.211325,127,124,153
127.219321,125,126,154
127.223316,125,125,155
127.229316,126,125,157
127.233320,126,125,157
127.239321,126,126,153
127.241314,127,127,151
127.248324,128,127,152
127.251314,129,127,154
127.258322,129,126,152
127.261319,129,125,151
127.268322,129,126,150
127.271317,128,123,153
127.278335,127,124,155
127.281322,127,124,157
127.288323,126,126,150
127.291256,127,126,149
127.298322,127,125,148
127.301321,128,126,153
127.308322,128,127,154
127.311316,128,127,153
127.318322,129,127,149
127.321488,129,126,149
127.328339,129,126,154
127.331318,128,127,154
127.338323,128,126,151
127.341322,128,126,154
127.348324,128,126,157
127.351318,128,126,152
127.358318,128,124,152
127.361321,128,126,153
127.368322,128,126,153
127.371316,128,127,152
127.378320,128,126,153
127.381324,128,126,152
127.388324,129,126,150
127.391183,129,126,152
127.398280,129,127,156
127.401275,129,127,153
127.408276,129,126,153
127.411269,128,127,152
127.418274,128,126,150
127.421274,128,126,151
127.428273,128,124,153
127.431269,128,124,150
127.438276,129,124,150
127.441275,129,124,151
127.448276,130,125,148
127.451268,130,124,149
127.458274,130,125,151
127.461275,129,126,152
127.468276,128,125,151
127.471270,129,125,154
127.478275,129,125,151
127.481329,129,125,149
127.488324,128,127,148
127.491215,128,125,149
127.498318,128,127,151
127.501326,129,127,153
127.508316,129,126,154
127.511315,129,126,150
127.518318,128,123,149
127.521326,128,123,155
127.528328,128,125,156
127.531317,128,123,152
127.538321,129,124,150
127.541324,130,126,147
127.548325,130,126,152
127.551320,129,127,148
127.558320,129,127,145
127.561327,129,127,148
127.568325,129,128,152
127.571320,129,127,149
127.578324,128,128,153
127.581326,127,125,151
127.588322,125,126,152
127.591323,125,125,153
127.598322,126,125,156
127.601326,127,125,154
127.608325,128,126,146
127.611316,128,126,146
127.618324,129,126,155
127.621319,129,125,154
127.628324,128,124,150
127.631317,128,125,149
127.638322,128,125,156
127.641325,128,126,150
127.648326,128,125,148
127.651317,128,125,155
127.658321,127,124,149
127.661324,127,124,147
127.668324,127,125,154
127.671315,128,124,151
127.678324,128,124,149
127.681323,128,123,151
127.688323,127,125,155
127.691251,127,125,149
127.698321,128,125,152
127.702326,128,126,156
127.709327,128,126,146
127.713324,129,128,147
127.719321,129,127,150
127.723333,128,128,146
127.729331,127,127,151
127.731316,125,126,156
127.738326,124,125,155
127.741324,124,129,150
127.748324,124,126,156
127.751318,125,128,161
127.758261,126,127,152
127.761325,127,127,153
127.768328,128,127,153
127.771322,129,127,152
127.778328,129,128,153
127.781316,129,127,155
127.788325,129,124,153
127.791320,128,123,151
127.798232,129,123,149
127.801317,128,124,155
127.808327,127,126,152
127.811317,127,125,151
127.818325,126,124,152
127.821327,126,123,156
127.828324,125,124,154
127.831318,126,125,154
127.838327,126,126,156
127.841325,127,126,156
127.848325,127,125,153
127.851321,128,126,155
127.858287,129,125,151
127.861328,129,126,147
127.868327,129,126,149
127.871317,129,126,155
127.878327,127,126,155
127.881320,126,126,151
127.888326,128,126,151
127.891320,128,126,151
127.898320,128,128,157
127.901328,128,128,155
127.908328,128,127,153
127.911319,127,128,153
127.918327,127,127,154
127.921325,128,127,158
127.928327,129,127,154
127.931320,131,126,150
127.938325,131,127,149
127.941327,131,124,149
127.948328,130,126,156
127.951319,129,126,152
127.958327,128,124,150
127.961326,126,124,152
127.968329,125,125,156
127.971319,125,125,159
127.978324,126,125,154
127.981325,127,127,152
127.988327,128,126,148
127.991321,129,126,152
127.998321,131,126,153
128.003325,131,126,149
128.009326,131,126,149
128.013329,131,126,148
128.019325,130,127,147
128.023329,129,128,153
128.028328,128,126,157
128.031320,127,125,149
128.046327,127,126,147
128.048327,127,126,156
128.049319,127,127,155
128.061328,127,126,151
128.063330,128,126,153
128.064318,129,125,153
128.069326,129,126,147
128.073326,131,125,151
128.079326,131,124,153
128.083330,130,124,147
128.089321,129,124,145
128.093321,129,125,152
128.099268,129,125,153
128.103328,128,127,152
128.109325,127,126,151
128.113328,126,127,152
128.119328,126,126,151
128.123188,127,128,152
128.129329,128,127,156
128.132331,129,127,152
128.136329,129,126,146
128.143327,129,126,149
128.146321,130,127,153
128.153400,129,126,151
128.156213,129,126,150
128.163329,129,126,149
128.166322,127,125,147
128.173239,127,126,151
128.176233,126,124,154
128.183230,126,126,150
128.186224,126,126,147
128.193320,126,125,151
128.196226,127,125,152
128.203217,128,126,149
128.206207,129,125,151
128.213310,129,125,149
128.216323,129,125,151
128.223330,129,123,153
128.226320,129,123,155
128.233329,127,124,150
128.236327,127,122,150
128.243328,127,124,151
128.246319,127,124,151
128.253328,127,125,151
128.256328,128,125,149
128.263200,129,125,144
128.266167,129,125,150
128.273216,129,128,153
128.276203,128,127,152
128.283202,127,127,152
128.286194,126,126,149
128.293201,125,128,152
128.296200,126,127,154
128.303202,126,127,150
128.306193,127,127,151
128.313200,128,126,152
128.316202,128,125,151
128.323200,128,126,152
128.326193,127,126,154
128.333201,127,124,152
128.336202,127,125,151
128.343201,127,126,150
128.346194,128,126,155
128.353201,128,124,150
128.356200,128,125,149
128.363207,127,125,153
128.366195,126,126,155
128.373200,126,127,154
128.376202,126,124,156
128.383202,125,124,155
128.386193,125,125,153
128.393243,127,126,155
128.396234,128,126,152
128.403231,129,124,152
128.406225,130,124,153
128.413230,129,124,151
128.416232,128,124,152
128.423234,127,125,153
128.426226,126,123,153
128.433231,126,124,153
128.436232,126,126,157
128.443234,126,125,156
128.446225,126,126,153
128.453231,127,126,153
128.456235,128,126,157
128.463240,128,127,152
128.466227,128,126,152
128.473233,128,126,153
128.476234,128,125,153
128.483231,129,125,150
128.486228,129,125,150
128.493235,130,126,152
128.496227,130,125,148
128.503327,130,126,145
128.506310,130,124,154
128.513330,129,128,156
128.516330,127,127,151
128.523327,127,126,153
128.526326,126,126,156
128.533327,127,126,152
128.536329,127,127,153
128.543330,128,127,150
128.546320,130,127,153
128.553330,130,127,152
128.556327,131,125,148
128.563330,131,125,150
128.566317,130,124,152
128.573332,129,124,150
128.576330,129,125,155
128.583327,129,125,156
128.586322,128,125,149
128.593330,128,126,149
128.596334,127,126,154
128.603274,128,127,153
128.606325,129,126,151
128.613330,130,126,149
128.616324,130,126,148
128.623172,130,125,155
128.626322,130,124,155
128.633323,130,124,149
128.636330,129,124,150
128.643181,128,125,151
128.646198,128,125,150
128.652288,128,126,152
128.654325,128,126,152
