129.304199 152
129.308195 161
129.314619 150
129.324402 152
129.328192 155
129.329186 145
129.341320 145
129.343262 145
129.344329 146
129.349336 147
129.353335 147
129.359336 150
129.363336 149
129.369330 146
129.373340 152
129.379334 152
129.383333 153
129.389334 156
129.393337 154
129.399337 152
129.403336 153
129.409241 152
129.412339 155
129.416338 153
129.423278 152
129.426329 150
129.433338 149
129.436337 157
129.443337 147
129.447337 147
129.454339 161
129.458337 157
129.464338 153
129.468328 158
129.474336 159
129.476334 154
129.483335 153
129.486329 154
129.493335 151
129.496328 150
129.503328 152
129.506317 142
129.513337 140
129.516334 151
129.523274 161
129.526330 155
129.533329 156
129.536338 152
129.543334 153
129.546328 164
129.553334 156
129.556337 145
129.563334 146
129.566332 153
129.573337 159
129.576335 156
129.583336 152
129.586331 152
129.593336 153
129.596337 162
129.603334 161
129.606329 155
129.613338 153
129.616337 153
129.623181 163
129.626284 158
129.633287 152
129.636288 150
129.643287 145
129.646278 149
129.653283 154
129.656287 150
129.663290 144
129.666278 148
129.673286 160
129.676286 155
129.683288 151
129.686278 158
129.693287 155
129.696285 151
129.703288 153
129.706279 145
129.713291 144
129.716289 150
129.723231 155
129.726289 150
129.733299 147
129.736291 149
129.743291 152
129.746281 154
129.753286 156
129.756290 149
129.763292 148
129.766281 153
129.773291 156
129.776290 148
129.783294 145
129.786282 147
129.793291 147
129.796282 148
129.803290 148
129.806281 149
129.813291 148
129.816291 150
129.823202 156
129.826306 153
129.833291 148
129.838280 149
129.844288 150
129.848288 150
129.854286 149
129.858288 147
129.863294 143
129.866279 145
129.873287 154
129.876288 152
129.883289 150
129.886300 157
129.893287 153
129.896277 150
129.903298 153
129.906281 152
129.913290 148
129.916288 151
129.923205 153
129.926285 150
129.933285 152
129.936285 154
129.943208 150
129.946288 150
129.953283 152
129.956287 153
129.963239 150
129.966279 152
129.973289 156
129.976288 156
129.983290 152
129.986279 152
129.993289 150
129.996288 149
130.003286 156
130.006278 151
130.013290 147
130.016289 150
130.023358 154
130.026282 153
130.033292 157
130.036283 154
130.043291 149
130.046282 155
130.053287 155
130.056291 152
130.063300 151
130.066289 152
130.073293 155
130.076292 152
130.083293 153
130.086292 153
130.093293 151
130.096292 152
130.103289 154
130.106278 152
130.113289 151
130.116289 154
130.123178 156
130.126280 155
130.133295 151
130.136291 154
130.143290 151
130.146281 153
130.153285 156
130.156289 155
130.163290 151
130.166283 152
130.173288 155
130.176291 152
130.183291 150
130.186226 149
130.193292 150
130.196292 151
130.203294 150
130.206280 153
130.213290 153
130.216290 153
130.223184 155
130.226273 153
130.233278 152
130.236244 152
130.243292 150
130.248289 149
130.254285 149
130.258288 148
130.264290 149
130.268290 154
130.273291 155
130.276289 155
130.283290 153
130.286275 151
130.293290 153
130.296291 148
130.303226 145
130.306281 152
130.313291 155
130.316290 147
130.323302 150
130.326660 156
130.333294 153
130.336294 149
130.343293 156
130.346284 153
130.353235 147
130.356292 154
130.363294 153
130.366289 148
130.373295 151
130.376293 155
130.383182 154
130.386284 158
130.393299 155
130.396281 151
130.403297 151
130.406474 157
130.413294 151
130.416295 150
130.423293 153
130.426351 151
130.433294 151
130.436294 152
130.443295 151
130.446285 152
130.453294 153
130.456293 153
130.463293 156
130.466288 151
130.473294 147
130.476294 152
130.483293 153
130.486625 149
130.493292 150
130.496277 150
130.504286 152
130.508284 152
130.514290 150
130.518294 150
130.524294 149
130.528215 149
130.533295 152
130.536297 151
130.543295 152
130.546286 153
130.553295 153
130.556295 152
130.563295 154
130.566289 152
130.573294 149
130.576294 152
130.583295 151
130.586285 147
130.593295 149
130.597294 154
130.607295 151
130.609286 150
130.612294 155
130.622290 152
130.626286 153
130.628314 158
130.634294 151
130.638291 149
130.644294 153
130.648295 152
130.654229 154
130.658295 150
130.664295 152
130.668299 151
130.674295 156
130.677296 153
130.681296 147
130.688289 155
130.691293 154
130.698292 152
130.701293 149
130.708292 152
130.711287 151
130.718292 154
130.721298 151
130.728317 147
130.731231 152
130.738290 151
130.741295 152
130.748294 150
130.751288 147
130.758292 147
130.761294 156
130.768299 155
130.771228 148
130.778294 151
130.781293 153
130.788291 151
130.791292 148
130.798288 151
130.801281 152
130.808292 151
130.811296 153
130.818296 155
130.821234 151
130.828298 150
130.831212 157
130.838309 149
130.841297 149
130.848297 148
130.851296 150
130.858297 151
130.861298 151
130.868300 152
130.871289 153
130.878297 152
130.881298 148
130.888231 148
130.891291 150
130.898296 150
130.901298 148
130.908298 153
130.911290 155
130.918297 152
130.921336 152
130.928297 152
130.931211 149
130.938225 147
130.941301 150
130.948297 152
130.951291 152
130.958298 148
130.961297 153
130.968295 157
130.971206 153
130.978297 150
130.981298 147
130.988293 147
130.991289 153
130.998294 155
131.001296 155
131.008296 151
131.011290 155
131.018295 159
131.021294 154
131.028306 155
131.031588 155
131.038337 153
131.041294 149
131.048294 151
131.051288 149
131.058291 149
131.061292 157
131.068298 156
131.071289 150
131.078294 153
131.081293 154
131.088235 150
131.091198 152
131.098338 158
131.101339 151
131.108222 153
131.111188 156
131.118195 150
131.121189 147
131.128203 151
131.131189 154
131.138196 151
131.141193 155
131.148189 156
131.151189 152
131.158191 156
131.161193 157
131.168195 155
131.171196 155
131.178194 155
131.181195 154
131.188192 156
131.191192 154
131.198313 150
131.201195 156
131.208196 151
131.211196 153
131.218222 154
131.221211 155
131.228219 150
131.231211 151
131.238222 154
131.241219 153
131.248220 154
131.251213 154
131.258216 150
131.261214 153
131.268221 152
131.271212 150
131.278216 151
131.281216 152
131.288217 152
131.291212 152
131.298216 155
131.301217 149
131.308216 146
131.311211 151
131.318202 154
131.321231 152
131.328339 151
131.331291 147
131.338338 150
131.341341 152
131.348347 149
131.351337 148
131.358341 150
131.361346 148
131.368347 149
131.372344 153
131.379346 150
131.382336 147
131.389323 152
131.392348 152
131.399349 151
131.401340 151
131.408349 150
131.411337 147
131.418347 149
131.421346 151
131.428346 149
131.431341 149
131.438340 150
131.441344 146
131.448346 149
131.451341 153
131.458347 147
131.461349 145
131.468351 152
131.471340 151
131.478348 149
131.481350 151
131.488349 150
131.491339 146
131.498343 150
131.501347 153
131.508344 148
131.511342 150
131.518342 153
131.521345 152
131.528347 152
131.531340 152
131.538345 153
131.541342 150
131.548343 151
131.551346 151
131.558342 149
131.561349 151
131.568347 151
131.571346 150
131.578346 153
131.581349 151
131.588345 147
131.591349 153
131.598346 155
131.601348 153
131.608349 153
131.611339 151
131.618348 153
131.621343 151
131.628348 154
131.631343 157
131.638342 150
131.641349 151
131.648351 154
131.651346 155
131.658342 152
131.661349 153
131.668345 153
131.671349 152
131.678349 155
131.681348 152
131.689074 153
131.691425 155
131.698339 151
131.701332 154
131.708339 153
131.711255 150
131.718352 150
131.721350 152
131.728345 150
131.731288 154
131.738346 155
131.741343 152
131.748350 153
131.751344 152
131.758343 152
131.761347 150
131.768349 154
131.771351 150
131.778351 152
131.781345 151
131.788352 156
131.791347 153
131.798352 147
131.801348 150
131.808346 148
131.811349 149
131.819351 154
131.822341 150
131.829342 150
131.832303 154
131.839252 158
131.842342 155
131.848350 151
131.851345 150
131.858348 155
131.861351 152
131.868344 149
131.871351 159
131.885350 151
131.888283 149
131.889335 151
131.901353 151
131.903347 152
131.904343 150
131.909346 153
131.913355 151
131.919354 149
131.923353 154
131.929351 154
131.933354 149
131.939291 150
131.943189 150
131.949308 150
131.953305 149
131.959300 149
131.963304 152
131.969302 153
131.972304 151
131.976304 153
131.983307 148
131.986297 148
131.993301 150
131.996305 149
132.003248 152
132.006295 148
132.013309 146
132.016300 155
132.023312 152
132.026297 147
132.033305 151
132.036305 149
132.043307 149
132.046296 149
132.053305 156
132.056301 155
132.063305 147
132.066296 151
132.073310 153
132.076304 155
132.083305 154
132.086295 148
132.093302 147
132.096305 149
132.103306 150
132.106296 154
132.113917 150
132.116253 148
132.123210 152
132.126207 156
132.133304 155
132.136305 151
132.143244 152
132.146297 151
132.153305 153
132.156306 155
132.163306 151
132.166296 149
132.173310 155
132.176304 155
132.183305 154
132.186291 151
132.193303 153
132.196306 151
132.203311 153
132.207305 152
132.214305 153
132.217306 153
132.224304 149
132.227301 151
132.234307 151
132.236306 150
132.243305 152
132.246297 150
132.253306 150
132.256306 159
132.263306 155
132.266298 156
132.273311 155
132.276300 151
132.283306 150
132.286297 154
132.293244 151
132.296372 151
132.303273 155
132.306348 155
132.313362 152
132.316355 151
132.323357 155
132.326346 153
132.333355 151
132.336355 151
132.343293 151
132.346346 147
132.353359 150
132.356352 149
132.363357 151
132.366347 150
132.373358 149
132.376346 151
132.383355 152
132.386346 151
132.393349 152
132.396357 154
132.403354 152
132.406349 153
132.413350 150
132.416353 150
132.423354 147
132.426349 147
132.433353 150
132.436356 148
132.443295 151
132.446347 147
132.453356 150
132.456354 151
132.463355 151
132.466345 151
132.473355 150
132.476345 150
132.483320 152
132.486355 151
132.493353 152
132.496349 150
132.503350 151
132.506333 152
132.513352 153
132.516356 151
132.523356 152
132.526354 155
132.533309 153
132.536355 153
132.543306 152
132.546347 153
132.553356 153
132.556360 147
132.563356 151
132.566346 149
132.573356 150
132.576295 151
132.583355 150
132.586349 151
132.593350 150
132.596357 150
132.603355 156
132.606349 153
132.613353 150
132.616240 151
132.623160 149
132.626155 151
132.634249 154
132.637340 153
132.644351 152
132.647300 151
132.654356 151
132.656358 154
132.663355 155
132.666343 151
132.673354 152
132.676361 159
132.683357 153
132.686347 153
132.693295 154
132.696349 152
132.703357 149
132.706346 150
132.713361 149
132.716358 146
132.723354 149
132.726323 153
132.733358 154
132.739361 149
132.742351 154
132.746353 155
132.753359 149
132.756361 154
132.763359 151
132.766351 147
132.773356 148
132.776354 151
132.783355 151
132.786345 152
132.793359 152
132.796357 152
132.803359 157
132.806347 160
132.813357 158
132.816355 154
132.823357 149
132.826351 151
132.833360 157
132.836358 150
132.843333 141
132.846340 141
132.853355 153
132.856356 153
132.863353 152
132.866347 154
132.873359 150
132.876356 149
132.884360 160
132.887353 158
132.894244 156
132.897539 147
132.904210 149
132.907210 149
132.913268 152
132.916267 147
132.923268 144
132.926257 150
132.933265 153
132.936268 155
132.943268 156
132.946260 151
132.953269 153
132.956269 151
132.963263 150
132.966259 149
132.973270 144
132.976266 149
132.983267 150
132.986253 154
132.993270 154
132.996268 153
133.003267 155
133.006259 156
133.013267 154
133.016271 156
133.023267 150
133.026259 147
133.033268 144
133.036267 148
133.043270 151
133.046184 149
133.053238 144
133.056235 153
133.063231 154
133.066227 150
133.073238 154
133.076233 157
133.083234 154
133.086226 152
133.093235 153
133.096240 152
133.103236 148
133.106231 152
133.113234 150
133.116234 148
133.123219 153
133.126228 152
133.133236 155
133.136235 159
133.143233 154
133.146218 151
133.153237 153
133.157237 152
133.167235 146
133.169228 148
133.172238 153
133.182236 152
133.185239 152
133.188237 158
133.194236 154
133.198236 154
133.204234 156
133.208235 151
133.214229 156
133.219238 153
133.225236 148
133.229228 151
133.235236 152
133.237229 153
133.242236 154
133.248233 148
133.251242 146
133.258238 147
133.261257 152
133.268236 153
133.271234 151
133.278239 150
133.281238 150
133.288238 152
133.291231 154
133.298236 153
133.301236 148
133.308236 150
133.311230 150
133.318235 147
133.321235 147
133.328218 152
133.331230 152
133.338239 150
133.341237 148
133.348227 151
133.351222 151
133.358236 151
133.361236 152
133.368236 152
133.371223 149
133.378256 147
133.381236 153
133.388237 155
133.391219 152
133.398238 150
133.401236 150
133.408236 155
133.411229 153
133.418236 148
133.421241 149
133.428236 148
133.431231 149
133.438237 156
133.441236 152
133.448315 150
133.451221 155
133.458241 156
133.461239 153
133.468238 151
133.471302 155
133.478240 154
133.481236 152
133.488237 153
133.491233 147
133.498500 144
133.501194 155
133.508201 152
133.511203 145
133.518240 151
133.521239 152
133.528235 152
133.531232 153
133.538238 154
133.541238 152
133.548238 152
133.551230 154
133.558239 152
133.561236 144
133.568246 152
133.571234 154
133.578240 147
133.581239 149
133.588237 156
133.591232 151
133.598234 150
133.601238 157
133.608239 155
133.611232 149
133.618236 152
133.621239 155
133.628238 150
133.631233 150
133.638243 155
133.641276 153
133.648276 151
133.651265 151
133.658272 149
133.661269 148
133.668271 151
133.671264 152
133.678274 151
133.681262 150
133.688273 152
133.691264 153
133.698269 153
133.701270 149
133.708270 146
133.711264 152
133.718273 155
133.721273 152
133.728270 155
133.731264 155
133.738273 154
133.741272 145
133.748273 150
133.751188 152
133.758274 146
133.761272 146
133.768271 148
133.771266 149
133.778277 151
133.781265 153
133.788271 151
133.791267 151
133.798267 147
133.801273 150
133.808275 152
133.811267 148
133.818271 148
133.821271 149
133.828273 153
133.831266 151
133.838274 148
133.841273 151
133.848271 153
133.851195 149
133.858234 149
133.861228 148
133.868235 151
133.871238 148
133.878245 153
133.881232 157
133.888241 149
133.891234 152
133.898235 152
133.901239 157
133.908240 153
133.911233 149
133.918238 153
133.921239 154
133.928240 153
133.932240 153
133.939239 156
133.942232 147
133.949240 151
133.952239 159
133.959240 147
133.961268 152
133.968274 158
133.971268 152
133.978278 154
133.981264 158
133.988273 154
133.991253 150
133.998268 152
134.001273 160
134.008274 156
134.011268 155
134.018273 152
134.021193 149
134.028244 158
134.031243 155
134.038242 153
134.041242 152
134.048239 151
134.051234 151
134.058241 154
134.061221 157
134.068241 153
134.071235 148
134.078245 152
134.081234 151
134.088240 152
134.091234 157
134.098457 152
134.101224 147
134.108228 150
134.111224 152
134.118246 156
134.121236 154
134.128236 151
134.131232 154
134.138240 153
134.141228 153
134.148234 155
134.151235 151
134.158235 148
134.161231 147
134.168275 149
134.171265 146
134.178276 148
134.181266 153
134.188274 149
134.191266 151
134.198266 154
134.201269 145
134.208267 147
134.211266 154
134.218268 148
134.221267 144
134.228268 155
134.231266 151
134.238267 148
134.241269 156
134.248265 154
134.251268 147
134.258270 144
134.261267 146
134.268268 153
134.271264 153
134.278269 150
134.281264 147
134.288268 151
134.291264 155
134.298269 155
134.301268 152
134.308269 151
134.311266 148
134.318269 155
134.321269 155
134.328271 147
134.332270 153
134.339269 161
134.342264 156
134.349264 154
134.352268 147
134.358271 149
134.361270 155
134.368364 152
134.371366 145
134.378372 153
134.381303 154
134.388367 159
134.391361 160
134.398363 159
134.401367 156
134.408368 148
134.411362 152
134.418367 152
134.421365 149
134.428360 148
134.431301 151
134.445367 149
134.448367 154
134.449357 157
134.460365 157
134.463288 158
134.464298 151
134.469363 156
134.473258 155
134.479373 148
134.483367 146
134.489367 149
134.493366 151
134.499367 152
134.503360 154
134.509365 149
134.513369 150
134.519362 152
134.523211 151
134.526359 156
134.533364 149
134.536367 148
134.543368 154
134.546358 150
134.553367 157
134.556371 158
134.563372 151
134.566363 145
134.573394 151
134.576369 149
134.583366 152
134.586360 152
134.593364 144
134.596369 146
134.603369 153
134.606358 151
134.613368 155
134.617359 149
134.624362 149
134.627366 150
134.634361 148
134.637369 149
134.644376 153
134.646360 152
134.653369 150
134.656371 150
134.663368 149
134.666358 156
134.673367 148
134.676367 149
134.683363 153
134.686360 148
134.693368 152
134.696361 156
134.703308 157
134.706347 152
134.713363 149
134.716365 151
134.723370 154
134.726361 149
134.733364 150
134.736367 159
134.743369 148
134.746358 151
134.753368 152
134.756366 152
134.763377 150
134.766229 142
134.773374 153
134.776371 156
134.783368 147
134.786361 154
134.793371 158
134.796370 154
134.803371 156
134.806360 156
134.813370 152
134.816364 154
134.823369 154
134.826358 161
134.833367 151
134.836371 148
134.843368 149
134.846362 151
134.853371 156
134.856370 158
134.863371 153
134.866351 150
134.873365 155
134.876373 157
134.883368 155
134.886358 161
134.893368 153
134.896370 146
134.903372 154
134.906361 165
134.913372 148
134.916372 132
134.923371 150
134.926361 163
134.933365 155
134.936314 154
134.943370 143
134.946364 160
134.953369 161
134.956371 137
134.963373 145
134.967281 161
134.974332 144
134.977372 150
134.984372 154
134.987361 139
134.993370 154
134.996369 164
135.003269 155
135.006358 167
135.013369 149
135.016279 138
135.023372 148
135.026368 144
135.033377 146
135.036369 162
135.043371 149
135.046361 145
135.053370 144
135.056369 159
135.063370 162
135.066369 150
135.073364 143
135.076372 145
135.083368 150
135.086363 147
135.093373 156
135.096370 150
135.103372 142
135.106362 154
135.113371 165
135.116349 159
135.123308 149
135.126365 144
135.133281 146
135.136371 150
135.143373 155
135.146363 148
135.153373 142
135.156370 150
135.163372 161
135.166361 151
135.173366 153
135.176374 153
135.183380 144
135.186365 154
135.193365 163
135.196363 152
135.203371 148
135.206365 151
135.213374 152
135.216371 156
135.223374 160
135.226363 153
135.233349 150
135.236376 153
135.243372 149
135.246361 148
135.254372 150
135.257376 149
135.264371 156
135.267379 157
135.274367 152
135.276369 158
135.283371 153
135.286365 155
135.293365 153
135.296808 148
135.303236 153
135.306355 150
135.313361 148
135.316358 154
135.323284 152
135.326367 151
135.333372 156
135.336373 153
135.343381 158
135.346360 153
135.353370 152
135.356372 152
135.363373 148
135.366364 146
135.373367 151
135.376366 151
135.383372 150
135.386363 148
135.393372 152
135.396375 152
135.403371 145
135.406367 155
135.413371 158
135.416374 145
135.423371 149
135.426367 152
135.433375 148
135.436373 149
135.443369 151
135.446369 151
135.453375 150
135.456373 151
135.463374 150
135.466363 153
135.473367 148
135.476372 152
135.483372 153
135.486367 153
135.493376 154
135.496366 147
135.503369 145
135.506353 147
135.513373 149
135.516376 155
135.523376 145
135.526366 148
135.533371 159
135.536374 159
135.543371 156
135.546366 153
135.553376 153
135.556374 149
135.563377 147
135.566364 144
135.573370 145
135.576364 163
135.583374 155
135.586364 150
135.593374 155
135.596377 159
135.603368 158
135.606367 155
135.614374 155
135.617375 147
135.624367 152
135.627375 152
135.634405 146
135.637374 148
135.643375 156
135.646364 156
135.653369 154
135.656372 157
135.663374 156
135.666368 150
135.673372 157
135.676314 151
135.683375 154
135.686366 155
135.693370 146
135.696374 146
135.703376 154
135.706369 151
135.713373 146
135.717373 154
135.727376 158
135.729366 156
135.732376 159
135.742379 152
135.745373 151
135.748374 151
135.754367 150
135.758374 148
135.764370 147
135.768370 153
135.774370 154
135.778367 153
135.784374 147
135.788376 150
135.794371 158
135.797366 151
135.801377 147
135.808375 145
135.811368 152
135.818387 149
135.821376 147
135.828378 151
135.831371 156
135.838370 156
135.841374 158
135.848376 159
135.851371 150
135.858377 144
135.861375 148
135.868400 148
135.871374 153
135.878371 146
135.881373 147
135.888376 158
135.891369 152
135.898262 148
135.901263 154
135.908364 158
135.911277 153
135.918372 157
135.921376 152
135.928378 149
135.931373 153
135.938372 152
135.941379 153
135.948377 153
135.951370 153
135.958376 152
135.961378 148
135.968375 147
135.971371 148
135.978375 160
135.981378 161
135.988374 152
135.991369 147
135.998374 156
136.001377 155
136.008378 155
136.011372 153
136.018377 150
136.021375 152
136.028377 151
136.031371 145
136.038370 146
136.041378 148
136.048380 156
136.051370 158
136.058374 155
136.061377 154
136.068379 149
136.071364 155
136.078373 156
136.081380 152
136.088380 156
136.091375 154
136.098379 148
136.101376 156
136.108378 150
136.111372 144
136.118378 153
136.121372 147
136.128377 151
136.131371 152
136.138298 150
136.141383 151
136.148377 145
136.151364 150
136.158372 163
136.161381 150
136.168380 153
136.171371 153
136.178376 155
136.181378 158
136.188379 155
136.191374 150
136.198378 140
136.201377 146
136.208377 146
136.211371 149
136.218381 148
136.221370 146
136.228380 143
136.231375 147
136.238374 159
136.241382 164
136.248379 155
136.251373 155
136.258376 153
136.261378 153
136.268380 149
136.271374 151
136.278375 146
136.281382 145
136.288378 150
136.291372 150
136.298377 145
136.301380 149
136.308378 157
136.311375 154
136.318380 156
136.321372 161
136.328381 153
136.331372 145
136.338376 150
136.341387 158
136.348380 156
136.353318 146
136.356378 151
136.363379 150
136.366368 151
136.373379 154
136.376381 150
136.383384 151
136.386372 152
136.393373 163
136.396371 156
136.403386 151
136.406370 154
136.413381 155
136.416378 162
136.423374 158
136.426375 155
136.433380 155
136.436381 150
136.443278 149
136.447377 151
136.454374 148
136.457381 144
136.464378 156
136.467378 152
136.473381 147
136.476378 152
136.483381 152
136.486375 157
136.493380 159
136.496369 161
136.503265 155
136.506570 150
136.513273 150
136.516282 149
136.523294 148
136.526280 147
136.533295 149
136.536289 149
136.543293 150
136.546280 147
136.553289 147
136.556289 147
136.563287 154
136.566281 156
136.573288 150
136.576292 152
136.583296 154
136.586282 150
136.593290 156
136.596291 159
136.603292 147
136.606281 149
136.613290 151
136.616288 150
136.623271 152
136.626281 145
136.633291 153
136.636288 150
136.643289 150
136.646280 155
136.653288 151
136.656287 153
136.663291 150
136.666280 157
136.673288 155
136.676289 147
136.683286 153
136.686280 155
136.693286 145
136.696292 144
136.703291 152
136.706280 152
136.713290 143
136.716290 151
136.723288 153
136.726283 148
136.733286 150
136.736292 162
136.743290 151
136.746281 152
136.754301 153
136.757290 145
136.764292 151
136.767286 154
136.774292 152
136.777291 151
136.783286 152
136.786282 157
136.793292 157
136.796291 151
136.803290 148
136.806291 157
136.813293 156
136.816292 149
136.823288 154
136.826283 153
136.833291 155
136.836291 154
136.843291 154
136.846282 155
136.853292 157
136.856292 155
136.863291 156
136.866281 145
136.873287 143
136.876297 153
136.883264 151
136.886285 148
136.893290 153
136.896291 149
136.903292 151
136.906283 157
136.913291 158
136.916292 150
136.923290 144
136.926281 150
136.933293 155
136.936293 148
136.943293 151
136.946282 152
136.953293 151
136.956289 148
136.963291 151
136.966283 148
136.973287 144
136.976291 155
136.983287 155
136.986282 142
136.993293 149
136.997291 161
137.007290 151
137.009282 153
137.022286 159
137.025292 154
137.027286 151
137.028285 160
137.033290 156
137.036292 152
137.044291 152
137.047286 156
137.054293 156
137.057285 146
137.064292 147
137.069294 144
137.072294 151
137.076292 153
137.083281 146
137.086286 158
137.093290 161
137.096292 147
137.103219 155
137.106284 160
137.113379 151
137.116377 151
137.123334 157
137.126378 151
137.133383 147
137.136385 147
137.143388 154
137.146378 158
137.153382 152
137.156376 141
137.163386 146
137.166375 153
137.173379 154
137.176383 155
137.183273 155
137.186376 154
137.193382 158
137.196384 161
137.203386 150
137.206375 150
137.213385 147
137.216385 141
137.223385 147
137.226374 151
137.233384 150
137.236386 151
137.243387 153
137.246377 155
137.253386 154
137.256376 159
137.263385 153
137.266380 148
137.273380 151
137.276382 147
137.283397 145
137.286378 148
137.293384 150
137.296387 150
137.303380 151
137.306372 151
137.313387 156
137.316384 155
137.323381 151
137.326376 150
137.333386 147
137.336383 146
137.343386 150
137.346376 149
137.353384 153
137.356390 157
137.363386 151
137.366376 149
137.373380 154
137.376383 152
137.383386 156
137.386379 152
137.393389 138
137.396387 139
137.403383 145
137.406315 155
137.413383 143
137.416385 146
137.423394 158
137.426379 155
137.433390 156
137.436386 164
137.443387 158
137.446377 145
137.453386 149
137.456400 150
137.463387 148
137.466376 150
137.473391 152
137.476389 144
137.483386 146
137.486379 154
137.493384 156
137.496378 153
137.503380 159
137.506389 146
137.514389 149
137.517379 157
137.524383 155
137.527386 149
137.534387 151
137.536385 158
137.543387 149
137.546376 149
137.553385 158
137.556416 152
137.563386 145
137.566379 157
137.573389 158
137.576388 153
137.583384 151
137.586263 147
137.593343 154
137.596327 155
137.603336 155
137.606327 159
137.613344 149
137.616340 153
137.623244 154
137.626328 150
137.633338 156
137.636337 156
137.643334 149
137.646327 155
137.653338 155
137.656338 155
137.663338 154
137.666380 150
137.673417 156
137.676386 155
137.683383 146
137.686373 148
137.693388 148
137.696381 153
137.703316 148
137.706342 147
137.713376 150
137.716369 150
137.723386 151
137.726385 160
137.733390 159
137.736388 152
137.743385 160
137.746379 154
137.753388 148
137.756392 156
137.763389 153
137.766381 146
137.773388 152
137.776386 156
137.783387 144
137.786381 148
137.793385 158
137.797390 148
137.804386 147
137.807371 154
137.814391 152
137.817389 151
137.824394 154
137.826382 150
137.833391 146
137.836389 151
137.843386 149
137.846380 150
137.853390 161
137.856395 157
137.863392 148
137.866381 156
137.873390 163
137.876389 147
137.883291 151
137.886387 155
137.893382 148
137.896385 152
137.903392 162
137.906381 149
137.913391 142
137.916388 156
137.923390 156
137.926380 146
137.933390 154
137.936387 157
137.943386 155
137.946379 157
137.953395 147
137.956392 153
137.963393 161
137.966382 154
137.973393 150
137.976390 148
137.983386 150
137.986380 149
137.993384 152
137.996389 156
138.003391 156
138.006384 149
138.013389 147
138.016391 151
138.023389 150
138.026378 148
138.033393 148
138.036391 155
138.043386 153
138.046381 150
138.053392 155
138.056389 156
138.063389 151
138.066382 155
138.074393 149
138.077390 147
138.084393 150
138.087382 146
138.094386 145
138.096389 150
138.103391 156
138.106378 153
138.113389 151
138.116386 154
138.123295 150
138.126382 151
138.133391 153
138.136388 150
138.143386 146
138.146381 152
138.153390 160
138.156392 151
138.163389 145
138.166382 152
138.173383 154
138.176388 150
138.183389 150
138.186384 153
138.193384 155
138.196387 152
138.203392 158
138.206386 156
138.213391 150
138.216389 149
138.223391 146
138.226380 145
138.233390 149
138.236393 153
138.243390 153
138.246385 154
138.253388 153
138.256391 157
138.263387 157
138.266383 154
138.273391 157
138.277384 152
138.287391 152
138.289383 156
138.302296 151
138.305481 153
138.307252 154
138.308414 159
138.313287 157
138.316288 155
138.323297 154
138.326295 147
138.333296 152
138.336297 153
138.343291 154
138.346287 156
138.353298 163
138.356293 159
138.363297 145
138.366289 142
138.373294 142
138.376288 156
138.383301 155
138.386286 153
138.393294 150
138.396294 152
138.403299 156
138.406291 152
138.413297 160
138.416296 150
138.423295 144
138.426286 152
138.433298 152
138.436295 144
138.443293 139
138.446289 151
138.453296 153
138.456293 154
138.463295 150
138.466289 151
138.473297 150
138.476294 149
138.483301 154
138.486289 150
138.493295 139
138.496291 143
138.505302 151
138.508387 149
138.513395 153
138.516396 149
138.523393 146
138.526397 159
138.533396 163
138.536394 153
138.543400 151
138.546390 144
138.552399 140
138.556399 147
138.563394 160
138.566388 155
138.573399 147
138.576333 157
138.583394 161
138.586387 152
138.593891 155
138.596387 150
138.603396 139
138.606385 138
138.613396 152
138.616393 153
138.623290 150
138.626311 159
138.633394 158
138.636395 160
138.642391 161
138.646392 156
138.652392 157
138.656395 155
138.663392 152
138.666387 154
138.672396 150
138.676403 153
138.683334 160
138.686384 154
138.693341 149
138.696389 150
138.703394 152
138.706384 153
138.712393 155
138.716396 153
138.723393 151
138.726361 153
138.732396 159
138.736394 153
138.743305 150
138.746371 156
138.752394 154
138.756393 152
138.762384 157
138.766395 157
138.772396 156
138.776393 147
138.782394 145
138.786386 144
138.792398 143
138.796389 144
138.802388 153
138.806387 155
138.813397 147
138.816395 153
138.822391 165
138.826394 159
138.833397 149
138.836394 154
138.842394 152
138.846385 144
138.852393 139
138.856397 150
138.862387 148
138.866395 142
138.872396 147
138.876394 158
138.882392 151
138.886387 151
138.892396 160
138.896376 154
138.902380 147
138.906388 148
138.912296 153
138.917285 152
138.924381 148
138.927406 151
138.934355 153
138.937398 150
138.942411 145
138.946387 157
138.952396 155
138.956394 152
138.962390 146
138.966394 150
138.972404 153
138.976394 148
138.982394 156
138.989396 155
138.991390 156
138.997397 162
139.001396 158
139.007334 151
139.011395 151
139.017393 153
139.021394 154
139.027408 153
139.031389 153
139.037393 149
139.041398 149
139.047392 153
139.051397 152
139.057397 154
139.061391 151
139.067396 155
139.071395 158
139.077372 154
139.081394 149
139.087395 152
139.091400 159
139.097394 160
139.101398 150
139.107336 146
139.111405 150
139.117400 155
139.121398 151
139.127394 147
139.131399 152
139.137400 149
139.141398 147
139.147395 157
139.151398 156
139.157399 147
139.161390 147
139.167396 159
139.171395 156
139.177396 147
139.181399 150
139.187395 153
139.191398 154
139.198399 152
139.202399 153
139.209394 150
139.212392 143
139.219398 149
139.222388 155
139.227401 153
139.231396 147
139.237396 155
139.241399 154
139.247395 153
139.251399 149
139.257399 149
139.261407 152
139.267399 150
139.271398 153
139.277397 153
139.281399 153
139.287396 156
139.291398 149
139.297398 154
139.301397 161
139.307337 153
139.311422 144
139.317397 155
139.321393 150
139.327402 138
139.331400 161
139.337396 161
139.341399 147
139.347399 153
139.351397 161
139.357398 152
139.364400 150
139.366387 157
139.372397 156
139.376400 152
139.382397 153
139.386396 155
139.392401 150
139.396399 151
139.402394 154
139.406262 151
139.412394 160
139.416402 155
139.422403 151
139.426402 156
139.432397 153
139.436402 151
139.442396 162
139.446394 156
139.452400 136
139.456399 142
139.462405 153
139.466399 148
139.472399 145
139.476398 152
139.482399 148
139.486398 143
139.492399 157
139.496389 158
139.502398 146
139.506289 148
139.512544 148
139.516292 150
139.522290 153
139.526295 153
139.532311 143
139.536301 151
139.542304 163
139.549304 153
139.552305 148
139.568304 151
139.582296 147
139.584303 135
139.585326 143
139.587298 144
139.594308 152
139.597300 157
139.604307 155
139.607292 161
139.614397 160
139.617399 151
139.624394 152
139.627397 149
139.634402 149
139.637399 143
139.644400 150
139.647396 154
139.651397 147
139.657398 149
139.661401 161
139.667402 157
139.671400 142
139.677396 151
139.681391 152
139.687395 152
139.692399 152
139.699400 155
139.702393 150
139.709263 151
139.712421 159
139.719398 159
139.721391 152
139.727399 150
139.731400 148
139.737400 163
139.744265 156
139.747394 144
139.751400 147
139.757400 151
139.764397 153
139.767399 161
139.771408 159
139.777404 149
139.781395 153
139.787399 158
139.791402 151
139.798398 153
139.802398 151
139.806401 149
139.812396 155
139.816401 163
139.822400 157
139.826399 146
139.832399 157
139.836399 160
139.842399 153
139.846383 154
139.852399 151
139.856402 142
139.862403 146
139.866400 156
139.872401 161
139.876400 152
139.882393 143
139.886343 156
139.892400 160
139.896404 150
139.902390 150
139.906402 153
139.915354 143
139.917394 142
139.924399 162
139.927394 154
139.931399 144
139.937400 152
139.941402 152
139.947399 156
139.951402 156
139.957403 150
139.961402 145
139.967401 153
139.971401 146
139.977401 143
139.981392 157
139.987401 150
139.991404 145
139.997399 161
140.001394 161
140.007403 146
140.014395 152
140.017397 152
140.021401 143
140.027402 153
140.031400 155
140.037401 142
140.041400 140
140.047398 152
140.051407 163
140.057403 152
140.061402 149
140.067402 161
140.071401 155
140.077401 144
140.081399 152
140.087401 157
140.091404 148
140.097407 147
140.101402 157
140.107576 165
140.111350 152
140.117306 144
140.121305 155
140.127405 156
140.131413 148
140.137403 147
140.141406 155
140.147344 150
140.151403 148
140.157403 151
140.161402 156
140.167396 153
140.171303 154
140.177398 157
140.182397 156
140.189400 148
140.192403 150
140.199403 158
140.202393 158
140.209403 149
140.211397 155
140.217401 153
140.221394 142
140.227300 148
140.231342 156
140.237400 148
140.241404 151
140.247414 156
140.251403 152
140.257403 146
140.261406 143
140.267401 154
140.271405 156
140.277406 155
140.281398 155
140.287348 151
140.291403 144
140.297383 150
140.301406 164
140.307403 158
140.311405 145
140.317402 144
140.321406 148
140.327406 148
140.331414 152
140.337409 147
140.341407 142
140.347403 152
140.351406 157
140.357402 152
140.361411 157
140.367401 152
140.371405 147
140.377405 160
140.381337 159
140.387362 144
140.391408 147
140.397404 147
140.401406 147
140.407406 150
140.411404 156
140.417402 159
140.421406 152
140.427408 146
140.431344 152
140.437406 161
140.441405 151
140.447403 150
140.451405 151
140.457406 151
140.461405 155
140.467400 150
140.471400 151
140.477399 157
140.481412 151
140.487404 149
140.491408 163
140.497403 151
140.501406 151
140.507344 156
140.511405 150
140.517401 150
140.521404 160
140.527405 157
140.531381 154
140.537404 148
140.541403 155
140.548337 164
140.552408 148
140.559405 142
140.562394 153
140.569405 156
140.572406 143
140.577407 150
140.581405 156
140.587406 148
140.591410 149
140.597405 162
140.601404 157
140.607305 146
140.611408 153
140.617399 152
140.621392 147
140.627406 149
140.631405 148
140.637405 149
140.641405 145
140.647405 142
140.651404 153
140.657404 156
140.661403 148
140.667403 150
140.671408 155
140.677409 155
140.681408 150
140.687405 149
140.691345 153
140.697280 155
140.701410 149
140.707410 147
140.711409 153
140.717399 156
140.721403 153
140.727408 153
140.731407 156
140.737407 151
140.741406 151
140.747406 156
140.751406 154
140.757412 145
140.761400 156
140.767410 163
140.771409 154
140.777404 150
140.781406 151
140.787404 152
140.791408 150
140.797408 153
140.801405 151
140.807405 146
140.811404 151
140.817271 155
140.821403 152
140.827408 155
140.831406 163
140.845405 155
140.848407 151
140.849399 152
140.860413 146
140.863399 146
140.864399 153
140.870408 151
140.874406 150
140.880407 151
140.884406 152
140.887401 150
140.892409 152
140.896406 155
140.902399 148
140.906406 143
140.912407 152
140.916410 166
140.922392 152
140.926401 152
140.932407 155
140.936406 151
140.942406 151
140.946281 151
140.952361 154
140.956361 150
140.962360 145
140.966352 144
140.972361 155
140.976360 150
140.982361 149
140.986357 153
140.992363 155
140.996360 153
141.002353 154
141.006360 155
141.012361 152
141.016281 156
141.022355 150
141.026362 153
141.032362 152
141.036361 143
141.042360 150
141.046361 155
141.052353 146
141.056358 152
141.062359 159
141.066356 151
141.072359 150
141.076358 152
141.082359 153
141.086351 150
141.092364 148
141.096359 150
141.102353 154
141.106359 148
141.112414 152
141.116432 158
141.122398 151
141.126400 150
141.132411 152
141.136410 145
141.142415 147
141.146410 156
141.152414 152
141.156407 149
141.162407 151
141.166406 149
141.172407 156
141.176410 159
141.182406 153
141.186402 152
141.192411 145
141.196410 144
141.202403 157
141.206407 152
141.212413 143
141.216410 148
141.222399 155
141.226405 153
141.232411 150
141.236405 152
141.242409 157
141.246409 157
141.252410 156
141.256408 158
141.262409 146
141.266407 151
141.272408 155
141.276407 151
141.282407 153
141.286403 150
141.292413 150
141.296409 154
141.302407 161
141.306410 151
141.312411 149
141.316410 151
141.322404 156
141.326404 146
141.332410 149
141.336404 167
141.342404 159
141.346407 146
141.352421 149
141.356411 155
141.362411 156
141.366411 160
141.372410 150
141.376410 143
141.382409 147
141.386403 148
141.392412 164
141.396410 152
141.402406 139
141.406410 147
141.412415 164
141.416413 160
141.422401 144
141.426405 146
141.432410 146
141.436411 165
141.445414 162
141.447404 147
141.451410 142
141.457410 146
141.461409 156
141.467424 155
141.471414 160
141.477414 147
141.481412 146
141.487408 158
141.491412 150
141.497407 151
141.501418 151
141.507342 154
141.511413 150
141.517442 150
141.521470 158
141.527412 149
141.531412 154
141.537413 160
141.541411 161
141.547411 152
141.551421 149
141.557412 152
141.561416 151
141.567417 161
141.571411 151
141.577411 147
141.581406 152
141.587410 150
141.591414 152
141.597414 158
141.601350 157
141.608413 150
141.612413 160
141.619403 159
141.622366 153
141.629406 149
141.632413 155
141.637412 154
141.641412 150
141.647412 155
141.651400 145
141.657412 143
141.661410 152
141.667411 155
141.671412 151
141.677412 153
141.681411 150
141.687406 150
141.691410 151
141.697411 150
141.701420 149
141.707417 150
141.711416 151
141.717416 153
141.721415 149
141.727358 145
141.731413 150
141.737411 152
141.741415 155
141.747514 146
141.751442 146
141.757415 151
141.761414 148
141.767414 153
141.771414 153
141.777414 147
141.781413 149
141.787409 157
141.791414 155
141.797414 155
141.801413 153
141.807413 148
141.811413 151
141.817412 150
141.821411 153
141.827355 148
141.831415 151
141.837410 149
141.841414 150
141.847413 156
141.851414 157
141.857413 157
141.861412 157
141.867413 155
141.871415 151
141.877411 153
141.881414 155
141.887410 153
141.891323 149
141.897415 146
141.901414 146
141.907414 151
141.911408 158
141.917408 155
141.921416 146
141.927341 151
141.931360 156
141.937410 150
141.941413 151
141.947416 150
141.951415 146
141.957415 154
141.961413 159
141.967415 152
141.971419 147
141.978414 151
141.982414 150
141.989415 148
141.992405 152
141.999415 151
142.002357 139
142.007416 140
142.011415 160
142.017415 155
142.021407 146
142.027356 152
142.031416 155
142.037411 151
142.041416 154
142.047415 156
142.051414 150
142.057415 146
142.061413 151
142.067419 157
142.071414 156
142.077414 151
142.081417 148
142.087411 155
142.091415 155
142.097416 147
142.101414 145
142.107414 148
142.111412 147
142.125410 150
142.128413 156
142.129406 155
142.140419 151
142.143408 151
142.144408 153
142.149411 159
142.152414 152
142.156414 149
142.162419 150
142.166417 148
142.172414 152
142.176416 156
142.182417 148
142.186353 145
142.192412 155
142.196415 158
142.202406 153
142.206405 155
142.212413 150
142.216417 147
142.222414 151
142.226416 159
142.232412 150
142.236349 149
142.242417 160
142.246415 155
142.255412 152
142.257353 155
142.261417 150
142.267418 155
142.271417 159
142.277417 157
142.281416 149
142.287411 149
142.291416 152
142.297418 153
142.301419 156
142.307415 157
142.311419 150
142.318420 149
142.322409 152
142.329409 152
142.332412 156
142.339414 158
142.342407 156
142.347416 153
142.351415 151
142.357416 156
142.361415 156
142.367419 151
142.371422 153
142.377417 154
142.381415 144
142.387416 148
142.391419 157
142.397416 148
142.401419 146
142.407419 154
142.411417 153
142.417419 145
142.421412 149
142.427418 154
142.431360 149
142.437413 151
142.441415 152
142.447417 153
142.451420 158
142.457416 159
142.461420 150
142.467420 152
142.471418 161
142.477419 151
142.481418 145
142.487419 153
142.491354 155
142.497418 147
142.501415 154
142.507348 156
142.511419 148
142.517415 155
142.521413 161
142.527419 152
142.531418 152
142.537356 152
142.541417 148
142.547419 147
142.551417 149
142.557417 148
142.561416 152
142.567420 154
142.571416 150
142.577421 149
142.581418 150
142.587337 152
142.592419 150
142.599415 152
142.602409 149
142.609419 146
142.612422 151
142.617420 154
142.621405 152
142.627419 152
142.631357 154
142.637423 152
142.641417 154
142.647417 152
142.651416 149
142.657417 148
142.661416 151
142.667416 150
142.671416 150
142.677420 154
142.681415 151
142.687394 148
142.691367 157
142.697420 157
142.701418 148
142.707418 150
142.711418 153
142.717417 152
142.721422 155
142.727422 154
142.731284 148
142.737376 151
142.741371 148
142.747371 154
142.751371 153
142.757372 148
142.761372 148
142.767372 156
142.771369 153
142.777371 147
142.781361 150
142.787371 151
142.791367 148
142.797372 149
142.801368 151
142.807365 147
142.811369 146
142.817369 150
142.821288 150
142.827369 151
142.831869 151
142.837418 148
142.841417 151
142.847418 151
142.851422 152
142.857421 150
142.861421 151
142.867420 146
142.871429 147
142.877420 157
142.881419 151
142.887419 145
142.891418 154
142.897420 158
142.901422 151
142.907417 150
142.911421 153
142.917422 152
142.921397 148
142.927422 144
142.931420 140
142.937406 152
142.941352 157
142.947420 155
142.951428 163
142.957421 160
142.961419 151
142.967420 159
142.971420 161
142.977421 150
142.981424 143
142.987420 151
142.991424 154
142.997420 145
143.001421 153
143.007415 160
143.011423 154
143.017419 161
143.021413 159
143.027423 157
143.032423 156
143.039420 149
143.042414 150
143.049419 158
143.052422 153
143.057413 155
143.061420 158
143.067354 154
143.071424 158
143.077420 153
143.081420 151
143.087424 155
143.091418 153
143.100423 147
143.102411 150
143.106417 150
143.112422 151
143.116421 152
143.122421 155
143.126412 158
143.132420 152
143.136485 156
143.142411 159
143.146418 146
143.152419 149
143.156415 153
143.162423 151
143.166421 144
143.172330 152
143.176420 152
143.182421 147
143.186421 150
143.192424 155
143.196424 149
143.202424 152
143.206417 156
143.212423 151
143.216421 145
143.222438 151
143.226421 149
143.232421 150
143.236425 159
143.245424 152
143.248422 148
143.252421 154
143.256416 158
143.262420 153
143.266424 151
143.272444 151
143.276424 147
143.282424 150
143.290416 150
143.292423 151
143.297422 149
143.303301 154
143.307423 152
143.313423 153
143.317421 151
143.321420 147
143.327420 152
143.331424 158
143.337424 157
143.341416 156
143.347424 150
143.351418 151
143.360422 162
143.363416 156
143.367423 152
143.371426 156
143.377428 156
143.381426 149
143.387427 144
143.391425 152
143.405424 149
143.408426 150
143.409414 154
143.420426 149
143.424424 150
143.425416 154
143.427419 151
143.434423 150
143.437426 156
143.441416 157
143.447424 155
143.451423 149
143.457420 144
143.461424 144
143.467424 151
143.471423 149
143.477421 151
143.481424 149
143.487425 146
143.491424 143
143.497418 148
143.501423 151
143.507356 145
143.511418 144
143.517417 150
143.521426 157
143.527421 153
143.531426 155
143.537425 160
143.541416 160
143.547425 150
143.551424 148
143.557419 161
143.561423 155
143.567423 145
143.571421 153
143.577424 151
143.581427 147
143.587422 149
143.591426 147
143.597418 145
143.601425 149
143.607422 152
143.611425 151
143.617425 151
143.621420 153
143.627424 153
143.631428 152
143.637429 152
143.641290 152
143.647428 147
143.651421 154
143.657426 165
143.661425 149
143.667426 145
143.671424 148
143.677425 153
143.681424 148
143.687424 150
143.691424 153
143.697425 150
143.701422 159
143.707432 164
143.711425 155
143.717426 150
143.721424 153
143.727425 153
143.731424 151
143.737424 153
143.741396 153
143.747430 154
143.751419 155
143.757361 157
143.761426 155
143.767328 154
143.771353 160
143.777423 155
143.781427 156
143.787427 151
143.791426 156
143.797421 156
143.801425 149
143.807399 152
143.811302 156
143.817430 147
143.821429 148
143.827367 160
143.831347 155
143.837424 144
143.841486 153
143.847428 157
143.854424 157
143.856427 149
143.862427 154
143.866424 149
143.875424 143
143.877422 159
143.884416 158
143.887354 145
143.891362 143
143.897424 151
143.901427 153
143.907461 150
143.914424 152
143.916427 149
143.922427 145
143.926417 151
143.932420 154
143.936328 150
143.942397 154
143.946412 155
143.952412 151
143.956421 154
143.962421 147
143.966425 143
143.972425 152
143.976423 157
143.982424 152
143.986427 148
143.992422 143
143.996369 148
144.002429 156
144.006426 156
144.012424 151
144.016428 149
144.022428 150
144.026421 149
144.032427 147
144.036425 155
144.042422 161
144.046425 158
144.052421 155
144.056424 153
144.062428 151
144.066430 147
144.072426 148
144.076426 152
144.084427 152
144.087422 147
144.093420 152
144.097424 154
144.103425 153
144.107438 157
144.112429 159
144.116427 158
144.122427 148
144.126420 151
144.132428 152
144.136427 150
144.142423 150
144.146427 160
144.152290 157
144.156426 153
144.162425 156
144.166430 150
144.172430 159
144.176426 159
144.182426 153
144.186429 143
144.192420 149
144.196429 158
144.202430 152
144.206429 157
144.212430 161
144.216423 151
144.222420 146
144.226427 157
144.232433 151
144.236427 145
144.242427 152
144.246430 153
144.252412 148
144.256425 149
144.262431 153
144.266423 149
144.272428 150
144.276423 158
144.282427 152
144.286431 147
144.292434 152
144.296428 157
144.302429 152
144.306426 150
144.312428 153
144.316431 145
144.322427 142
144.326426 151
144.332431 151
144.336429 147
144.342362 146
144.346430 155
144.352430 150
144.356424 149
144.362429 155
144.366432 151
144.372428 149
144.376424 155
144.382587 151
144.386431 144
144.392358 148
144.396429 151
144.402430 149
144.406429 157
144.412430 157
144.416429 150
144.422429 149
144.426422 160
144.432428 155
144.436433 148
144.442437 157
144.446431 156
144.452431 151
144.456424 153
144.462427 154
144.466426 153
144.472431 152
144.476421 147
144.482430 146
144.486435 147
144.492406 150
144.496427 155
144.502437 159
144.506423 156
144.512433 150
144.516431 152
144.522431 166
144.526435 156
144.532431 145
144.536430 152
144.542430 153
144.546428 149
144.552438 151
144.556424 150
144.562428 149
144.567432 150
144.573428 154
144.577426 155
144.583432 147
144.587431 151
144.592430 157
144.596429 154
144.602430 153
144.606429 149
144.612429 152
144.616432 151
144.622424 152
144.626336 152
144.632431 149
144.636430 147
144.642431 145
144.646429 153
144.652430 150
144.656420 143
144.662427 147
144.666432 165
144.672432 160
144.676441 152
144.686431 157
144.689428 153
144.702431 153
144.705433 154
144.707427 147
144.708423 149
144.715433 154
144.717421 146
144.724431 150
144.727425 158
144.731431 152
144.737432 145
144.741431 155
144.747431 149
144.751431 148
144.757426 155
144.761428 158
144.767434 159
144.771433 152
144.777427 152
144.781432 155
144.787432 159
144.791427 153
144.797427 151
144.801436 150
144.807431 151
144.811431 152
144.817434 162
144.821433 156
144.827428 150
144.831433 156
144.837433 158
144.841432 152
144.848434 144
144.852432 150
144.858428 146
144.862428 150
144.868432 160
144.871426 157
144.877436 146
144.881430 151
144.887435 155
144.891434 155
144.897434 154
144.901434 151
144.907433 144
144.911432 151
144.917433 150
144.921432 152
144.927422 157
144.931431 153
144.937431 145
144.941434 149
144.947431 153
144.951434 147
144.957424 142
144.961430 148
144.967435 149
144.971432 147
144.977345 148
144.981432 155
144.987432 152
144.991431 153
144.997438 156
145.001436 148
145.007436 150
145.011435 151
145.017434 152
145.021434 148
145.027444 153
145.031432 154
145.037433 152
145.041437 152
145.047432 156
145.051435 158
145.057431 159
145.061427 155
145.067435 151
145.071434 151
145.077455 149
145.081429 153
145.087434 154
145.091437 145
145.097434 144
145.101429 149
145.107432 149
145.111446 147
145.117436 152
145.121434 153
145.127463 149
145.131381 154
145.137433 163
145.141433 158
145.147433 152
145.151433 154
145.157432 155
145.161435 152
145.167434 152
145.171432 148
145.177433 145
145.181432 148
145.187433 151
145.191435 158
145.197436 164
145.201427 152
145.207435 152
145.211442 161
145.218434 160
145.222438 156
145.228448 154
145.232435 147
145.238436 147
145.242435 156
145.247435 156
145.251434 152
145.257433 157
145.261435 158
145.267434 147
145.271432 145
145.277434 151
145.281435 150
145.287435 152
145.291433 154
145.297434 155
145.301425 147
145.307438 149
145.311437 159
145.317433 151
145.321437 143
145.327437 152
145.331437 158
145.337438 141
145.341437 131
145.347436 148
145.351440 154
145.357437 146
145.361429 154
145.367431 163
145.371372 150
145.377434 151
145.381435 156
145.387435 154
145.391434 149
145.397438 150
145.401429 146
145.407432 141
145.411435 152
145.417436 157
145.421435 148
145.427436 147
145.431439 154
145.437434 155
145.441437 154
145.447437 149
145.451436 147
145.457437 154
145.461440 152
145.467444 150
145.471437 157
145.477437 151
145.481436 150
145.487437 157
145.494439 152
145.497426 149
145.501430 147
145.507372 151
145.511439 154
145.517436 156
145.521441 158
145.527440 157
145.531439 155
145.537441 158
145.542433 154
145.548433 158
145.552436 154
145.558437 155
145.562294 157
145.568395 146
145.571384 141
145.577389 146
145.581388 157
145.587389 159
145.591388 155
145.597389 162
145.601387 155
145.607389 152
145.611389 162
145.617388 162
145.621389 150
145.627389 150
145.631388 153
145.637387 151
145.641389 154
145.647389 152
145.651389 153
145.657391 156
145.662293 156
145.666383 155
145.672387 145
145.676387 148
145.682387 159
145.686386 152
145.692386 149
145.696331 155
145.702292 153
145.706276 150
145.712278 159
145.716277 156
145.722276 149
145.726275 151
145.732275 153
145.736276 153
145.742276 146
145.746274 145
145.752276 151
145.756282 152
145.762276 146
145.766276 153
145.772277 156
145.776276 152
145.782276 150
145.786277 158
145.792277 156
145.796274 146
145.802280 147
145.806276 154
145.812277 150
145.816276 146
145.822277 153
145.826277 153
145.832277 144
145.836277 152
145.842276 159
145.846275 156
145.852277 150
145.856277 152
145.862277 152
145.866277 153
145.872277 150
145.876277 149
145.882276 152
145.886277 151
145.892278 150
145.896276 149
145.902281 154
145.906277 154
145.912277 158
145.916277 153
145.922278 147
145.926277 151
145.932278 153
145.936278 151
145.942277 148
145.946277 151
145.952277 152
145.956277 153
145.966278 154
145.969277 150
145.982278 151
145.985277 149
145.986273 155
145.988277 154
145.992278 147
145.996278 146
146.002281 151
146.006277 158
146.013278 152
146.017277 145
146.023282 152
146.027277 155
146.033267 150
146.037265 152
146.042342 153
146.046341 146
146.052340 149
146.056338 148
146.062339 153
146.066337 152
146.072341 146
146.076346 149
146.082340 153
146.086346 149
146.092335 147
146.096273 151
146.102259 148
146.106340 148
146.112342 157
146.116341 154
146.122341 149
146.126336 150
146.132336 154
146.136339 151
146.142342 152
146.146340 156
146.152340 149
146.156332 152
146.162293 152
146.166275 153
146.172441 152
146.176444 152
146.182444 156
146.186443 151
146.192434 154
146.196434 154
146.202440 152
146.206441 152
146.212442 158
146.216442 154
146.222443 152
146.226306 157
146.232282 154
146.236436 151
146.242440 152
146.246439 156
146.252441 155
146.256435 152
146.262430 152
146.266450 151
146.272450 151
146.276439 155
146.282440 153
146.286443 146
146.292302 154
146.296282 153
146.302443 149
146.306442 160
146.312443 158
146.316437 148
146.322437 146
146.329442 149
146.331447 152
146.337441 148
146.341440 150
146.347441 155
146.351305 163
146.357283 162
146.361296 157
146.367303 155
146.371387 152
146.377392 156
146.381400 154
146.387272 149
146.391392 151
146.397392 153
146.401392 150
146.407396 161
146.411389 160
146.417332 153
146.421281 151
146.427397 150
146.431400 142
146.437394 143
146.441392 147
146.447394 159
146.451274 152
146.457393 149
146.461393 156
146.467393 164
146.471440 158
146.477445 156
146.481302 155
146.487282 149
146.491395 142
146.497393 146
146.501391 154
146.507336 149
146.511397 150
146.517441 156
146.521438 151
146.527444 154
146.531441 152
146.537442 151
146.541437 146
146.547328 147
146.551316 153
146.557441 152
146.561444 146
146.567442 148
146.571436 153
146.577441 159
146.581431 156
146.587445 149
146.591444 148
146.597445 148
146.601443 147
146.607315 152
146.611319 155
146.617396 153
146.621438 149
146.627445 149
146.631441 148
146.637442 150
146.641444 157
146.647445 154
146.651444 148
146.657445 153
146.661444 157
146.668441 150
146.672345 151
146.678318 152
146.682449 149
146.688445 154
146.691439 153
146.697447 147
146.701441 147
146.707346 152
146.711446 152
146.717432 153
146.721427 155
146.727385 149
146.731440 145
146.737347 152
146.741319 161
146.747446 151
146.751443 146
146.757444 151
146.761443 154
146.767443 151
146.771348 152
146.777448 155
146.781446 148
146.787445 143
146.791444 150
146.797447 151
146.801310 152
146.807292 155
146.811340 159
146.817398 152
146.821398 149
146.827397 150
146.831395 152
146.837388 152
146.841395 154
146.847395 155
146.851394 151
146.857395 147
146.861393 153
146.867277 157
146.871248 153
146.877333 152
146.881442 158
146.887447 153
146.891445 150
146.897446 151
146.901443 150
146.907450 152
146.911448 159
146.917443 162
146.921446 150
146.927447 147
146.931446 151
146.937447 152
146.941445 154
146.947445 157
146.951444 151
146.957439 147
146.961443 152
146.967443 155
146.971308 163
146.977301 157
146.981444 153
146.987448 151
146.991447 155
146.997444 155
147.001447 153
147.007448 150
147.011446 152
147.017445 159
147.021443 151
147.028450 151
147.032448 152
147.038446 147
147.042444 155
147.048445 157
147.052444 149
147.057449 149
147.061447 153
147.067447 157
147.071446 160
147.077441 151
147.081445 144
147.087450 147
147.091448 151
147.097440 154
147.101437 152
147.107443 150
147.111446 149
147.117446 152
147.121445 156
147.126436 153
147.132445 149
147.136448 149
147.142445 156
147.146448 157
147.152448 150
147.156457 144
147.162447 148
147.166439 150
147.172447 149
147.176442 155
147.182445 153
147.186447 149
147.192448 149
147.196445 162
147.202435 158
147.206442 145
147.212449 153
147.216446 157
147.222446 147
147.226446 145
147.232445 154
147.236445 152
147.246448 150
147.249447 154
147.262445 154
147.265447 150
147.266435 150
147.268447 153
147.272446 156
147.276437 157
147.282445 152
147.286449 150
147.292445 157
147.296448 157
147.302445 149
147.306443 151
147.312444 154
147.316448 151
147.322444 152
147.326447 155
147.332448 153
147.336446 153
147.342447 154
147.346450 154
147.352446 153
147.356451 152
147.362451 154
147.366450 155
147.372450 154
147.376440 156
147.382449 158
147.386442 152
147.392454 147
147.396452 151
147.402446 156
147.406446 154
147.412450 152
147.416449 151
147.422449 155
147.426448 154
147.432449 151
147.436450 157
147.445448 154
147.447446 145
147.454451 151
147.457449 154
147.461447 153
147.467446 151
147.471447 154
147.477446 152
147.481446 149
147.487450 151
147.491449 152
147.497449 145
147.501459 143
147.507393 152
147.511452 153
147.517448 148
147.521448 150
147.528449 155
147.532448 155
147.538451 148
147.542449 154
147.548449 155
147.552447 146
147.557447 149
147.561445 153
147.567451 153
147.571450 148
147.577444 145
147.581443 152
147.587449 153
147.591448 148
147.597449 148
147.601456 156
147.607447 156
147.611447 143
147.617447 152
147.621443 161
147.627457 153
147.631451 150
147.637448 161
147.641451 153
147.647451 146
147.651458 157
147.657449 148
147.661453 141
147.667449 142
147.671445 153
147.677314 152
147.681399 152
147.687400 153
147.691400 152
147.697400 153
147.701400 160
147.707401 164
147.711403 155
147.717399 149
147.721399 147
147.727399 149
147.731399 154
147.737399 154
147.741401 151
147.747400 152
147.751400 154
147.757415 155
147.761405 151
147.767403 150
147.771404 157
147.777308 150
147.781395 146
147.787403 156
147.791402 161
147.797402 154
147.801401 154
147.807404 162
147.811402 152
147.817402 153
147.821403 157
147.827402 155
147.831404 143
147.837402 143
147.841403 154
147.847404 151
147.851402 148
147.857402 150
147.861403 153
147.867402 154
147.871403 154
147.877404 163
147.881395 157
147.887403 155
147.891404 161
147.897404 153
147.901403 147
147.907404 151
147.911403 158
147.917403 145
147.921404 142
147.928403 153
147.932404 151
147.938403 150
147.942402 152
147.948404 153
147.952410 149
147.957403 158
147.961404 157
147.967404 150
147.971404 153
147.977403 150
147.981391 150
147.987406 147
147.991404 145
147.997404 149
148.001404 150
148.007405 152
148.011404 152
148.017405 152
148.021403 148
148.027405 153
148.031404 153
148.037404 154
148.041404 153
148.047405 152
148.051405 150
148.057405 149
148.061404 148
148.067403 150
148.071405 149
148.077406 152
148.081398 152
148.087408 152
148.091407 148
148.097406 148
148.101407 149
148.107407 156
148.111404 157
148.117404 150
148.121404 149
148.127405 152
148.131406 153
148.137404 158
148.141404 157
148.147404 151
148.151404 148
148.157404 151
148.161416 149
148.167407 151
148.171405 150
148.177405 152
148.181317 152
148.187406 155
148.191407 153
148.197407 154
148.201405 156
148.207408 151
148.211407 157
148.217407 155
148.221406 148
148.227407 150
148.231406 151
148.237405 146
148.241407 148
148.247402 161
148.251347 149
148.257408 143
148.261407 150
148.268407 155
148.272405 151
148.278406 152
148.282351 156
148.288405 151
148.292407 152
148.297406 157
148.301406 157
148.307407 145
148.311405 146
148.317406 151
148.321406 149
148.327406 148
148.331407 148
148.337406 147
148.341407 147
148.347407 154
148.351406 156
148.357406 152
148.361407 151
148.367407 153
148.371408 160
148.377406 157
148.381406 152
148.387406 147
148.391408 150
148.397408 154
148.401405 149
148.407356 150
148.411406 156
148.417405 147
148.421406 148
148.427411 156
148.431407 154
148.437406 150
148.441407 155
148.447408 159
148.451407 161
148.457408 152
148.461406 155
148.467408 151
148.471407 155
148.477407 157
148.481408 149
148.487420 149
148.491406 150
148.497403 154
148.501409 158
148.507361 158
148.511409 159
148.525409 157
148.528409 155
148.529398 157
148.540403 156
148.543407 153
148.544399 151
148.549406 149
148.552408 149
148.559416 151
148.562406 151
148.569407 153
148.572408 151
148.579408 151
148.582400 154
148.589402 156
148.592410 150
148.596409 150
148.602408 150
148.606408 148
148.612412 155
148.616408 160
148.622407 153
148.626396 147
148.633405 153
148.637403 153
148.643407 147
148.647405 148
148.653405 146
148.656406 147
148.662405 147
148.666405 149
148.672405 153
148.676406 153
148.682405 152
148.686396 156
148.692402 158
148.696405 151
148.702405 153
148.706406 149
148.712419 144
148.716408 149
148.722407 153
148.726408 147
148.732409 144
148.736409 153
148.742409 154
148.746408 152
148.752410 161
148.756408 157
148.762408 151
148.766410 149
148.772409 154
148.776409 149
148.782411 148
148.786401 148
148.792414 151
148.796408 157
148.802409 153
148.806409 151
148.812414 153
148.816409 148
148.822409 143
148.826409 146
148.832411 153
148.836410 148
148.842412 151
148.846409 151
148.852409 152
148.856410 161
148.862409 163
148.866409 158
148.872411 156
148.876409 151
148.882409 152
148.886319 151
148.892412 147
148.896410 140
148.902410 140
148.906410 146
148.912413 156
148.916410 151
148.922409 159
148.926410 159
148.932410 152
148.936411 159
148.942362 165
148.946395 155
148.952398 146
148.956406 153
148.962409 153
148.966410 150
148.972409 149
148.976409 148
148.982410 152
148.986400 156
148.992400 164
148.996400 158
149.002405 152
149.006410 154
149.012417 150
149.016411 145
149.022410 147
149.026404 156
149.032410 153
149.036411 151
149.042411 149
149.046410 148
149.052410 153
149.056410 160
149.062411 158
149.066411 150
149.072422 147
149.076410 144
149.082410 150
149.086412 156
149.092411 153
149.096403 148
149.102412 150
149.106410 160
149.112416 158
149.116402 146
149.122417 149
149.126402 149
149.132412 148
149.136410 155
149.142411 150
149.146411 141
149.152411 145
149.156410 154
149.162412 153
149.166410 153
149.172418 152
149.176410 150
149.182411 154
149.186411 156
149.193413 158
149.197404 156
149.203412 155
149.207410 151
149.213415 152
149.216411 154
149.222417 150
149.226411 151
149.232412 149
149.236412 156
149.242412 159
149.246411 151
149.252412 151
149.256411 153
149.262410 151
149.266330 149
149.272422 157
149.276414 156
149.282347 151
149.286466 160
149.292462 161
149.296970 153
149.303103 154
149.306284 154
149.312330 148
149.316397 142
149.322400 143
149.326405 153
149.332420 151
149.336411 153
149.342406 158
149.346412 150
149.352413 151
149.356418 158
149.362414 165
149.366414 155
149.372297 147
149.376339 147
149.382423 151
149.386412 147
149.392413 147
149.396362 152
149.402405 152
149.406347 148
149.412419 151
149.416414 153
149.422414 150
149.426413 148
149.432412 149
149.436413 149
149.442406 152
149.446413 155
149.452415 154
149.456387 150
149.462413 153
149.466522 157
149.473424 157
149.474424 157
