129.304199 234.762
129.308195 240.156
129.314619 233.463
129.324402 233.144
129.328192 237.24
129.329186 231.383
129.341320 232.495
129.343262 232.512
129.344329 232.598
129.349336 233.765
129.353335 231.599
129.359336 232.407
129.363336 232.282
129.369330 229.277
129.373340 233.677
129.379334 233.139
129.383333 233.793
129.389334 236.833
129.393337 235.521
129.399337 233.139
129.403336 234.329
129.409241 234.753
129.412339 237.777
129.416338 235.427
129.423278 233.728
129.426329 234.021
129.433338 232.295
129.436337 238.029
129.443337 231.547
129.447337 228.83
129.454339 239.109
129.458337 236.447
129.464338 234.932
129.468328 237.112
129.474336 238.298
129.476334 235.533
129.483335 234.868
129.486329 237.127
129.493335 235.731
129.496328 234.009
129.503328 234.779
129.506317 228.432
129.513337 228.291
129.516334 233.583
129.523274 240.156
129.526330 235.111
129.533329 234.708
129.536338 232.605
129.543334 234.881
129.546328 242.704
129.553334 238.964
129.556337 231.391
129.563334 232.577
129.566332 236.529
129.573337 239.94
129.576335 239.031
129.583336 234.838
129.586331 233.728
129.593336 232.22
129.596337 238.229
129.603334 238.583
129.606329 236.188
129.613338 236.504
129.616337 236.487
129.623181 243.596
129.626284 240.275
129.633287 238.002
129.636288 236.738
129.643287 233.619
129.646278 236.182
129.653283 239.334
129.656287 234.6
129.663290 229.68
129.666278 231.104
129.673286 238.958
129.676286 234.049
129.683288 232.493
129.686278 238.155
129.693287 237.24
129.696285 235.748
129.703288 238.692
129.706279 232.573
129.713291 233.026
129.716289 235.16
129.723231 238.902
129.726289 234.6
129.733299 231.573
129.736291 231.746
129.743291 234.753
129.746281 235.516
129.753286 237.363
129.756290 233.369
129.763292 233.825
129.766281 238.65
129.773291 240.601
129.776290 235.519
129.783294 233.645
129.786282 234.866
129.793291 233.227
129.796282 233.838
129.803290 231.655
129.806281 231.746
129.813291 231.095
129.816291 231.303
129.823202 235.238
129.826306 234.329
129.833291 232.183
129.838280 233.91
129.844288 234.574
129.848288 235.663
129.854286 236.123
129.858288 234.866
129.863294 231.27
129.866279 231.391
129.873287 236.061
129.876288 234.214
129.883289 231.845
129.886300 235.903
129.893287 232.729
129.896277 230.764
129.903298 234.329
129.906281 234.218
129.913290 233.275
129.916288 234.664
129.923205 236.487
129.926285 233.472
129.933285 234.753
129.936285 234.983
129.943208 231.84
129.946288 231.84
129.953283 232.605
129.956287 233.793
129.963239 231.84
129.966279 233.677
129.973289 236.829
129.976288 236.299
129.983290 234.218
129.986279 234.218
129.993289 233.463
129.996288 232.822
130.003286 237.895
130.006278 233.028
130.013290 230.456
130.016289 232.921
130.023358 234.983
130.026282 234.864
130.033292 236.96
130.036283 234.453
130.043291 232.278
130.046282 236.172
130.053287 236.707
130.056291 234.762
130.063300 234.115
130.066289 234.231
130.073293 237.245
130.076292 234.231
130.083293 235.956
130.086292 235.956
130.093293 234.115
130.096292 235.296
130.103289 235.533
130.106278 234.231
130.113289 234.107
130.116289 235.516
130.123178 236.829
130.126280 236.707
130.133295 234.647
130.136291 236.592
130.143290 234.115
130.146281 236.487
130.153285 238.969
130.156289 237.245
130.163290 234.651
130.166283 234.762
130.173288 236.715
130.176291 234.231
130.183291 232.938
130.186226 233.382
130.193292 234.043
130.196292 235.769
130.203294 235.108
130.206280 237.021
130.213290 236.478
130.216290 235.943
130.223184 237.777
130.226273 235.41
130.233278 235.296
130.236244 235.296
130.243292 234.557
130.248289 235.011
130.254285 234.472
130.258288 233.838
130.264290 234.459
130.268290 237.135
130.273291 237.245
130.276289 236.707
130.283290 235.402
130.286275 235.189
130.293290 237.017
130.296291 233.825
130.303226 231.95
130.306281 236.941
130.313291 239.406
130.316290 233.206
130.323302 234.021
130.326660 238.439
130.333294 235.943
130.336294 232.822
130.343293 237.371
130.346284 236.478
130.353235 233.189
130.356292 237.127
130.363294 236.478
130.366289 233.275
130.373295 234.647
130.376293 236.707
130.383182 237.668
130.386284 239.744
130.393299 237.245
130.396281 235.189
130.403297 235.198
130.406474 239.094
130.413294 234.651
130.416295 233.472
130.423293 236.487
130.426351 235.198
130.433294 235.198
130.436294 235.833
130.443295 234.647
130.446285 234.753
130.453294 234.864
130.456293 235.943
130.463293 238.43
130.466288 235.189
130.473294 233.189
130.476294 235.833
130.483293 235.939
130.486625 232.282
130.493292 233.463
130.496277 232.921
130.504286 235.291
130.508284 235.833
130.514290 235.637
130.518294 235.646
130.524294 235.553
130.528215 235.565
130.533295 236.924
130.536297 235.198
130.543295 235.833
130.546286 235.939
130.553295 236.478
130.556295 234.753
130.563295 236.592
130.566289 236.377
130.573294 233.919
130.576294 235.308
130.583295 234.132
130.586285 232.65
130.593295 233.91
130.597294 236.588
130.607295 234.107
130.609286 234.004
130.612294 236.707
130.622290 235.291
130.626286 237.017
130.628314 239.744
130.634294 235.735
130.638291 234.459
130.644294 237.021
130.648295 235.841
130.654229 237.668
130.658295 234.549
130.664295 235.296
130.668299 234.107
130.674295 236.833
130.677296 235.939
130.681296 231.004
130.688289 237.24
130.691293 237.127
130.698292 235.833
130.701293 234.459
130.708292 235.841
130.711287 235.731
130.718292 237.135
130.721298 235.189
130.728317 232.641
130.731231 235.833
130.738290 235.198
130.741295 236.377
130.748294 235.096
130.751288 233.193
130.758292 233.193
130.761294 238.969
130.768299 237.777
130.771228 232.732
130.778294 234.651
130.781293 235.41
130.788291 234.651
130.791292 233.275
130.798288 235.198
130.801281 235.841
130.808292 235.198
130.811296 237.021
130.818296 237.777
130.821234 235.189
130.828298 232.925
130.831212 238.552
130.838309 232.83
130.841297 233.91
130.848297 233.825
130.851296 235.096
130.858297 236.275
130.861298 235.735
130.868300 235.833
130.871289 235.939
130.878297 233.677
130.881298 232.732
130.888231 232.732
130.891291 235.096
130.898296 234.009
130.901298 233.275
130.908298 235.41
130.911290 238.313
130.918297 235.833
130.921336 236.916
130.928297 236.373
130.931211 235.553
130.938225 232.641
130.941301 235.637
130.948297 236.916
130.951291 236.373
130.958298 232.727
130.961297 235.402
130.968295 238.021
130.971206 234.864
130.978297 232.925
130.981298 231.556
130.988293 231.556
130.991289 235.956
130.998294 237.257
131.001296 237.786
131.008296 235.189
131.011290 237.245
131.018295 238.82
131.021294 233.384
131.028306 234.045
131.031588 235.64
131.038337 235.943
131.041294 234.472
131.048294 235.748
131.051288 234.459
131.058291 234.455
131.061292 239.086
131.068298 238.43
131.071289 234.009
131.078294 237.034
131.081293 237.68
131.088235 235.13
131.091198 236.39
131.098338 239.752
131.101339 235.189
131.108222 237.558
131.111188 239.502
131.118195 235.663
131.121189 233.206
131.128203 235.215
131.131189 237.68
131.138196 235.198
131.141193 237.786
131.148189 238.439
131.151189 235.833
131.158191 239.502
131.161193 240.693
131.168195 239.929
131.171196 239.937
131.178194 240.472
131.181195 238.212
131.188192 239.527
131.191192 238.229
131.198313 237.293
131.201195 240.585
131.208196 236.284
131.211196 237.021
131.218222 238.212
131.221211 238.86
131.228219 236.738
131.231211 237.39
131.238222 241.464
131.241219 239.737
131.248220 240.377
131.251213 240.927
131.258216 238.39
131.261214 239.754
131.268221 239.117
131.271212 238.411
131.278216 237.947
131.281216 238.583
131.288217 238.027
131.291212 239.654
131.298216 241.06
131.301217 237.784
131.308216 235.894
131.311211 239.021
131.318202 240.927
131.321231 240.749
131.328339 239.579
131.331291 235.97
131.338338 238.411
131.341341 240.749
131.348347 237.247
131.351337 237.158
131.358341 237.876
131.361346 236.595
131.368347 236.123
131.372344 238.667
131.379346 236.199
131.382336 234.305
131.389323 237.474
131.392348 238.562
131.399349 237.926
131.401340 238.483
131.408349 237.851
131.411337 235.408
131.418347 237.205
131.421346 237.926
131.428346 236.662
131.431341 236.662
131.438340 238.378
131.441344 235.332
131.448346 237.221
131.451341 239.754
131.458347 235.97
131.461349 234.73
131.468351 238.583
131.471340 237.947
131.478348 236.123
131.481350 237.39
131.488349 236.22
131.491339 234.785
131.498343 236.755
131.501347 238.65
131.508344 235.476
131.511342 236.738
131.518342 239.201
131.521345 238.027
131.528347 239.117
131.531340 238.027
131.538345 239.222
131.541342 237.314
131.548343 237.947
131.551346 237.415
131.558342 236.148
131.561349 236.856
131.568347 236.856
131.571346 236.755
131.578346 238.667
131.581349 236.856
131.588345 233.765
131.591349 238.116
131.598346 239.406
131.601348 238.116
131.608349 237.584
131.611339 237.373
131.618348 238.65
131.621343 237.373
131.628348 239.293
131.631343 241.234
131.638342 236.738
131.641349 236.835
131.648351 239.293
131.651346 239.937
131.658342 238.55
131.661349 237.567
131.668345 238.65
131.671349 236.941
131.678349 239.426
131.681348 237.525
131.689074 239.222
131.691425 239.456
131.698339 236.36
131.701332 238.81
131.708339 238.692
131.711255 237.344
131.718352 236.814
131.721350 239.142
131.728345 237.293
131.731288 238.747
131.738346 238.86
131.741343 237.474
131.748350 239.201
131.751344 238.562
131.758343 239.117
131.761347 238.411
131.768349 241.506
131.771351 238.95
131.778351 240.21
131.781345 239.579
131.788352 242.231
131.791347 240.844
131.798352 236.535
131.801348 238.441
131.808346 237.188
131.811349 237.28
131.819351 240.977
131.822341 236.25
131.829342 235.688
131.832303 239.309
131.839252 242.429
131.842342 241.035
131.848350 238.508
131.851345 238.975
131.858348 242.145
131.861351 239.675
131.868344 236.683
131.871351 244.174
131.885350 238.483
131.888283 236.662
131.889335 237.39
131.901353 236.856
131.903347 238.027
131.904343 236.78
131.909346 239.779
131.913355 238.508
131.919354 237.247
131.923353 240.948
131.929351 240.948
131.933354 237.784
131.939291 237.876
131.943189 237.876
131.949308 238.411
131.953305 237.221
131.959300 236.123
131.963304 237.474
131.969302 238.116
131.972304 237.926
131.976304 239.222
131.983307 236.055
131.986297 237.158
131.993301 238.95
131.996305 238.348
132.003248 240.235
132.006295 236.62
132.013309 235.374
132.016300 241.06
132.023312 239.142
132.026297 235.459
132.033305 237.977
132.036305 236.182
132.043307 236.148
132.046296 235.053
132.053305 240.075
132.056301 239.426
132.063305 233.765
132.066296 236.856
132.073310 238.667
132.076304 239.954
132.083305 240.393
132.086295 235.519
132.093302 234.891
132.096305 236.148
132.103306 236.78
132.106296 239.862
132.113917 236.25
132.116253 234.421
132.123210 236.966
132.126207 240.104
132.133304 239.979
132.136305 237.39
132.143244 238.053
132.146297 237.39
132.153305 239.201
132.156306 240.506
132.163306 236.856
132.166296 236.123
132.173310 239.426
132.176304 239.426
132.183305 238.78
132.186291 237.415
132.193303 238.692
132.196306 236.886
132.203311 238.692
132.207305 239.142
132.214305 238.692
132.217306 239.754
132.224304 236.683
132.227301 238.508
132.234307 239.042
132.236306 237.876
132.243305 239.142
132.246297 236.78
132.253306 236.25
132.256306 242.582
132.263306 238.877
132.266298 240.075
132.273311 239.426
132.276300 236.856
132.283306 238.39
132.286297 240.977
132.293244 239.604
132.296372 239.071
132.303273 241.06
132.306348 240.535
132.313362 238.613
132.316355 237.39
132.323357 239.456
132.326346 238.166
132.333355 237.415
132.336355 237.977
132.343293 239.042
132.346346 237.103
132.353359 238.441
132.356352 238.348
132.363357 239.604
132.366347 238.975
132.373358 237.247
132.376346 239.042
132.383355 239.142
132.386346 237.947
132.393349 238.053
132.396357 239.309
132.403354 238.053
132.406349 239.251
132.413350 238.441
132.416353 239.008
132.423354 237.137
132.426349 236.603
132.433353 238.479
132.436356 236.123
132.443295 238.541
132.446347 236.565
132.453356 238.441
132.456354 239.071
132.463355 237.977
132.466345 237.415
132.473355 237.314
132.476345 237.851
132.483320 238.027
132.486355 237.947
132.493353 238.027
132.496349 236.755
132.503350 237.415
132.506333 238.583
132.513352 238.692
132.516356 237.947
132.523356 238.583
132.526354 241.568
132.533309 239.201
132.536355 238.137
132.543306 238.562
132.546347 239.222
132.553356 239.779
132.556360 235.459
132.563356 238.541
132.566346 237.247
132.573356 237.314
132.576295 237.947
132.583355 236.22
132.586349 236.301
132.593350 236.186
132.596357 235.646
132.603355 239.527
132.606349 238.137
132.613353 236.78
132.616240 237.977
132.623160 237.28
132.626155 238.541
132.634249 240.452
132.637340 239.251
132.644351 238.583
132.647300 236.886
132.654356 237.947
132.656358 239.334
132.663355 239.979
132.666343 236.856
132.673354 237.495
132.676361 242.582
132.683357 238.137
132.686347 238.137
132.693295 238.254
132.696349 237.495
132.703357 235.587
132.706346 236.78
132.713361 236.182
132.716358 233.197
132.723354 235.587
132.726323 237.609
132.733358 238.229
132.739361 235.028
132.742351 237.68
132.746353 239.393
132.753359 235.553
132.756361 239.842
132.763359 237.926
132.766351 234.866
132.773356 236.595
132.776354 238.508
132.783355 237.977
132.786345 238.128
132.793359 237.563
132.796357 237.563
132.803359 240.755
132.806347 242.693
132.813357 239.794
132.816355 238.229
132.823357 235.028
132.826351 237.373
132.833360 241.8
132.836358 237.314
132.843333 231.184
132.846340 231.761
132.853355 239.779
132.856356 239.779
132.863353 239.675
132.866347 242.017
132.873359 237.851
132.876356 236.662
132.884360 243.738
132.887353 242.429
132.894244 241.663
132.897539 234.849
132.904210 236.123
132.907210 235.087
132.913268 238.086
132.916267 235.497
132.923268 233.103
132.926257 236.856
132.933265 239.251
132.936268 239.456
132.943268 240.075
132.946260 236.326
132.953269 239.754
132.956269 239.042
132.963263 238.441
132.966259 238.887
132.973270 234.683
132.976266 237.221
132.983267 236.755
132.986253 238.759
132.993270 237.668
132.996268 235.943
133.003267 237.245
133.006259 237.912
133.013267 238.229
133.016271 240.626
133.023267 237.344
133.026259 236.03
133.033268 235.289
133.036267 238.908
133.043270 239.679
133.046184 237.851
133.053238 234.139
133.056235 238.692
133.063231 238.229
133.066227 234.021
133.073238 236.605
133.076233 238.569
133.083234 237.135
133.086226 235.858
133.093235 237.584
133.096240 236.966
133.103236 236.085
133.106231 238.65
133.113234 239.579
133.116234 238.332
133.123219 241.468
133.126228 239.742
133.133236 241.06
133.136235 242.035
133.143233 237.68
133.146218 235.735
133.153237 238.642
133.157237 237.474
133.167235 233.701
133.169228 235.493
133.172238 238.692
133.182236 237.495
133.185239 237.495
133.188237 242.45
133.194236 239.309
133.198236 239.309
133.204234 240.601
133.208235 237.39
133.214229 240.601
133.219238 238.692
133.225236 234.985
133.229228 237.415
133.235236 237.525
133.237229 237.084
133.242236 238.288
133.248233 234.455
133.251242 234.301
133.258238 233.867
133.261257 239.176
133.268236 239.289
133.271234 237.977
133.278239 236.78
133.281238 237.851
133.288238 239.654
133.291231 239.309
133.298236 240.277
133.301236 236.034
133.308236 237.344
133.311230 238.441
133.318235 236.03
133.321235 235.996
133.328218 238.086
133.331230 238.086
133.338239 236.288
133.341237 235.023
133.348227 237.449
133.351222 236.924
133.358236 237.977
133.361236 238.613
133.368236 238.613
133.371223 236.148
133.378256 234.357
133.381236 238.166
133.388237 238.902
133.391219 236.966
133.398238 236.22
133.401236 235.16
133.408236 238.902
133.411229 237.609
133.418236 234.955
133.421241 235.587
133.428236 236.595
133.431231 236.683
133.438237 241.151
133.441236 237.495
133.448315 237.834
133.451221 239.937
133.458241 239.527
133.461239 238.65
133.468238 235.24
133.471302 237.828
133.478240 237.701
133.481236 236.44
133.488237 237.122
133.491233 234.395
133.498500 232.487
133.501194 239.493
133.508201 236.525
133.511203 232.616
133.518240 237.449
133.521239 237.495
133.528235 237.474
133.531232 238.116
133.538238 238.229
133.541238 236.39
133.548238 237.474
133.551230 238.254
133.558239 237.525
133.561236 231.95
133.568246 238.613
133.571234 238.847
133.578240 234.395
133.581239 235.654
133.588237 240.142
133.591232 235.837
133.598234 234.676
133.601238 239.211
133.608239 238.935
133.611232 234.523
133.618236 238.027
133.621239 238.351
133.628238 235.646
133.631233 236.186
133.638243 238.86
133.641276 237.567
133.648276 235.769
133.651265 235.24
133.658272 233.962
133.661269 233.889
133.668271 236.36
133.671264 238.086
133.678274 236.886
133.681262 236.22
133.688273 236.966
133.691264 237.609
133.698269 237.609
133.701270 234.493
133.708270 231.53
133.711264 237.474
133.718273 237.802
133.721273 236.39
133.728270 238.351
133.731264 237.828
133.738273 237.177
133.741272 231.469
133.748273 235.722
133.751188 238.086
133.758274 234.301
133.761272 233.769
133.768271 233.974
133.771266 235.616
133.778277 236.36
133.781265 238.692
133.788271 236.886
133.791267 236.326
133.798267 232.693
133.801273 235.13
133.808275 237.474
133.811267 234.395
133.818271 233.859
133.821271 235.565
133.828273 238.137
133.831266 235.799
133.838274 234.455
133.841273 237.449
133.848271 238.204
133.851195 234.523
133.858234 234.523
133.861228 232.269
133.868235 235.799
133.871238 232.796
133.878245 237.609
133.881232 239.656
133.888241 234.493
133.891234 235.883
133.898235 235.858
133.901239 238.59
133.908240 235.977
133.911233 232.873
133.918238 235.977
133.921239 238.229
133.928240 237.055
133.932240 236.529
133.939239 238.481
133.942232 232.667
133.949240 235.769
133.952239 240.971
133.959240 232.693
133.961268 235.33
133.968274 240.817
133.971268 235.858
133.978278 238.229
133.981264 240.341
133.988273 238.254
133.991253 234.6
133.998268 234.804
134.001273 241.632
134.008274 239.002
134.011268 237.828
134.018273 236.44
134.021193 233.433
134.028244 239.827
134.031243 238.38
134.038242 237.084
134.041242 237.525
134.048239 235.799
134.051234 236.856
134.058241 238.78
134.061221 240.204
134.068241 237.609
134.071235 234.395
134.078245 236.966
134.081234 236.856
134.088240 236.941
134.091234 240.705
134.098457 236.44
134.101224 234.891
134.108228 237.314
134.111224 237.525
134.118246 241.18
134.121236 240.418
134.128236 237.415
134.131232 238.81
134.138240 237.084
134.141228 237.084
134.148234 238.902
134.151235 236.301
134.158235 235.493
134.161231 234.357
134.168275 235.087
134.171265 234.267
134.178276 235.553
134.181266 239.251
134.188274 235.616
134.191266 237.415
134.198266 238.81
134.201269 232.538
134.208267 234.866
134.211266 237.731
134.218268 233.889
134.221267 231.348
134.228268 238.877
134.231266 235.215
134.238267 233.283
134.241269 239.527
134.248265 238.254
134.251268 232.727
134.258270 231.994
134.261267 233.816
134.268268 238.768
134.271264 238.726
134.278269 235.688
134.281264 233.765
134.288268 234.685
134.291264 236.732
134.298269 237.257
134.301268 234.762
134.308269 233.583
134.311266 232.209
134.318269 236.732
134.321269 237.278
134.328271 231.039
134.332270 235.977
134.339269 241.781
134.342264 237.962
134.349264 236.656
134.352268 233.765
134.358271 235.028
134.361270 239.406
134.368364 235.858
134.371366 230.835
134.378372 234.881
134.381303 236.061
134.388367 238.298
134.391361 238.449
134.398363 240.412
134.401367 238.439
134.408368 233.3
134.411362 235.883
134.418367 235.883
134.421365 235.053
134.428360 233.889
134.431301 236.886
134.445367 235.616
134.448367 237.211
134.449357 239.656
134.460365 238.569
134.463288 238.168
134.464298 233.036
134.469363 236.307
134.473258 235.145
134.479373 232.766
134.483367 232.628
134.489367 235.654
134.493366 238.015
134.499367 238.613
134.503360 239.892
134.509365 235.053
134.513369 233.592
134.519362 235.883
134.523211 234.715
134.526359 238.514
134.533364 233.996
134.536367 233.859
134.543368 237.152
134.546358 234.021
134.553367 238.029
134.556371 238.707
134.563372 233.114
134.566363 229.841
134.573394 233.776
134.576369 235.701
134.583366 238.65
134.586360 238.696
134.593364 231.994
134.596369 233.163
134.603369 236.529
134.606358 234.685
134.613368 237.278
134.617359 233.919
134.624362 232.848
134.627366 234.557
134.634361 232.209
134.637369 233.382
134.644376 235.977
134.646360 236.924
134.653369 234.073
134.656371 234.634
134.663368 233.002
134.666358 238.606
134.673367 233.403
134.676367 233.002
134.683363 237.609
134.686360 231.182
134.693368 235.841
134.696361 236.846
134.703308 237.506
134.706347 234.231
134.713363 233.919
134.716365 236.275
134.723370 237.68
134.726361 234.459
134.733364 231.909
134.736367 240.95
134.743369 232.744
134.746358 234.685
134.753368 236.966
134.756366 235.359
134.763377 234.043
134.766229 228.998
134.773374 236.529
134.776371 238.455
134.783368 232.667
134.786361 236.078
134.793371 239.228
134.796370 237.135
134.803371 237.912
134.806360 237.388
134.813370 235.308
134.816364 236.592
134.823369 236.061
134.826358 241.241
134.833367 235.215
134.836371 233.326
134.843368 234.523
134.846362 235.769
134.853371 239.002
134.856370 238.218
134.863371 234.932
134.866351 233.489
134.873365 235.213
134.876373 238.046
134.883368 236.732
134.886358 241.203
134.893368 231.219
134.896370 228.817
134.903372 240.911
134.906361 250.206
134.913372 234.455
134.916372 222.461
134.923371 234.634
134.926361 244.168
134.933365 238.902
134.936314 237.68
134.943370 229.081
134.946364 240.603
134.953369 241.27
134.956371 227.088
134.963373 234.216
134.967281 243.971
134.974332 232.487
134.977372 236.814
134.984372 239.334
134.987361 228.27
134.993370 236.626
134.996369 241.663
135.003269 236.176
135.006358 246.303
135.013369 235.587
135.016279 228.858
135.023372 235.553
135.026368 232.456
135.033377 233.163
135.036369 245.055
135.043371 231.823
135.046361 229.212
135.053370 227.484
135.056369 239.37
135.063370 241.909
135.066369 235.13
135.073364 230.727
135.076372 233.043
135.083368 236.199
135.086363 232.667
135.093373 240.585
135.096370 234.043
135.103372 227.326
135.106362 237.668
135.113371 242.359
135.116349 239.353
135.123308 232.295
135.126365 230.222
135.133281 231.499
135.136371 234.6
135.143373 237.828
135.146363 234.421
135.153373 228.493
135.156370 234.6
135.163372 241.241
135.166361 234.115
135.173366 234.868
135.176374 234.868
135.183380 228.009
135.186365 236.061
135.193365 242.58
135.196363 236.39
135.203371 233.859
135.206365 234.715
135.213374 234.282
135.216371 237.912
135.223374 240.035
135.226363 234.38
135.233349 235.096
135.236376 239.188
135.243372 235.565
135.246361 235.476
135.254372 234.6
135.257376 234.472
135.264371 236.349
135.267379 238.029
135.274367 234.231
135.276369 238.69
135.283371 233.831
135.286365 236.21
135.293365 235.977
135.296808 231.707
135.303236 237.055
135.306355 234.6
135.313361 232.796
135.316358 237.211
135.323284 236.966
135.326367 235.799
135.333372 239.552
135.336373 236.529
135.343381 239.794
135.346360 237.021
135.353370 235.296
135.356372 235.841
135.363373 232.744
135.366364 233.12
135.373367 235.24
135.376366 235.769
135.383372 234.634
135.386363 235.519
135.393372 237
135.396375 236.44
135.403371 231.972
135.406367 237.308
135.413371 241.359
135.416374 231.972
135.423371 235.028
135.426367 236.941
135.433375 233.838
135.436373 233.936
135.443369 235.24
135.446369 236.301
135.453375 235.13
135.456373 235.24
135.463374 233.592
135.466363 238.166
135.473367 234.421
135.476372 236.44
135.483372 236.529
135.486367 236.504
135.493376 238.212
135.496366 233.193
135.503369 233.043
135.506353 235.391
135.513373 235.011
135.516376 239.393
135.523376 231.937
135.526366 232.192
135.533371 239.89
135.536374 238.315
135.543371 236.307
135.546366 235.41
135.553376 235.956
135.556374 234.493
135.563377 232.162
135.566364 230.274
135.573370 229.841
135.576364 245.198
135.583374 237.828
135.586364 233.489
135.593374 235.69
135.596377 238.854
135.603368 239.215
135.606367 236.715
135.614374 237.24
135.617375 232.641
135.624367 236.916
135.627375 236.377
135.634405 233.666
135.637374 235.476
135.643375 240.075
135.646364 239.031
135.653369 237.177
135.656372 239.656
135.663374 237.933
135.666368 232.433
135.673372 236.985
135.676314 233.036
135.683375 236.592
135.686366 238.317
135.693370 232.062
135.696374 233.701
135.703376 239.862
135.706369 237.415
135.713373 233.701
135.717373 237.731
135.727376 239.794
135.729366 237.912
135.732376 240.934
135.742379 235.291
135.745373 234.647
135.748374 235.189
135.754367 233.489
135.758374 232.766
135.764370 231.676
135.768370 238.204
135.774370 237.815
135.778367 238.726
135.784374 233.257
135.788376 233.549
135.794371 239.794
135.797366 235.748
135.801377 233.193
135.808375 231.937
135.811368 237.457
135.818387 234.455
135.821376 232.097
135.828378 234.115
135.831371 236.349
135.838370 236.349
135.841374 238.189
135.848376 240.971
135.851371 234.6
135.858377 230.809
135.861375 233.889
135.868400 233.889
135.871374 238.137
135.878371 233.137
135.881373 232.667
135.888376 239.752
135.891369 233.686
135.898262 232.183
135.901263 235.009
135.908364 238.155
135.911277 234.329
135.918372 237.493
135.921376 234.231
135.928378 232.295
135.931373 236.487
135.938372 233.728
135.941379 234.38
135.948377 234.38
135.951370 233.9
135.958376 234.32
135.961378 232.796
135.968375 232.667
135.971371 233.3
135.978375 242.126
135.981378 242.258
135.988374 234.753
135.991369 231
135.998374 236.299
136.001377 237.24
136.008378 236.188
136.011372 235.943
136.018377 233.489
136.021375 236.916
136.028377 234.158
136.031371 229.841
136.038370 229.95
136.041378 231.707
136.048380 236.935
136.051370 239.794
136.058374 237.346
136.061377 236.138
136.068379 232.317
136.071364 236.176
136.078373 236.833
136.081380 233.144
136.088380 235.247
136.091375 234.991
136.098379 233.275
136.101376 239.51
136.108378 234.043
136.111372 228.642
136.118378 237.055
136.121372 232.162
136.128377 235.769
136.131371 237.495
136.138298 234.073
136.141383 234.685
136.148377 229.75
136.151364 231.845
136.158372 240.46
136.161381 230.781
136.168380 234.337
136.171371 233.311
136.178376 235.69
136.181378 239.249
136.188379 237.278
136.191374 233.028
136.198378 227.794
136.201377 232.062
136.208377 233.163
136.211371 236.123
136.218381 234.955
136.221370 234.224
136.228380 230.143
136.231375 231.547
136.238374 237.238
136.241382 239.585
136.248379 232.987
136.251373 232.991
136.258376 232.742
136.261378 234.354
136.268380 233.403
136.271374 234.235
136.278375 232.097
136.281382 232.573
136.288378 235.198
136.291372 235.16
136.298377 229.841
136.301380 232.317
136.308378 237.506
136.311375 235.521
136.318380 236.324
136.321372 239.142
136.328381 232.742
136.331372 228.092
136.338376 232.921
136.341387 237.133
136.348380 237.933
136.353318 231.53
136.356378 234.753
136.363379 234.111
136.366368 235.274
136.373379 235.584
136.376381 230.92
136.383384 233.604
136.386372 234.762
136.393373 242.543
136.396371 236.299
136.403386 231.953
136.406370 234.991
136.413381 232.991
136.416378 239.259
136.423374 237.112
136.426375 236.21
136.433380 236.757
136.436381 234.634
136.443278 235.053
136.447377 233.72
136.454374 233.326
136.457381 229.172
136.464378 237.962
136.467378 234.282
136.473381 232.11
136.476378 235.296
136.483381 234.753
136.486375 238.556
136.493380 238.29
136.496369 239.109
136.503265 235.64
136.506570 233.472
136.513273 233.514
136.516282 234.523
136.523294 233.927
136.526280 232.822
136.533295 236.182
136.536289 235.701
136.543293 236.814
136.546280 232.248
136.553289 232.131
136.556289 231.556
136.563287 233.422
136.566281 236.299
136.573288 233.463
136.576292 234.214
136.583296 234.991
136.586282 234.009
136.593290 236.846
136.596291 238.34
136.603292 229.98
136.606281 232.908
136.613290 232.644
136.616288 232.51
136.623271 235.917
136.626281 230.9
136.633291 234.38
136.636288 232.39
136.643289 230.781
136.646280 235.64
136.653288 232.493
136.656287 235.402
136.663291 232.381
136.666280 237.493
136.673288 236.707
136.676289 231.547
136.683286 237.017
136.686280 237.257
136.693286 230.308
136.696292 228.642
136.703291 235.359
136.706280 233.763
136.713290 228.013
136.716290 232.596
136.723288 233.861
136.726283 231.104
136.733286 232.39
136.736292 240.84
136.743290 233.036
136.746281 234.762
136.754301 235.943
136.757290 229.212
136.764292 234.115
136.767286 237.664
136.774292 235.296
136.777291 233.583
136.783286 233.703
136.786282 238.029
136.793292 237.506
136.796291 232.506
136.803290 231.104
136.806291 236.447
136.813293 235.264
136.816292 229.604
136.823288 234.991
136.826283 234.881
136.833291 236.715
136.836291 235.533
136.843291 235.533
136.846282 236.707
136.853292 237.489
136.856292 235.64
136.863291 236.324
136.866281 230.848
136.873287 229.619
136.876297 237.055
136.883264 236.301
136.886285 233.3
136.893290 236.504
136.896291 232.848
136.903292 234.107
136.906283 237.506
136.913291 239.215
136.916292 234.009
136.923290 230.222
136.926281 235.13
136.933293 239.426
136.936293 233.889
136.943293 235.799
136.946282 236.411
136.953293 235.215
136.956289 233.283
136.963291 233.054
136.966283 232.209
136.973287 229.12
136.976291 237.786
136.983287 237.257
136.986282 229.515
136.993293 234.459
136.997291 242.788
137.007290 234.115
137.009282 235.939
137.022286 239.345
137.025292 233.401
137.027286 231.961
137.028285 240.019
137.033290 235.784
137.036292 232.631
137.044291 232.656
137.047286 235.323
137.054293 235.873
137.057285 229.907
137.064292 232.693
137.069294 230.274
137.072294 235.215
137.076292 235.956
137.083281 232.011
137.086286 239.744
137.093290 241.74
137.096292 231.004
137.103219 236.707
137.106284 237.935
137.113379 233.036
137.116377 234.664
137.123334 238.59
137.126378 234.158
137.133383 230.508
137.136385 228.934
137.143388 235.623
137.146378 240.379
137.153382 236.525
137.156376 231.262
137.163386 234.301
137.166375 238.667
137.173379 238.743
137.176383 237.245
137.183273 235.145
137.186376 232.906
137.193382 236.08
137.196384 240.169
137.203386 234.004
137.206375 235.108
137.213385 234.357
137.216385 229.081
137.223385 234.968
137.226374 236.402
137.233384 235.722
137.236386 235.274
137.243387 234.902
137.246377 236.176
137.253386 234.448
137.256376 237.767
137.263385 233.797
137.266380 232.732
137.273380 234.651
137.276382 233.193
137.283397 231.972
137.286378 234.985
137.293384 237.851
137.296387 237.293
137.303380 236.301
137.306372 234.664
137.313387 237.363
137.316384 235.648
137.323381 231.961
137.326376 232.925
137.333386 231.004
137.336383 232.56
137.343386 236.182
137.346376 235.548
137.353384 235.427
137.356390 239.086
137.363386 233.57
137.366376 233.91
137.373380 238.212
137.376383 236.924
137.383386 237.899
137.386379 235.296
137.393389 223.734
137.396387 226.579
137.403383 229.273
137.406315 237.308
137.413383 228.585
137.416385 228.86
137.423394 237.708
137.426379 234.627
137.433390 235.784
137.436386 240.117
137.443387 237.095
137.446377 229.186
137.453386 235.553
137.456400 238.39
137.463387 237.699
137.466376 237.28
137.473391 237.457
137.476389 230.204
137.483386 229.828
137.486379 234.465
137.493384 236.833
137.496378 232.764
137.503380 237.779
137.506389 226.612
137.514389 230.185
137.517379 235.987
137.524383 236.188
137.527386 232.278
137.534387 233.566
137.536385 239.211
137.543387 233.365
137.546376 235.002
137.553385 240.809
137.556416 236.373
137.563386 231.383
137.566379 240.154
137.573389 241.342
137.576388 237.017
137.583384 235.189
137.586263 230.456
137.593343 236.592
137.596327 236.176
137.603336 235.64
137.606327 238.298
137.613344 232.317
137.616340 237.055
137.623244 237.731
137.626328 235.16
137.633338 238.481
137.636337 238.455
137.643334 234.459
137.646327 237.777
137.653338 236.707
137.656338 236.707
137.663338 236.605
137.666380 232.381
137.673417 236.829
137.676386 236.176
137.683383 231.478
137.686373 233.326
137.693388 234.985
137.696381 238.692
137.703316 236.085
137.706342 234.891
137.713376 236.755
137.716369 234.574
137.723386 234.115
137.726385 240.019
137.733390 238.816
137.736388 233.677
137.743385 238.437
137.746379 233.925
137.753388 231.104
137.756392 237.912
137.763389 234.902
137.766381 230.434
137.773388 235.883
137.776386 239.031
137.783387 230.809
137.786381 233.326
137.793385 241.359
137.797390 233.275
137.804386 233.193
137.807371 236.592
137.814391 234.762
137.817389 233.583
137.824394 236.592
137.826382 235.646
137.833391 232.56
137.836389 235.735
137.843386 235.565
137.846380 236.199
137.853390 243.333
137.856395 238.071
137.863392 231.121
137.866381 236.846
137.873390 243.068
137.876389 232.093
137.883291 233.57
137.886387 235.111
137.893382 230.02
137.896385 234.753
137.903392 241.876
137.906381 234.459
137.913391 229.523
137.916388 238.455
137.923390 238.981
137.926380 230.922
137.933390 235.533
137.936387 238.029
137.943386 236.172
137.946379 237.493
137.953395 228.285
137.956392 233.797
137.963393 238.592
137.966382 232.906
137.973393 231.909
137.976390 233.36
137.983386 234.676
137.986380 233.472
137.993384 235.883
137.996389 238.481
138.003391 239.002
138.006384 235.565
138.013389 232.65
138.016391 235.189
138.023389 232.921
138.026378 231.095
138.033393 230.02
138.036391 235.648
138.043386 233.831
138.046381 232.989
138.053392 236.791
138.056389 236.935
138.063389 233.114
138.066382 235.724
138.074393 232.347
138.077390 231.108
138.084393 234.073
138.087382 232.062
138.094386 231.937
138.096389 234.549
138.103391 236.829
138.106378 234.864
138.113389 233.028
138.116386 234.983
138.123295 232.921
138.126382 234.115
138.133391 235.427
138.136388 232.959
138.143386 229.846
138.146381 233.208
138.153390 240.035
138.156392 233.079
138.163389 229.772
138.166382 234.804
138.173383 235.555
138.176388 232.938
138.183389 232.938
138.186384 235.41
138.193384 236.715
138.196387 234.753
138.203392 238.151
138.206386 237.363
138.213391 233.463
138.216389 232.822
138.223391 229.828
138.226380 229.75
138.233390 232.848
138.236393 235.453
138.243390 236.006
138.246385 235.068
138.253388 233.861
138.256391 236.468
138.263387 235.412
138.266383 233.422
138.273391 235.391
138.277384 232.086
138.287391 233.686
138.289383 238.969
138.302296 234.132
138.305481 235.427
138.307252 233.942
138.308414 237.247
138.313287 236.434
138.316288 235.648
138.323297 236.053
138.326295 232.097
138.333296 235.296
138.336297 234.337
138.343291 235.521
138.346287 237.363
138.353298 242.021
138.356293 239.877
138.363297 230.308
138.366289 228.458
138.373294 227.921
138.376288 238.514
138.383301 237.346
138.386286 235.487
138.393294 234.574
138.396294 234.252
138.403299 237.899
138.406291 233.686
138.413297 239.499
138.416296 231.858
138.423295 229.663
138.426286 237.474
138.433298 237.495
138.436295 234.096
138.443293 228.819
138.446289 236.856
138.453296 235.977
138.456293 237.152
138.463295 232.959
138.466289 234.132
138.473297 234.004
138.476294 232.278
138.483301 234.448
138.486289 232.381
138.493295 225.446
138.496291 229.597
138.505302 236.284
138.508387 235.565
138.513395 237.584
138.516396 233.382
138.523393 229.828
138.526397 238.816
138.533396 240.977
138.536394 234.329
138.543400 233.566
138.546390 228.554
138.552399 226.064
138.556399 231.017
138.563394 238.983
138.566388 235.665
138.573399 229.928
138.576333 235.412
138.583394 238.608
138.586387 234.218
138.593891 237.245
138.596387 235.637
138.603396 227.115
138.606385 228.186
138.613396 236.916
138.616393 238.116
138.623290 233.472
138.626311 239.353
138.633394 235.519
138.636395 238.47
138.642391 237.025
138.646392 234.182
138.652392 234.9
138.656395 235.174
138.663392 232.177
138.666387 234.602
138.672396 231.996
138.676403 233.947
138.683334 239.084
138.686384 235.111
138.693341 232.317
138.696389 232.407
138.703394 234.218
138.706384 235.943
138.712393 237.257
138.716396 235.427
138.723393 234.132
138.726361 236.504
138.732396 238.82
138.736394 235.41
138.743305 234.043
138.746371 240.054
138.752394 236.138
138.756393 233.247
138.762384 237.011
138.766395 236.497
138.772396 237.962
138.776393 233.296
138.782394 233.722
138.786386 233.684
138.792398 233.559
138.796389 234.649
138.802388 240.273
138.806387 238.851
138.813397 229.928
138.816395 233.345
138.822391 240.822
138.826394 237.779
138.833397 232.822
138.836394 237.68
138.842394 235.96
138.846385 231.465
138.852393 229.51
138.856397 236.39
138.862387 235.07
138.866395 230.714
138.872396 233.257
138.876394 238.732
138.882392 232.506
138.886387 233.028
138.892396 240.554
138.896376 236.078
138.902380 232.693
138.906388 232.192
138.912296 235.943
138.917285 235.833
138.924381 234.369
138.927406 237.365
138.934355 238.103
138.937398 234.549
138.942411 229.212
138.946387 236.985
138.952396 237.257
138.956394 235.308
138.962390 232.019
138.966394 233.489
138.972404 237.017
138.976394 231.642
138.982394 236.299
138.989396 234.576
138.991390 234.182
138.997397 238.738
139.001396 238.151
139.007334 234.647
139.011395 235.735
139.017393 235.943
139.021394 237.127
139.027408 234.881
139.031389 236.487
139.037393 233.382
139.041398 234.459
139.047392 236.478
139.051397 234.762
139.057397 236.588
139.061391 233.566
139.067396 235.64
139.071395 238.155
139.077372 236.061
139.081394 232.282
139.087395 234.231
139.091400 239.877
139.097394 240.035
139.101398 231.909
139.107336 230.434
139.111405 232.989
139.117400 236.757
139.121398 233.079
139.127394 231.573
139.131399 235.33
139.137400 232.317
139.141398 231.039
139.147395 237.556
139.151398 236.867
139.157399 231.017
139.161390 231.556
139.167396 238.854
139.171395 237.371
139.177396 230.482
139.181399 234.021
139.187395 235.427
139.191398 235.034
139.198399 234.252
139.202399 233.861
139.209394 233.514
139.212392 228.013
139.219398 232.873
139.222388 236.757
139.227401 235.956
139.231396 231.004
139.237396 237.24
139.241399 236.053
139.247395 234.868
139.251399 233.369
139.257399 232.282
139.261407 235.296
139.267399 231.879
139.271398 235.427
139.277397 234.881
139.281399 234.881
139.287396 235.289
139.291398 231.234
139.297398 235.533
139.301397 238.634
139.307337 233.831
139.311422 229.12
139.317397 238.33
139.321393 236.186
139.327402 226.504
139.331400 243.321
139.337396 241.207
139.341399 229.915
139.347399 234.868
139.351397 240.678
139.357398 233.677
139.364400 232.381
139.366387 236.968
139.372397 235.835
139.376400 233.728
139.382397 235.453
139.386396 235.724
139.392401 231.909
139.396399 232.558
139.402394 235.009
139.406262 232.004
139.412394 238.47
139.416402 235.69
139.422403 233.604
139.426402 236.324
139.432397 234.881
139.436402 234.107
139.442396 241.348
139.446394 236.846
139.452400 224.179
139.456399 228.998
139.462405 236.529
139.466399 233.859
139.472399 232.002
139.476398 237.525
139.482399 233.326
139.486398 230.161
139.492399 240.179
139.496389 241.346
139.502398 232.019
139.506289 233.825
139.512544 232.192
139.516292 234.549
139.522290 234.868
139.526295 233.831
139.532311 227.952
139.536301 233.054
139.542304 241.535
139.549304 233.861
139.552305 231.147
139.568304 233.673
139.582296 232.693
139.584303 226.411
139.585326 230.757
139.587298 232.422
139.594308 235.296
139.597300 237.527
139.604307 235.767
139.607292 238.667
139.614397 236.89
139.617399 231.953
139.624394 234.218
139.627397 232.317
139.634402 235.053
139.637399 230.222
139.644400 235.722
139.647396 237.769
139.651397 232.162
139.657398 233.919
139.661401 240.169
139.667402 235.903
139.671400 225.65
139.677396 233.036
139.681391 233.144
139.687395 234.762
139.692399 235.296
139.699400 236.176
139.702393 233.463
139.709263 233.583
139.712421 238.833
139.719398 238.315
139.721391 233.157
139.727399 232.39
139.731400 230.037
139.737400 242.58
139.744265 236.935
139.747394 230.274
139.751400 232.162
139.757400 235.215
139.764397 236.478
139.767399 239.629
139.771408 236.713
139.777404 230.12
139.781395 233.268
139.787399 236.569
139.791402 233.036
139.798398 235.427
139.802398 233.673
139.806401 233.433
139.812396 238.38
139.816401 241.601
139.822400 236.497
139.826399 228.755
139.832399 235.928
139.836399 239.487
139.842399 235.402
139.846383 236.605
139.852399 234.158
139.856402 228.432
139.862403 230.965
139.866400 239.527
139.872401 242.275
139.876400 234.779
139.882393 229.037
139.886343 236.307
139.892400 238.437
139.896404 232.925
139.902390 233.472
139.906402 234.97
139.915354 230.187
139.917394 229.028
139.924399 244.591
139.927394 237.211
139.931399 229.741
139.937400 236.411
139.941402 234.252
139.947399 235.805
139.951402 236.846
139.957403 232.39
139.961402 229.737
139.967401 234.354
139.971401 230.939
139.977401 228.515
139.981392 238.59
139.987401 232.989
139.991404 229.212
139.997399 239.654
140.001394 239.637
140.007403 230.369
140.014395 234.753
140.017397 234.753
140.021401 227.952
140.027402 237.567
140.031400 237.828
140.037401 228.998
140.041400 227.741
140.047398 235.296
140.051407 240.985
140.057403 232.605
140.061402 229.587
140.067402 239.629
140.071401 235.111
140.077401 228.022
140.081399 236.39
140.087401 240.705
140.091404 231.676
140.097407 231.017
140.101402 238.021
140.107576 243.372
140.111350 232.605
140.117306 227.466
140.121305 236.176
140.127405 234.776
140.131413 231.121
140.137403 230.508
140.141406 236.239
140.147344 232.407
140.151403 229.539
140.157403 232.527
140.161402 234.725
140.167396 233.797
140.171303 233.925
140.177398 236.447
140.182397 234.776
140.189400 231.121
140.192403 231.909
140.199403 238.707
140.202393 237.708
140.209403 232.873
140.211397 237.278
140.217401 235.977
140.221394 227.352
140.227300 231.707
140.231342 235.323
140.237400 231.655
140.241404 233.036
140.247414 235.805
140.251403 232.691
140.257403 228.294
140.261406 225.293
140.267401 232.983
140.271405 236.383
140.277406 235.213
140.281398 235.259
140.287348 233.157
140.291403 228.075
140.297383 230.315
140.301406 242.19
140.307403 238.168
140.311405 229.212
140.317402 229.68
140.321406 234.921
140.327406 234.917
140.331414 235.833
140.337409 232.641
140.341407 227.855
140.347403 234.218
140.351406 238.021
140.357402 234.753
140.361411 237.493
140.367401 232.631
140.371405 229.377
140.377405 237.424
140.381337 237.289
140.387362 228.075
140.391408 231.069
140.397404 230.586
140.401406 230.586
140.407406 232.989
140.411404 236.349
140.417402 238.833
140.421406 232.631
140.427408 228.189
140.431344 233.144
140.437406 239.109
140.441405 232.489
140.447403 231.845
140.451405 233.036
140.457406 233.583
140.461405 236.732
140.467400 233.514
140.471400 234.685
140.477399 237.527
140.481412 233.079
140.487404 231.234
140.491408 240.522
140.497403 232.004
140.501406 231.978
140.507344 235.264
140.511405 229.183
140.517401 229.183
140.521404 237.403
140.527405 235.911
140.531381 233.422
140.537404 231.104
140.541403 236.188
140.548337 243.232
140.552408 231.121
140.559405 227.387
140.562394 235.487
140.569405 238.481
140.572406 229.619
140.577407 234.574
140.581405 237.388
140.587406 230.037
140.591410 230.664
140.597405 238.755
140.601404 234.874
140.607305 228.755
140.611408 233.861
140.617399 234.32
140.621392 230.586
140.627406 233.996
140.631405 233.36
140.637405 234.523
140.641405 230.9
140.647405 227.89
140.651404 234.354
140.657404 235.771
140.661403 230.011
140.667403 230.228
140.671408 234.049
140.677409 234.062
140.681408 230.803
140.687405 231.789
140.691345 235.453
140.697280 235.213
140.701410 231.789
140.707410 228.895
140.711409 231.769
140.717399 233.214
140.721403 232.22
140.727408 232.22
140.731407 233.692
140.737407 230.384
140.741406 230.907
140.747406 234.747
140.751406 232.362
140.757412 225.925
140.761400 233.671
140.767410 238.388
140.771409 232.854
140.777404 230.781
140.781406 231.432
140.787404 233.703
140.791408 232.959
140.797408 234.457
140.801405 233.114
140.807405 230.434
140.811404 233.604
140.817271 235.123
140.821403 231.536
140.827408 230.883
140.831406 237.358
140.845405 234.045
140.848407 233.054
140.849399 235.883
140.860413 231.53
140.863399 232.062
140.864399 235.487
140.870408 234.192
140.874406 232.959
140.880407 233.054
140.884406 232.613
140.887401 231.84
140.892409 233.677
140.896406 236.172
140.902399 230.02
140.906406 226.835
140.912407 231.562
140.916410 243.025
140.922392 232.631
140.926401 233.157
140.932407 234.083
140.936406 230.933
140.942406 231.454
140.946281 231.484
140.952361 235.555
140.956361 232.959
140.962360 229.212
140.966352 229.12
140.972361 235.145
140.976360 231.858
140.982361 230.664
140.986357 232.729
140.992363 233.004
140.996360 232.729
141.002353 232.863
141.006360 233.525
141.012361 231.041
141.016281 235.264
141.022355 231.355
141.026362 233.9
141.032362 233.763
141.036361 228.057
141.042360 233.028
141.046361 235.724
141.052353 228.782
141.056358 232.631
141.062359 237.767
141.066356 230.881
141.072359 229.695
141.076358 231.006
141.082359 232.725
141.086351 232.381
141.092364 231.642
141.096359 232.433
141.102353 235.068
141.106359 231.147
141.112414 233.728
141.116432 237.649
141.122398 231.454
141.126400 231.329
141.132411 232.631
141.136410 228.655
141.142415 231.547
141.146410 236.833
141.152414 234.218
141.156407 231.746
141.162407 233.028
141.166406 231.195
141.172407 236.833
141.176410 239.353
141.182406 234.329
141.186402 234.218
141.192411 230.282
141.196410 230.209
141.202403 239.094
141.206407 235.308
141.212413 226.879
141.216410 230.591
141.222399 235.665
141.226405 232.764
141.232411 230.781
141.236405 232.073
141.242409 234.849
141.246409 233.808
141.252410 234.713
141.256408 236.059
141.262409 229.29
141.266407 233.054
141.272408 236.21
141.276407 231.484
141.282407 232.28
141.286403 229.8
141.292413 229.288
141.296409 237.127
141.302407 239.629
141.306410 231.953
141.312411 227.486
141.316410 232.493
141.322404 231.711
141.326404 227.695
141.332410 231.234
141.336404 243.251
141.342404 238.854
141.346407 227.695
141.352421 229.604
141.356411 232.512
141.362411 233.671
141.366411 237.935
141.372410 231.355
141.376410 226.914
141.382409 232.131
141.386403 231.147
141.392412 241.201
141.396410 234.231
141.402406 223.244
141.406410 229.911
141.412415 241.139
141.416413 241.599
141.422401 226.949
141.426405 232.011
141.432410 228.738
141.436411 242.343
141.445414 239.846
141.447404 229.98
141.451410 227.326
141.457410 228.782
141.461409 236.846
141.467424 235.648
141.471414 238.967
141.477414 230.456
141.481412 229.277
141.487408 239.211
141.491412 231.311
141.497407 233.566
141.501418 233.036
141.507342 234.991
141.511413 232.381
141.517442 231.858
141.521470 237.632
141.527412 229.604
141.531412 233.917
141.537413 238.437
141.541411 238.583
141.547411 233.144
141.551421 230.133
141.557412 233.157
141.561416 232.527
141.567417 239.142
141.571411 233.583
141.577411 230.465
141.581406 233.686
141.587410 232.381
141.591414 232.613
141.597414 236.595
141.601350 235.391
141.608413 231.303
141.612413 238.432
141.619403 236.717
141.622366 232.742
141.629406 230.133
141.632413 233.542
141.637412 233.401
141.641412 231.879
141.647412 236.757
141.651400 230.369
141.657412 229.65
141.661410 235.359
141.667411 236.732
141.671412 234.651
141.677412 235.402
141.681411 232.921
141.687406 232.921
141.691410 233.566
141.697411 232.925
141.701420 232.278
141.707417 233.463
141.711416 232.527
141.717416 234.932
141.721415 232.908
141.727358 229.316
141.731413 233.549
141.737411 234.32
141.741415 236.757
141.747514 229.872
141.751442 230.939
141.757415 234.115
141.761414 232.183
141.767414 234.329
141.771414 234.329
141.777414 229.915
141.781413 230.656
141.787409 236.96
141.791414 234.576
141.797414 234.045
141.801413 232.729
141.807413 228.983
141.811413 233.604
141.817412 232.433
141.821411 235.977
141.827355 231.676
141.831415 234.132
141.837410 232.295
141.841414 231.845
141.847413 235.238
141.851414 236.447
141.857413 235.378
141.861412 235.911
141.867413 234.049
141.871415 231.415
141.877411 233.797
141.881414 236.188
141.887410 235.453
141.891323 233.433
141.897415 231
141.901414 232.037
141.907414 234.664
141.911408 237.649
141.917408 235.648
141.921416 229.277
141.927341 232.493
141.931360 237.895
141.937410 234.009
141.941413 235.198
141.947416 234.557
141.951415 230.382
141.957415 235.521
141.961413 237.779
141.967415 232.631
141.971419 230.482
141.978414 233.583
141.982414 232.407
141.989415 232.744
141.992405 235.883
141.999415 235.274
142.002357 227.181
142.007416 227.763
142.011415 242.134
142.017415 238.313
142.021407 232.019
142.027356 234.762
142.031416 235.111
142.037411 231.953
142.041416 235.521
142.047415 237.895
142.051414 234.009
142.057415 231.478
142.061413 235.735
142.067419 238.569
142.071414 236.846
142.077414 232.004
142.081417 230.591
142.087411 235.145
142.091415 236.188
142.097416 231.573
142.101414 230.848
142.107414 232.732
142.111412 232.093
142.125410 232.925
142.128413 236.829
142.129406 236.172
142.140419 233.57
142.143408 234.115
142.144408 234.329
142.149411 238.816
142.152414 233.686
142.156414 232.83
142.162419 233.489
142.166417 233.283
142.172414 235.858
142.176416 238.981
142.182417 232.209
142.186353 229.194
142.192412 236.176
142.196415 238.155
142.202406 233.793
142.206405 236.172
142.212413 231.84
142.216417 230.456
142.222414 234.107
142.226416 238.82
142.232412 232.921
142.236349 231.746
142.242417 239.499
142.246415 236.176
142.255412 233.686
142.257353 235.665
142.261417 231.858
142.267418 237.24
142.271417 238.298
142.277417 238.021
142.281416 232.822
142.287411 233.91
142.291416 235.833
142.297418 235.402
142.301419 237.363
142.307415 237.489
142.311419 231.845
142.318420 231.746
142.322409 234.762
142.329409 234.762
142.332412 236.846
142.339414 238.69
142.342407 235.784
142.347416 233.81
142.351415 232.506
142.357416 236.307
142.361415 236.324
142.367419 234.115
142.371422 235.943
142.377417 236.061
142.381415 230.222
142.387416 233.3
142.391419 239.635
142.397416 233.283
142.401419 231.465
142.407419 236.592
142.411417 235.41
142.417419 229.737
142.421412 232.295
142.427418 236.592
142.431360 232.282
142.437413 234.107
142.441415 234.231
142.447417 235.41
142.451420 238.707
142.457416 238.315
142.461420 232.407
142.467420 234.762
142.471418 241.207
142.477419 233.054
142.481418 230.848
142.487419 235.956
142.491354 237.777
142.497418 231
142.501415 236.053
142.507348 235.238
142.511419 230.011
142.517415 235.111
142.521413 239.629
142.527419 233.139
142.531418 234.753
142.537356 235.296
142.541417 232.209
142.547419 232.131
142.551417 234.493
142.557417 233.838
142.561416 236.924
142.567420 237.68
142.571416 234.021
142.577421 232.83
142.581418 233.463
142.587337 234.753
142.592419 234.009
142.599415 235.291
142.602409 233.91
142.609419 231.465
142.612422 234.664
142.617420 237.135
142.621405 234.231
142.627419 235.296
142.631357 236.061
142.637423 234.753
142.641417 234.991
142.647417 233.686
142.651416 232.282
142.657417 232.183
142.661416 234.647
142.667416 233.463
142.671416 234.021
142.677420 234.991
142.681415 232.506
142.687394 230.556
142.691367 237.489
142.697420 237.489
142.701418 232.183
142.707418 232.938
142.711418 237.021
142.717417 234.231
142.721422 236.715
142.727422 236.592
142.731284 231.642
142.737376 234.107
142.741371 231.095
142.747371 235.516
142.751371 234.868
142.757372 231.642
142.761372 232.192
142.767372 238.439
142.771369 235.943
142.777371 232.097
142.781361 234.549
142.787371 234.107
142.791367 232.183
142.797372 233.91
142.801368 234.115
142.807365 232.65
142.811369 231.478
142.817369 234.557
142.821288 232.959
142.827369 234.664
142.831869 234.651
142.837418 232.732
142.841417 233.054
142.847418 234.107
142.851422 234.218
142.857421 232.925
142.861421 234.107
142.867420 231.461
142.871429 231.547
142.877420 238.556
142.881419 234.107
142.887419 230.291
142.891418 236.061
142.897420 238.155
142.901422 232.489
142.907417 231.84
142.911421 234.329
142.917422 234.753
142.921397 232.727
142.927422 229.12
142.931420 228.291
142.937406 235.833
142.941352 238.021
142.947420 236.176
142.951428 240.985
142.957421 237.935
142.961419 231.454
142.967420 238.854
142.971420 240.152
142.977421 233.463
142.981424 230.692
142.987420 235.215
142.991424 237.177
142.997420 230.308
143.001421 234.881
143.007415 238.437
143.011423 232.854
143.017419 239.109
143.021413 236.713
143.027423 235.903
143.032423 236.833
143.039420 232.822
143.042414 235.096
143.049419 240.279
143.052422 236.478
143.057413 235.64
143.061420 239.211
143.067354 236.592
143.071424 238.682
143.077420 235.402
143.081420 234.651
143.087424 237.278
143.091418 236.529
143.100423 233.227
143.102411 235.663
143.106417 233.489
143.112422 234.107
143.116421 234.214
143.122421 236.176
143.126412 237.624
143.132420 234.214
143.136485 237.371
143.142411 240.412
143.146418 233.666
143.152419 236.106
143.156415 237.609
143.162423 235.769
143.166421 231.327
143.172330 235.841
143.176420 235.833
143.182421 232.641
143.186421 233.463
143.192424 235.64
143.196424 232.282
143.202424 234.214
143.206417 236.846
143.212423 235.748
143.216421 231.95
143.222438 234.685
143.226421 232.83
143.232421 232.925
143.236425 239.345
143.245424 232.605
143.248422 230.556
143.252421 233.917
143.256416 238.151
143.262420 234.868
143.266424 234.647
143.272444 234.107
143.276424 231.556
143.282424 235.091
143.290416 233.472
143.292423 234.647
143.297422 232.278
143.303301 235.516
143.307423 234.218
143.313423 234.329
143.317421 233.566
143.321420 231
143.327420 233.157
143.331424 238.155
143.337424 238.021
143.341416 237.363
143.347424 232.381
143.351418 233.566
143.360422 241.357
143.363416 235.238
143.367423 233.139
143.371426 236.833
143.377428 236.846
143.381426 233.369
143.387427 229.654
143.391425 235.291
143.405424 231.737
143.408426 232.925
143.409414 235.516
143.420426 232.278
143.424424 234.009
143.425416 236.053
143.427419 234.647
143.434423 233.463
143.437426 237.363
143.441416 237.489
143.447424 236.707
143.451423 234.459
143.457420 230.766
143.461424 230.783
143.467424 236.284
143.471423 233.403
143.477421 235.748
143.481424 234.472
143.487425 230.382
143.491424 229.028
143.497418 233.275
143.501423 235.731
143.507356 232.495
143.511418 231.327
143.517417 234.009
143.521426 238.556
143.527421 233.793
143.531426 237.245
143.537425 240.01
143.541416 237.91
143.547425 230.237
143.551424 230.02
143.557419 240.156
143.561423 237.24
143.567423 230.282
143.571421 234.337
143.577424 232.493
143.581427 232.65
143.587422 232.822
143.591426 233.189
143.597418 230.831
143.601425 233.382
143.607422 233.686
143.611425 234.132
143.617425 234.158
143.621420 234.337
143.627424 235.41
143.631428 235.296
143.637429 236.916
143.641290 234.762
143.647428 231.004
143.651421 234.487
143.657426 244.939
143.661425 233.962
143.667426 233.077
143.671424 234.421
143.677425 237.584
143.681424 234.369
143.687424 233.463
143.691424 234.337
143.697425 230.254
143.701422 235.705
143.707432 239.107
143.711425 234.602
143.717426 232.39
143.721424 235.402
143.727425 235.402
143.731424 233.583
143.737424 234.881
143.741396 235.41
143.747430 236.061
143.751419 235.648
143.757361 236.96
143.761426 236.176
143.767328 234.991
143.771353 240.035
143.777423 235.648
143.781427 236.833
143.787427 233.036
143.791426 237.371
143.797421 237.899
143.801425 233.365
143.807399 235.296
143.811302 236.324
143.817430 232.65
143.821429 232.209
143.827367 241.091
143.831347 236.732
143.837424 229.663
143.841486 235.41
143.847428 238.021
143.854424 239.094
143.856427 233.369
143.862427 237.668
143.866424 235.028
143.875424 229.584
143.877422 240.938
143.884416 239.744
143.887354 231.383
143.891362 229.584
143.897424 234.664
143.901427 235.977
143.907461 232.959
143.914424 233.728
143.916427 231.763
143.922427 228.118
143.926417 233.036
143.932420 236.053
143.936328 232.921
143.942397 234.983
143.946412 236.707
143.952412 234.651
143.956421 236.592
143.962421 232.641
143.966425 230.135
143.972425 235.291
143.976423 237.489
143.982424 234.218
143.986427 232.732
143.992422 226.835
143.996369 231.638
144.002429 235.771
144.006426 234.713
144.012424 231.961
144.016428 232.822
144.022428 232.925
144.026421 232.295
144.032427 231.004
144.036425 236.172
144.042422 239.637
144.046425 236.578
144.052421 235.648
144.056424 233.26
144.062428 233.566
144.066430 230.465
144.072426 231.104
144.076426 233.178
144.084427 233.686
144.087422 231.004
144.093420 234.231
144.097424 236.053
144.103425 233.793
144.107438 235.378
144.112429 236.717
144.116427 238.168
144.122427 232.732
144.126420 235.189
144.132428 235.833
144.136427 234.004
144.142423 232.381
144.146427 239.487
144.152290 238.556
144.156426 233.797
144.162425 235.238
144.166430 230.228
144.172430 237.238
144.176426 238.816
144.182426 235.943
144.186429 229.055
144.192420 233.382
144.196429 239.215
144.202430 234.753
144.206429 236.96
144.212430 239.109
144.216423 231.953
144.222420 229.277
144.226427 237.506
144.232433 235.735
144.236427 231.95
144.242427 236.924
144.246430 235.977
144.252412 234.369
144.256425 232.83
144.262431 235.402
144.266423 231.737
144.272428 233.463
144.276423 238.682
144.282427 235.291
144.286431 232.641
144.292434 236.373
144.296428 238.569
144.302429 236.377
144.306426 234.021
144.312428 237.034
144.316431 231.391
144.322427 229.515
144.326426 234.651
144.332431 234.107
144.336429 231
144.342362 230.365
144.346430 236.172
144.352430 233.463
144.356424 232.822
144.362429 236.707
144.366432 233.028
144.372428 232.278
144.376424 235.111
144.382587 233.028
144.386431 230.209
144.392358 232.732
144.396429 234.651
144.402430 231.746
144.406429 238.552
144.412430 236.968
144.416429 233.463
144.422429 231.199
144.426422 238.432
144.432428 234.585
144.436433 230.02
144.442437 236.434
144.446431 235.784
144.452431 231.415
144.456424 233.793
144.462427 234.453
144.466426 233.81
144.472431 234.779
144.476421 232.667
144.482430 232.037
144.486435 232.65
144.492406 234.549
144.496427 236.715
144.502437 237.779
144.506423 234.19
144.512433 231.879
144.516431 232.613
144.522431 243.025
144.526435 235.767
144.532431 229.186
144.536430 233.178
144.542430 234.902
144.546428 232.347
144.552438 235.274
144.556424 235.16
144.562428 235.028
144.567432 235.646
144.573428 236.592
144.577426 236.707
144.583432 231.017
144.587431 231.978
144.592430 236.497
144.596429 233.422
144.602430 234.881
144.606429 232.822
144.612429 235.833
144.616432 234.158
144.622424 235.359
144.626336 235.883
144.632431 233.433
144.636430 231.633
144.642431 230.335
144.646429 237.034
144.652430 234.021
144.656420 229.028
144.662427 229.911
144.666432 242.343
144.672432 238.47
144.676441 232.631
144.686431 235.903
144.689428 233.793
144.702431 234.868
144.705433 235.533
144.707427 232.11
144.708423 233.936
144.715433 237.152
144.717421 230.939
144.724431 232.925
144.727425 237.099
144.731431 234.218
144.737432 229.186
144.741431 236.707
144.747431 232.278
144.751431 231.095
144.757426 236.188
144.761428 237.099
144.767434 238.29
144.771433 233.677
144.777427 233.139
144.781432 235.64
144.787432 238.298
144.791427 234.881
144.797427 232.558
144.801436 232.989
144.807431 233.604
144.811431 233.703
144.817434 240.31
144.821433 236.299
144.827428 231.311
144.831433 234.713
144.837433 236.569
144.841432 233.677
144.848434 229.654
144.852432 234.009
144.858428 231.465
144.862428 233.472
144.868432 240.019
144.871426 237.506
144.877436 230.369
144.881430 232.506
144.887435 235.111
144.891434 235.111
144.897434 234.991
144.901434 234.132
144.907433 228.607
144.911432 233.079
144.917433 232.959
144.921432 235.308
144.927422 238.029
144.931431 235.956
144.937431 230.291
144.941434 232.295
144.947431 235.41
144.951434 232.093
144.957424 227.855
144.961430 232.183
144.967435 232.822
144.971432 231.547
144.977345 231.104
144.981432 237.245
144.987432 234.753
144.991431 233.797
144.997438 235.771
145.001436 231.104
145.007436 232.925
145.011435 233.583
145.017434 234.762
145.021434 232.727
145.027444 234.864
145.031432 234.983
145.037433 232.605
145.041437 231.536
145.047432 233.129
145.051435 236.578
145.057431 237.238
145.061427 235.106
145.067435 233.028
145.071434 231.961
145.077455 231.737
145.081429 235.402
145.087434 236.053
145.091437 229.737
145.097434 230.757
145.101429 233.369
145.107432 233.365
145.111446 231.547
145.117436 234.753
145.121434 233.797
145.127463 230.656
145.131381 234.983
145.137433 240.977
145.141433 237.095
145.147433 233.686
145.151433 234.448
145.157432 233.542
145.161435 233.703
145.167434 235.858
145.171432 233.889
145.177433 233.107
145.181432 233.403
145.187433 235.769
145.191435 239.215
145.197436 242.19
145.201427 230.497
145.207435 230.009
145.211442 235.521
145.218434 235.875
145.222438 233.671
145.228448 234.448
145.232435 230.482
145.238436 231.069
145.242435 237.447
145.247435 236.935
145.251434 233.728
145.257433 237.527
145.261435 239.215
145.267434 231.556
145.271432 229.75
145.277434 234.647
145.281435 232.925
145.287435 235.858
145.291433 234.983
145.297434 236.707
145.301425 230.456
145.307438 233.369
145.311437 240.412
145.317433 234.132
145.321437 229.081
145.327437 236.44
145.331437 240.934
145.337438 229.563
145.341437 222.966
145.347436 233.326
145.351440 237.135
145.357437 229.273
145.361429 232.854
145.367431 238.384
145.371372 230.228
145.377434 233.583
145.381435 236.299
145.387435 236.053
145.391434 233.91
145.397438 234.009
145.401429 232.019
145.407432 229.458
145.411435 236.377
145.417436 237.506
145.421435 230.556
145.427436 229.915
145.431439 233.917
145.437434 232.469
145.441437 232.863
145.447437 230.664
145.451436 228.843
145.457437 233.925
145.461440 232.631
145.467444 231.329
145.471437 236.468
145.477437 232.004
145.481436 230.28
145.487437 236.968
145.494439 232.613
145.497426 232.822
145.501430 231.547
145.507372 231.961
145.511439 234.453
145.517436 235.767
145.521441 238.155
145.527440 238.029
145.531439 235.648
145.537441 237.099
145.542433 233.388
145.548433 235.519
145.552436 233.384
145.558437 235.648
145.562294 237.527
145.568395 230.434
145.571384 226.764
145.577389 229.343
145.581388 235.953
145.587389 236.199
145.591388 232.991
145.597389 238.22
145.601387 233.517
145.607389 233.144
145.611389 240.84
145.617388 239.783
145.621389 232.925
145.627389 233.472
145.631388 237.034
145.637387 235.748
145.641389 238.212
145.647389 234.779
145.651389 234.902
145.657391 237.388
145.662293 237.933
145.666383 236.757
145.672387 229.212
145.676387 232.183
145.682387 238.29
145.686386 232.605
145.692386 231.195
145.696331 235.64
145.702292 234.337
145.706276 233.472
145.712278 239.37
145.716277 237.388
145.722276 231.763
145.726275 234.664
145.732275 234.902
145.736276 235.956
145.742276 230.922
145.746274 231.383
145.752276 234.651
145.756282 234.218
145.762276 230.369
145.766276 234.868
145.772277 236.833
145.776276 233.144
145.782276 232.39
145.786277 238.168
145.792277 236.846
145.796274 230.382
145.802280 231.573
145.806276 235.555
145.812277 232.39
145.816276 229.277
145.822277 234.337
145.826277 234.337
145.832277 227.466
145.836277 232.613
145.842276 237.767
145.846275 236.299
145.852277 232.921
145.856277 234.753
145.862277 233.677
145.866277 234.329
145.872277 232.925
145.876277 231.737
145.882276 235.291
145.886277 233.57
145.892278 231.858
145.896276 231.212
145.902281 233.942
145.906277 233.401
145.912277 236.059
145.916277 233.268
145.922278 229.377
145.926277 233.036
145.932278 234.337
145.936278 233.036
145.942277 231.104
145.946277 233.57
145.952277 233.677
145.956277 234.337
145.966278 235.521
145.969277 232.39
145.982278 232.493
145.985277 231.199
145.986273 235.648
145.988277 236.053
145.992278 229.395
145.996278 229.29
146.002281 233.054
146.006277 239.215
146.013278 233.157
146.017277 230.282
146.023282 233.144
146.027277 236.176
146.033267 231.845
146.037265 235.291
146.042342 234.881
146.046341 230.369
146.052340 232.295
146.056338 231.655
146.062339 234.881
146.066337 233.686
146.072341 229.828
146.076346 232.282
146.082340 234.868
146.086346 232.282
146.092335 230.482
146.096273 233.054
146.102259 232.732
146.106340 231.655
146.112342 238.029
146.116341 235.521
146.122341 231.737
146.126336 232.925
146.132336 234.991
146.136339 233.566
146.142342 232.613
146.146340 236.829
146.152340 232.278
146.156332 233.677
146.162293 232.613
146.166275 233.268
146.172441 233.144
146.176444 233.144
146.182444 236.829
146.186443 233.028
146.192434 234.983
146.196434 234.983
146.202440 233.677
146.206441 233.139
146.212442 236.047
146.216442 234.448
146.222443 232.613
146.226306 235.911
146.232282 233.401
146.236436 231.978
146.242440 233.157
146.246439 237.363
146.252441 235.648
146.256435 233.703
146.262430 234.231
146.266450 234.651
146.272450 233.57
146.276439 236.707
146.282440 235.943
146.286443 232.564
146.292302 237.127
146.296282 234.864
146.302443 231.737
146.306442 240.01
146.312443 236.569
146.316437 232.183
146.322437 231.465
146.329442 232.873
146.331447 236.39
146.337441 233.3
146.341440 232.959
146.347441 235.145
146.351305 239.946
146.357283 239.783
146.361296 236.434
146.367303 235.648
146.371387 233.677
146.377392 235.771
146.381400 234.991
146.387272 233.382
146.391392 235.748
146.397392 234.902
146.401392 232.39
146.407396 239.105
146.411389 237.39
146.417332 232.729
146.421281 234.107
146.427397 233.472
146.431400 228.432
146.437394 229.055
146.441392 233.748
146.447394 241.998
146.451274 236.373
146.457393 233.91
146.461393 235.767
146.467393 241.139
146.471440 236.047
146.477445 234.708
146.481302 236.715
146.487282 232.317
146.491395 229.567
146.497393 231.569
146.501391 237.211
146.507336 231.823
146.511397 231.355
146.517441 235.784
146.521438 231.961
146.527444 235.521
146.531441 234.218
146.537442 233.028
146.541437 228.729
146.547328 232.65
146.551316 237.021
146.557441 236.373
146.561444 232.56
146.567442 232.727
146.571436 233.793
146.577441 237.238
146.581431 235.238
146.587445 231.212
146.591444 231.121
146.597445 232.209
146.601443 230.482
146.607315 234.779
146.611319 236.715
146.617396 235.943
146.621438 231.746
146.627445 232.822
146.631441 231.638
146.637442 232.925
146.641444 236.434
146.647445 235.521
146.651444 230.011
146.657445 233.793
146.661444 236.434
146.668441 232.381
146.672345 233.036
146.678318 233.686
146.682449 231.746
146.688445 236.061
146.691439 234.881
146.697447 232.097
146.701441 231.004
146.707346 233.144
146.711446 233.144
146.717432 235.41
146.721427 237.245
146.727385 231.746
146.731440 229.737
146.737347 234.218
146.741319 239.629
146.747446 233.028
146.751443 229.819
146.757444 233.028
146.761443 234.465
146.767443 233.036
146.771348 233.703
146.777448 237.786
146.781446 232.744
146.787445 229.597
146.791444 234.021
146.797447 233.054
146.801310 233.677
146.807292 235.648
146.811340 238.315
146.817398 233.703
146.821398 231.746
146.827397 233.463
146.831395 234.214
146.837388 233.686
146.841395 235.533
146.847395 236.715
146.851394 233.583
146.857395 231.556
146.861393 235.943
146.867277 235.911
146.871248 232.725
146.877333 232.605
146.881442 237.624
146.887447 235.402
146.891445 234.004
146.897446 234.107
146.901443 231.84
146.907450 233.677
146.911448 239.353
146.917443 241.348
146.921446 232.39
146.927447 231.556
146.931446 234.107
146.937447 233.157
146.941445 234.991
146.947445 236.468
146.951444 232.527
146.957439 229.95
146.961443 234.231
146.967443 236.176
146.971308 240.456
146.977301 235.903
146.981444 233.26
146.987448 233.028
146.991447 237.24
146.997444 237.245
147.001447 234.881
147.007448 234.009
147.011446 235.833
147.017445 239.345
147.021443 234.107
147.028450 232.506
147.032448 233.686
147.038446 229.377
147.042444 236.176
147.048445 238.556
147.052444 231.746
147.057449 231.199
147.061447 233.268
147.067447 237.489
147.071446 239.487
147.077441 235.735
147.081445 230.766
147.087450 234.293
147.091448 235.198
147.097440 237.668
147.101437 235.291
147.107443 234.004
147.111446 232.822
147.117446 233.677
147.121445 236.833
147.126436 233.285
147.132445 232.282
147.136448 232.282
147.142445 235.771
147.146448 237.493
147.152448 232.938
147.156457 230.766
147.162447 232.209
147.166439 233.489
147.172447 232.317
147.176442 236.715
147.182445 234.337
147.186447 232.822
147.192448 231.199
147.196445 239.783
147.202435 236.059
147.206442 227.55
147.212449 234.868
147.216446 238.021
147.222446 232.641
147.226446 230.291
147.232445 235.533
147.236445 234.231
147.246448 233.472
147.249447 236.061
147.262445 235.533
147.265447 233.463
147.266435 231.845
147.268447 233.793
147.272446 235.771
147.276437 235.378
147.282445 233.144
147.286449 231.303
147.292445 236.96
147.296448 236.96
147.302445 232.282
147.306443 233.583
147.312444 236.061
147.316448 233.583
147.322444 234.231
147.326447 236.707
147.332448 234.864
147.336446 234.864
147.342447 234.448
147.346450 235.516
147.352446 234.864
147.356451 234.214
147.362451 234.983
147.366450 235.64
147.372450 234.453
147.376440 236.299
147.382449 238.151
147.386442 234.218
147.392454 230.482
147.396452 234.664
147.402446 238.439
147.406446 237.135
147.412450 234.762
147.416449 233.57
147.422449 235.111
147.426448 234.983
147.432449 233.028
147.436450 236.96
147.445448 234.983
147.447446 229.737
147.454451 234.115
147.457449 236.078
147.461447 235.427
147.467446 234.115
147.471447 235.009
147.477446 234.231
147.481446 233.382
147.487450 235.198
147.491449 234.779
147.497449 230.291
147.501459 229.037
147.507393 235.841
147.511452 235.943
147.517448 231.642
147.521448 233.463
147.528449 235.648
147.532448 235.111
147.538451 231.104
147.542449 236.592
147.548449 236.715
147.552447 230.922
147.557447 232.83
147.561445 234.881
147.567451 234.881
147.571450 231.104
147.577444 229.194
147.581443 235.296
147.587449 235.943
147.591448 232.183
147.597449 231.638
147.601456 236.299
147.607447 236.299
147.611447 228.48
147.617447 235.296
147.621443 240.156
147.627457 233.797
147.631451 232.39
147.637448 239.109
147.641451 234.329
147.647451 229.277
147.651458 237.506
147.657449 231.676
147.661453 227.838
147.667449 229.028
147.671445 237.055
147.677314 235.308
147.681399 234.762
147.687400 234.337
147.691400 232.069
147.697400 232.742
147.701400 236.873
147.707401 240.643
147.711403 235.123
147.717399 231.737
147.721399 231.004
147.727399 233.919
147.731399 237.152
147.737399 236.104
147.741401 233.079
147.747400 234.252
147.751400 236.605
147.757415 236.176
147.761405 233.566
147.767403 232.381
147.771404 236.96
147.777308 230.764
147.781395 229.828
147.787403 236.299
147.791402 239.629
147.797402 233.917
147.801401 233.917
147.807404 238.755
147.811402 231.562
147.817402 233.831
147.821403 237.527
147.827402 237.278
147.831404 230.727
147.837402 230.187
147.841403 238.229
147.847404 235.198
147.851402 231.642
147.857402 233.463
147.861403 234.329
147.867402 234.991
147.871403 232.863
147.877404 238.91
147.881395 235.378
147.887403 234.576
147.891404 239.629
147.897404 234.881
147.901403 232.11
147.907404 236.301
147.911403 240.312
147.917403 232.512
147.921404 229.541
147.928403 237.034
147.932404 234.115
147.938403 234.557
147.942402 234.218
147.948404 234.337
147.952410 231.763
147.957403 237.112
147.961404 236.968
147.967404 231.84
147.971404 234.864
147.977403 233.472
147.981391 235.108
147.987406 232.693
147.991404 232.002
147.997404 233.433
148.001404 234.6
148.007405 235.858
148.011404 235.858
148.017405 236.377
148.021403 232.727
148.027405 236.487
148.031404 235.977
148.037404 235.009
148.041404 234.354
148.047405 233.157
148.051405 232.938
148.057405 232.278
148.061404 231.655
148.067403 233.489
148.071405 232.317
148.077406 234.779
148.081398 234.252
148.087408 235.308
148.091407 232.209
148.097406 230.037
148.101407 230.656
148.107407 235.771
148.111404 236.434
148.117404 231.303
148.121404 231.746
148.127405 233.144
148.131406 234.337
148.137404 237.632
148.141404 236.96
148.147404 232.506
148.151404 232.732
148.157404 235.198
148.161416 233.919
148.167407 234.664
148.171405 234.549
148.177405 234.218
148.181317 233.139
148.187406 235.648
148.191407 234.881
148.197407 235.533
148.201405 236.867
148.207408 231.961
148.211407 236.434
148.217407 234.049
148.221406 231.642
148.227407 234.021
148.231406 234.664
148.237405 231.465
148.241407 232.732
148.247402 241.207
148.251347 232.282
148.257408 229.58
148.261407 233.463
148.268407 236.172
148.272405 234.115
148.278406 233.677
148.282351 237.895
148.288405 235.189
148.292407 235.291
148.297406 238.021
148.301406 238.552
148.307407 230.831
148.311405 230.922
148.317406 235.731
148.321406 232.295
148.327406 233.283
148.331407 232.744
148.337406 232.097
148.341407 232.093
148.347407 236.053
148.351406 236.833
148.357406 233.139
148.361407 231.953
148.367407 234.329
148.371408 240.019
148.377406 236.96
148.381406 233.677
148.387406 231.004
148.391408 232.938
148.397408 236.605
148.401405 232.317
148.407356 233.514
148.411406 237.388
148.417405 231.547
148.421406 232.732
148.427411 237.363
148.431407 235.521
148.437406 231.303
148.441407 235.665
148.447408 237.779
148.451407 240.728
148.457408 233.686
148.461406 235.106
148.467408 231.961
148.471407 235.111
148.477407 237.506
148.481408 231.264
148.487420 233.936
148.491406 234.021
148.497403 235.533
148.501409 238.155
148.507361 237.095
148.511409 237.779
148.525409 236.447
148.528409 235.69
148.529398 236.985
148.540403 236.846
148.543407 234.881
148.544399 234.107
148.549406 232.83
148.552408 232.848
148.559416 236.301
148.562406 235.769
148.569407 237.584
148.572408 234.132
148.579408 233.583
148.582400 234.991
148.589402 237.363
148.592410 234.009
148.596409 234.004
148.602408 234.009
148.606408 232.183
148.612412 237.245
148.616408 238.967
148.622407 235.41
148.626396 231.556
148.633405 235.977
148.637403 237.055
148.643407 232.693
148.647405 233.326
148.653405 232.062
148.656406 233.206
148.662405 232.097
148.666405 233.365
148.672405 234.868
148.676406 234.354
148.682405 232.631
148.686396 235.784
148.692402 238.168
148.696405 234.115
148.702405 235.402
148.706406 233.919
148.712419 230.222
148.716408 234.472
148.722407 236.529
148.726408 232.11
148.732409 229.12
148.736409 235.41
148.742409 233.388
148.746408 232.605
148.752410 239.121
148.756408 235.911
148.762408 231.961
148.766410 231.199
148.772409 236.061
148.776409 233.919
148.782411 234.369
148.786401 232.192
148.792414 233.583
148.796408 238.021
148.802409 234.329
148.806409 232.493
148.812414 234.329
148.816409 230.552
148.822409 227.379
148.826409 229.29
148.832411 235.943
148.836410 232.732
148.842412 234.651
148.846409 233.57
148.852409 233.139
148.856410 238.061
148.862409 239.946
148.866409 236.578
148.872411 234.182
148.876409 233.028
148.882409 235.291
148.886319 235.731
148.892412 233.748
148.896410 229.41
148.902410 227.763
148.906410 230.939
148.912413 239.502
148.916410 234.107
148.922409 238.833
148.926410 236.73
148.932410 232.108
148.936411 235.705
148.942362 240.822
148.946395 235.665
148.952398 228.729
148.956406 234.881
148.962409 235.977
148.966410 234.6
148.972409 234.523
148.976409 232.269
148.982410 234.252
148.986400 236.307
148.992400 241.655
148.996400 237.649
149.002405 234.779
149.006410 236.626
149.012417 233.472
149.016411 231.409
149.022410 231.556
149.026404 238.439
149.032410 236.478
149.036411 235.198
149.042411 232.317
149.046410 231.655
149.052410 233.81
149.056410 238.449
149.062411 238.168
149.066411 235.108
149.072422 233.227
149.076410 231.873
149.082410 235.637
149.086412 240.042
149.092411 235.402
149.096403 231.104
149.102412 231.858
149.106410 239.499
149.112416 238.155
149.116402 230.365
149.122417 232.83
149.126402 233.382
149.132412 232.744
149.136410 238.877
149.142411 235.663
149.146411 228.379
149.152411 230.848
149.156410 236.053
149.162412 234.329
149.166410 233.797
149.172418 233.686
149.176410 232.39
149.182411 234.453
149.186411 236.299
149.193413 238.151
149.197404 238.43
149.203412 236.707
149.207410 234.115
149.213415 234.231
149.216411 236.053
149.222417 232.39
149.226411 232.493
149.232412 231.195
149.236412 235.238
149.242412 238.82
149.246411 233.566
149.252412 235.189
149.256411 235.939
149.262410 233.57
149.266330 232.822
149.272422 238.556
149.276414 237.363
149.282347 233.57
149.286466 237.91
149.292462 237.55
149.296970 232.202
149.303103 233.917
149.306284 234.983
149.312330 232.209
149.316397 229.567
149.322400 230.796
149.326405 238.166
149.332420 235.24
149.336411 236.504
149.342406 239.744
149.346412 232.925
149.352413 233.054
149.356418 237.133
149.362414 242.384
149.366414 235.123
149.372297 230.465
149.376339 231.547
149.382423 234.651
149.386412 231.573
149.392413 231.599
149.396362 235.883
149.402405 235.359
149.406347 232.766
149.412419 234.664
149.416414 235.956
149.422414 234.549
149.426413 231.095
149.432412 231.746
149.436413 231.199
149.442406 235.308
149.446413 237.257
149.452415 236.061
149.456387 231.84
149.462413 233.797
149.466522 237.493
149.473424 237.506
149.474424 237.506
