(124.205726,0.000000),(0.007324,0.000000)
(-0.030354,0.609763),(0.002628,0.010505)
(0.507434,0.266929),(-0.020281,0.006533)
(-0.044179,-0.192244),(-0.004920,-0.013530)
(0.037380,0.203685),(-0.004540,-0.022201)
(0.093265,0.080498),(0.001261,-0.001260)
(0.072446,-0.035720),(0.002690,0.006946)
(-0.037432,0.034433),(0.002742,-0.014653)
(0.040161,0.021127),(-0.001635,-0.012781)
(-0.035018,-0.016604),(0.002817,0.011562)
(0.010799,0.075996),(0.012992,-0.021711)
(0.073706,-0.088235),(0.011231,0.010500)
(-0.049360,0.056018),(-0.014157,0.017817)
(0.055700,0.053872),(-0.000709,0.003057)
(0.033064,-0.115605),(0.034277,0.020050)
(0.064118,0.018117),(-0.012395,-0.015833)
(0.043407,0.006133),(0.009578,-0.018291)
(-0.065329,-0.097911),(0.019238,-0.007385)
(0.083348,0.030310),(-0.009148,-0.011300)
(-0.020412,0.059025),(-0.004729,0.014345)
(0.139083,-0.010056),(-0.002401,-0.012634)
(0.059764,0.045108),(0.015774,-0.001426)
(-0.154778,0.047821),(0.011276,0.004294)
(0.078861,0.085916),(-0.007079,0.021942)
(-0.105022,-0.021231),(0.014759,0.005300)
(-0.027151,0.116883),(-0.002852,-0.003710)
(0.088850,-0.057916),(-0.003409,-0.004480)
(-0.099664,-0.041933),(-0.002554,0.028572)
(0.067399,-0.001593),(0.001607,-0.004063)
(0.051446,0.004439),(-0.020859,0.003021)
(-0.084900,0.049903),(0.021339,-0.005757)
(-0.018278,-0.016224),(-0.006266,0.000548)
(0.053553,-0.014048),(0.009668,-0.015493)
(0.017231,0.062030),(0.014364,0.009502)
(-0.041394,-0.057609),(-0.013542,-0.001577)
(0.002395,-0.019254),(-0.007313,0.002426)
(0.013919,0.002859),(-0.003188,0.004326)
(-0.012084,-0.006203),(-0.012154,-0.014247)
(-0.047016,0.028458),(0.004920,0.001228)
(-0.011619,0.026914),(-0.012913,0.004747)
(-0.005416,-0.038046),(-0.016056,0.017346)
(-0.000946,0.026542),(-0.003383,-0.015559)
(-0.007838,-0.013195),(0.003190,0.009971)
(0.039319,-0.048345),(0.010173,0.002365)
(0.061750,0.013538),(0.007105,-0.010101)
(0.022791,-0.019622),(-0.019295,0.003671)
(0.014279,-0.029520),(0.000095,0.001397)
(0.031738,-0.047129),(-0.006889,0.003445)
(-0.001896,-0.055732),(0.001346,0.004190)
(-0.008392,-0.031475),(-0.002622,0.020210)
(-0.016708,-0.018143),(0.017276,0.005107)
(0.010454,-0.013921),(-0.023014,0.000411)
(-0.036891,-0.020538),(0.010201,0.000403)
(-0.053939,0.014347),(-0.004900,-0.003268)
(-0.012523,0.016575),(0.020681,0.000492)
(0.029614,-0.049895),(0.007125,0.001570)
(-0.028155,-0.004781),(0.016385,0.004280)
(0.009711,0.022143),(0.018722,0.004843)
(-0.053107,-0.037284),(-0.001386,0.016219)
(0.003250,-0.036055),(0.031472,-0.016051)
(0.028018,0.002371),(-0.006024,-0.006954)
(-0.011674,-0.089417),(0.014006,0.018760)
(-0.098403,0.058916),(0.001795,-0.011734)
(0.032989,0.066322),(0.003653,0.000468)
(0.041226,0.006186),(0.004058,-0.016615)
(0.080804,0.028362),(-0.009346,0.012536)
(0.050440,-0.047005),(-0.009479,-0.011618)
(-0.006781,-0.037126),(0.000591,0.004131)
(0.065269,-0.033661),(0.034634,-0.016340)
(0.006097,-0.058716),(-0.006080,0.019428)
(-0.061696,-0.026670),(0.005745,-0.000535)
(-0.031865,-0.066357),(-0.031203,0.016782)
(-0.084065,-0.017950),(0.003937,-0.002213)
(0.003941,0.022721),(-0.019602,-0.003575)
(-0.001731,0.058592),(-0.004954,0.001677)
(-0.058944,-0.025940),(0.013503,-0.014634)
(0.069918,0.014936),(0.024959,0.000961)
(0.003845,0.037841),(-0.003502,-0.004396)
(0.055953,0.075365),(-0.014338,0.004150)
(0.037971,-0.068225),(0.021241,-0.025103)
(-0.074322,-0.018982),(-0.025371,0.012922)
(0.042051,0.021092),(0.025310,-0.003010)
(-0.061567,0.010069),(0.028444,0.035536)
(-0.083326,-0.056426),(-0.026423,0.020132)
(-0.004512,0.009118),(-0.011097,0.002298)
(-0.009163,-0.004051),(-0.011965,0.017443)
(0.057282,0.069713),(0.004805,-0.008206)
(-0.040695,0.054216),(0.028014,0.006768)
(-0.078311,0.033784),(0.008133,-0.015864)
(0.073078,0.014746),(-0.024604,0.002103)
(-0.015481,-0.120075),(-0.006413,0.006892)
(-0.036227,0.068100),(-0.009663,-0.004778)
(-0.079221,-0.009217),(0.022809,-0.009900)
(0.003818,-0.018208),(0.025034,0.010339)
(0.081603,-0.041371),(0.007616,-0.017824)
(0.001183,-0.048437),(-0.009990,0.016880)
(-0.023132,0.000814),(-0.014178,0.009756)
(0.093218,-0.001296),(-0.016251,-0.005427)
(-0.040159,0.052906),(-0.007235,-0.000199)
(0.015811,-0.082407),(-0.006218,0.020096)
(-0.036706,-0.095667),(-0.020732,-0.005008)
(0.006644,0.080617),(-0.005053,-0.011123)
(0.017492,0.036128),(0.012829,-0.003513)
(-0.000039,0.021905),(0.008848,-0.012570)
(0.003601,-0.035059),(-0.029100,0.012044)
(0.028530,0.023480),(-0.020006,-0.023476)
(-0.006010,0.014914),(0.026092,-0.031224)
(-0.013745,0.068659),(0.010694,0.043420)
(-0.084657,-0.032102),(-0.020797,-0.009916)
(0.007406,-0.031956),(0.015905,-0.036188)
(0.004028,0.033336),(0.016715,0.013664)
(-0.047835,-0.020828),(-0.000907,-0.021803)
(-0.007561,-0.022201),(-0.009497,0.011210)
(0.043074,-0.027794),(-0.003312,-0.012367)
(0.054791,0.046883),(0.009907,-0.004259)
(-0.067477,0.034849),(-0.030306,0.026824)
(-0.037071,-0.048097),(-0.014614,-0.000465)
(0.035659,0.018840),(-0.011512,-0.009359)
(0.014538,-0.059361),(-0.003598,-0.018630)
(-0.005561,0.063096),(-0.027075,-0.003719)
(-0.034365,0.021557),(-0.000086,-0.001489)
(-0.014367,-0.010804),(-0.015634,0.016900)
(-0.053271,0.010047),(-0.012613,0.028090)
(0.020698,-0.000021),(0.006184,0.009461)
(-0.061205,-0.014692),(0.001748,-0.010857)
(0.017484,-0.070436),(-0.008610,-0.002753)
(0.016180,-0.023471),(-0.027832,0.002463)
(0.002669,0.029843),(-0.006242,0.003936)
(-0.044701,0.026179),(-0.020487,0.003070)
(-0.031860,0.029852),(0.038359,0.011263)
(-0.013796,0.030154),(0.013158,0.038156)
(-0.013124,0.009229),(-0.006343,0.001471)
(0.073724,0.005412),(0.012257,0.007804)
(0.009204,0.087518),(0.008336,0.003211)
(-0.045995,0.026711),(-0.016550,0.021508)
(-0.018376,-0.018667),(0.014520,0.006663)
(-0.012701,-0.046158),(-0.002109,0.007740)
(0.064279,-0.010828),(0.031851,-0.027869)
(0.015317,0.089963),(0.007736,-0.005929)
(-0.064686,0.052599),(-0.011202,0.010198)
(-0.017322,0.000183),(-0.008529,-0.004046)
(0.022070,0.015403),(-0.009735,-0.012487)
(0.026867,0.062047),(0.017082,0.014682)
(0.042533,0.010090),(-0.008028,0.007586)
(0.049176,-0.032355),(0.034906,-0.001653)
(0.012566,-0.032751),(-0.008742,0.003720)
(0.010811,-0.048282),(-0.016263,-0.035875)
(-0.018421,-0.014886),(0.003732,0.017238)
(0.008187,0.013825),(0.005281,-0.025609)
(0.035200,0.038734),(-0.016796,0.019775)
(0.009752,0.010800),(-0.007539,0.005607)
(0.008983,-0.044588),(-0.012009,0.021946)
(0.000280,-0.027166),(-0.001710,0.015368)
(0.019346,0.006556),(0.004213,0.001151)
(0.011620,-0.024856),(-0.002062,-0.020363)
(-0.006926,-0.003462),(0.011487,0.028655)
(0.016516,-0.018017),(-0.000548,-0.000608)
(-0.019851,-0.014002),(-0.020253,-0.017547)
(-0.010249,0.013253),(-0.024314,-0.006566)
(-0.029256,-0.016180),(-0.009383,-0.016478)
(-0.019169,-0.009880),(-0.013045,0.004373)
(-0.026614,0.054239),(0.017575,-0.022359)
(0.017084,0.020800),(0.002146,-0.009344)
(0.030802,-0.035319),(0.004743,0.008700)
(-0.035465,-0.002892),(0.010634,0.001964)
(-0.016402,0.002639),(0.026762,0.017719)
(0.011361,0.016599),(-0.008964,-0.034450)
(0.006789,0.008239),(-0.029813,-0.024827)
(-0.024418,-0.034267),(0.026901,0.014157)
(-0.005580,-0.002561),(0.013191,-0.007471)
(-0.028541,0.065147),(0.017021,0.027173)
(0.022228,-0.045590),(0.025871,-0.008774)
(0.047941,0.015344),(-0.011375,-0.016666)
(-0.018181,0.003961),(0.001694,0.006754)
(-0.016779,0.064298),(0.049810,0.010064)
(0.007179,-0.104429),(-0.024673,-0.004282)
(0.003833,0.041903),(0.011386,-0.018114)
(0.005696,0.035345),(0.000919,0.007016)
(-0.051998,0.015831),(-0.009729,0.024830)
(-0.016661,0.009054),(-0.000005,0.014698)
(0.023330,-0.015401),(-0.020155,-0.000119)
(-0.030806,-0.028617),(-0.038027,-0.001653)
(0.059379,0.005022),(0.001492,-0.004514)
(-0.062321,0.031086),(0.020331,0.027960)
(0.007107,0.024580),(0.012454,-0.013032)
(0.038621,-0.094378),(0.005214,0.003959)
(0.055055,0.084098),(0.004195,0.011071)
(-0.006746,-0.024753),(-0.003178,-0.012588)
(0.040787,-0.032384),(0.027238,0.023179)
(-0.004567,0.022180),(0.018171,0.026830)
(-0.006030,0.012713),(-0.050030,-0.024919)
(0.000867,-0.020142),(0.006041,0.003397)
(0.004877,0.019918),(-0.007361,-0.013192)
(-0.037946,-0.038048),(0.002860,-0.000369)
(0.012009,-0.022244),(0.000319,0.001676)
(0.010987,-0.034513),(-0.012852,-0.033687)
(-0.039074,0.061757),(-0.011976,0.022701)
(-0.016887,-0.052684),(0.028256,0.005667)
(0.024653,-0.014681),(-0.007023,-0.014101)
(-0.008045,-0.004396),(0.017791,0.015984)
(-0.015068,-0.017256),(0.023470,-0.030222)
(0.005747,-0.013837),(-0.007211,-0.026646)
(0.012326,0.020866),(0.043619,0.007298)
(-0.030066,-0.010718),(-0.004886,0.004387)
(-0.010870,-0.049587),(-0.005923,-0.016779)
(0.014772,-0.004600),(0.001026,-0.002481)
(0.047241,0.039722),(0.012299,-0.009531)
(-0.016692,0.010723),(-0.005790,-0.010639)
(-0.034005,0.040716),(-0.032861,0.007317)
(-0.049625,-0.058936),(0.007396,0.013490)
(0.007790,-0.010561),(0.022476,-0.021126)
(0.012335,-0.014790),(-0.015464,-0.014813)
(0.034711,0.040443),(0.016478,-0.017586)
(0.028756,0.021471),(0.005022,0.005342)
(0.041341,-0.026259),(-0.026223,-0.007220)
(0.033894,0.040130),(0.002614,0.011097)
(0.025548,0.030078),(-0.024583,0.021879)
(0.025527,0.025472),(0.009380,0.030771)
(0.020069,0.058832),(-0.013385,0.016530)
(-0.000512,0.034523),(-0.005267,0.000142)
(0.023567,-0.008236),(0.023117,-0.044475)
(-0.053619,0.002853),(-0.012693,-0.007764)
(0.041982,0.041210),(-0.012019,-0.017427)
(-0.027621,-0.048153),(0.012597,0.002810)
(0.028915,-0.006901),(-0.033836,0.018322)
(-0.053794,0.025752),(-0.015247,0.029216)
(0.008249,-0.057079),(-0.009289,0.003939)
(0.017155,-0.040753),(0.018439,-0.004560)
(-0.008499,0.033097),(0.013307,-0.003841)
(-0.034257,-0.033457),(0.010504,-0.000718)
(-0.013765,0.000836),(0.021436,-0.032392)
(-0.033116,0.004508),(0.009830,-0.002140)
(-0.022084,0.064963),(-0.024479,-0.012651)
(-0.028597,0.019133),(0.000440,0.010977)
(-0.011429,-0.006166),(-0.019231,-0.005896)
(0.009619,0.047252),(0.035182,-0.004145)
(-0.001147,-0.009400),(-0.004839,0.010695)
(0.038235,-0.002148),(0.013337,0.013952)
(0.033153,-0.077980),(0.021347,-0.022436)
(0.054006,0.075310),(0.013572,-0.008944)
(0.008956,0.019737),(0.003007,0.011836)
(-0.046356,0.027606),(-0.002264,0.006300)
(-0.018688,-0.006951),(-0.015723,-0.011351)
(-0.021950,0.034735),(0.018803,0.007292)
(0.010542,0.039597),(-0.008228,-0.001250)
(-0.018422,0.017327),(-0.000667,0.007331)
(0.004789,-0.004412),(-0.012870,-0.002202)
(0.014950,0.033655),(0.001507,0.008331)
(0.001975,-0.022180),(0.031596,0.001808)
(0.023058,0.000307),(-0.001620,-0.007113)
(-0.009748,0.013924),(-0.002234,-0.021965)
(0.022995,0.014645),(0.000564,0.014861)
(-0.001424,0.007457),(-0.019603,0.001055)
(-0.003974,-0.040784),(0.005588,0.011271)
(-0.017858,-0.041431),(-0.023228,-0.003818)
(0.018482,0.034647),(-0.002044,0.000505)
(-0.008925,-0.011830),(0.012324,0.004459)
(-0.000943,-0.005857),(0.013111,-0.006575)
(-0.032182,0.028350),(-0.034772,0.000819)
(-0.012851,0.010043),(-0.009859,0.033800)
(0.004597,-0.020417),(0.014857,0.000520)
(0.001748,-0.023063),(-0.010323,0.001806)
(-0.000981,0.023040),(0.025316,-0.008649)
(-0.018327,-0.004292),(0.015188,-0.005020)
(-0.044479,-0.017389),(-0.011736,-0.008675)
(-0.013718,0.027840),(-0.012084,0.012098)
(-0.018837,-0.011528),(0.004284,0.001643)
(-0.025988,-0.001247),(-0.004899,0.011542)
(-0.013109,-0.000928),(-0.010328,-0.010979)
(0.008014,-0.008548),(0.010388,0.039763)
(0.008182,0.023538),(0.010931,0.016591)
(-0.013105,0.027993),(0.004334,-0.018087)
(-0.060246,0.008479),(-0.008393,-0.027391)
(-0.022363,0.011902),(-0.007557,0.001668)
(-0.016496,-0.017007),(-0.010493,-0.009549)
(-0.012050,0.038880),(0.003346,0.030339)
(-0.026795,-0.001624),(-0.011922,-0.019798)
(-0.012969,-0.007588),(-0.025118,-0.010477)
(0.002193,0.019169),(0.012368,0.040419)
(0.005348,-0.002209),(0.010917,0.028302)
(-0.005374,0.020856),(-0.013311,0.006941)
(-0.002933,-0.019242),(0.021197,-0.031581)
(-0.004125,0.013904),(-0.009619,0.012256)
(-0.008913,-0.013907),(0.023632,0.019362)
(0.014900,-0.006606),(-0.004753,-0.003094)
(-0.017529,0.035710),(0.014727,-0.027734)
(0.029900,-0.011637),(-0.017109,0.017692)
(0.000499,0.008278),(-0.015741,0.021709)
(-0.015905,-0.014519),(-0.000287,-0.008198)
(-0.026867,0.016842),(0.027937,0.003615)
(-0.012447,-0.008797),(-0.033854,-0.000169)
(-0.012484,-0.005892),(0.010350,-0.007172)
(-0.057748,0.020730),(-0.017090,0.006691)
(0.004818,0.040912),(0.005350,0.015914)
(-0.002887,0.012038),(-0.012470,-0.012075)
(0.005305,0.011187),(0.014450,0.005237)
(0.010850,0.008162),(0.002561,-0.016031)
(-0.019018,0.002204),(-0.016706,-0.020496)
(0.014750,0.005420),(-0.007167,0.022792)
(0.013390,-0.027616),(-0.020908,-0.007181)
(0.002806,-0.007162),(0.006510,-0.009787)
(-0.033132,0.008367),(0.002898,0.006518)
(0.011052,0.005653),(0.035351,-0.018141)
(-0.030699,-0.029211),(-0.017125,0.004249)
(0.003379,-0.011453),(0.025090,-0.016756)
(0.008392,0.012430),(0.006055,-0.017220)
(-0.017711,0.008494),(-0.013312,0.017805)
(0.002206,-0.001042),(-0.002840,-0.022686)
(-0.010470,0.025249),(0.004950,0.029061)
(0.043211,-0.006894),(-0.000634,-0.000058)
(-0.040393,0.004137),(0.020011,0.001996)
(-0.007041,0.008889),(-0.002091,0.008688)
(0.007798,-0.011648),(-0.010424,0.002643)
(0.004628,0.009750),(0.000037,0.016189)
(0.006412,0.004535),(0.007534,-0.013431)
(-0.018250,-0.005087),(0.017890,0.015745)
(-0.000988,0.018419),(-0.003331,0.016381)
(-0.012090,-0.007222),(0.008780,0.001065)
(0.002020,0.018846),(-0.009789,-0.045729)
(-0.007815,0.011415),(-0.006400,-0.003304)
(0.019206,0.017075),(0.034238,-0.018968)
(-0.020613,-0.014076),(-0.001128,0.003283)
(0.019662,0.015962),(0.008897,0.011511)
(-0.006079,0.010948),(0.026596,0.006947)
(0.014497,-0.000430),(-0.000243,-0.028731)
(-0.006389,0.010828),(0.023352,-0.014225)
(0.002164,0.006746),(-0.005592,-0.016292)
(0.021333,-0.002204),(0.001626,0.037828)
(0.006940,0.007752),(-0.004933,-0.015768)
(0.018615,-0.010563),(-0.024588,-0.012319)
(-0.012085,0.017365),(0.015244,-0.002060)
(-0.000788,-0.033556),(0.006153,0.008647)
(0.007596,0.003360),(0.019723,0.024611)
(0.035263,-0.015040),(-0.007771,0.016031)
(-0.008676,-0.015945),(0.008101,0.006340)
(0.015650,0.003584),(0.010151,0.014695)
(-0.010119,0.001078),(-0.008772,-0.005164)
(0.004856,-0.018397),(0.021131,-0.008542)
(-0.039718,0.023679),(0.033031,0.005141)
(0.033109,0.021945),(0.018629,-0.004799)
(-0.017922,0.004474),(0.003570,-0.006145)
(-0.004893,0.021462),(0.011987,-0.002441)
(0.006637,0.009819),(-0.005760,0.014779)
(0.006683,0.015702),(-0.006273,0.014428)
(0.018631,0.009695),(0.003474,0.005034)
(-0.011318,-0.022876),(-0.019348,0.014904)
(-0.002889,-0.005531),(0.022981,-0.006437)
(0.019323,0.021825),(-0.012982,-0.015273)
(-0.004503,-0.002772),(-0.004112,0.020552)
(0.006940,0.011040),(0.005749,0.021822)
(0.004387,0.018961),(-0.030298,0.011281)
(-0.003259,-0.004613),(-0.018664,-0.008022)
(0.013197,0.008915),(0.009961,0.017016)
(0.035326,-0.029042),(-0.000734,-0.006965)
(-0.026281,0.015582),(0.014715,-0.019731)
(0.008146,-0.021955),(-0.011257,-0.008748)
(-0.021966,0.009336),(0.006944,0.015620)
(-0.021769,-0.007330),(0.014586,-0.002752)
(0.015253,-0.025674),(0.023640,-0.015983)
(0.010717,0.012138),(0.013297,0.004193)
(0.009415,-0.005059),(-0.036556,0.015920)
(-0.029699,-0.022716),(-0.032687,-0.016836)
(0.005612,0.015554),(0.002924,-0.024830)
(-0.008932,0.001095),(-0.033773,-0.057198)
(-0.022694,-0.008817),(0.023227,-0.025566)
(-0.026976,-0.006811),(0.037262,0.004551)
(0.006949,0.003863),(-0.012858,0.025035)
(0.006461,0.014384),(-0.027060,0.011484)
(0.015950,-0.007997),(-0.005157,0.007540)
(0.005261,-0.015439),(-0.030446,-0.016421)
(0.006922,-0.001526),(0.002083,-0.014579)
(-0.033526,-0.005737),(0.011119,-0.009055)
(0.017226,-0.001178),(-0.002579,-0.008027)
(0.020971,-0.002521),(-0.021805,0.019840)
(0.008955,0.001533),(-0.038300,-0.011142)
(-0.002693,0.024284),(0.000161,-0.012000)
(0.000161,0.012000),(-0.002693,-0.024284)
(-0.038300,0.011142),(0.008955,-0.001533)
(-0.021805,-0.019840),(0.020971,0.002521)
(-0.002579,0.008027),(0.017226,0.001178)
(0.011119,0.009055),(-0.033526,0.005737)
(0.002083,0.014579),(0.006922,0.001526)
(-0.030446,0.016421),(0.005261,0.015439)
(-0.005157,-0.007540),(0.015950,0.007997)
(-0.027060,-0.011484),(0.006461,-0.014384)
(-0.012858,-0.025035),(0.006949,-0.003863)
(0.037262,-0.004551),(-0.026976,0.006811)
(0.023227,0.025566),(-0.022694,0.008817)
(-0.033773,0.057198),(-0.008932,-0.001095)
(0.002924,0.024830),(0.005612,-0.015554)
(-0.032687,0.016836),(-0.029699,0.022716)
(-0.036556,-0.015920),(0.009415,0.005059)
(0.013297,-0.004193),(0.010717,-0.012138)
(0.023640,0.015983),(0.015253,0.025674)
(0.014586,0.002752),(-0.021769,0.007330)
(0.006944,-0.015620),(-0.021966,-0.009336)
(-0.011257,0.008748),(0.008146,0.021955)
(0.014715,0.019731),(-0.026281,-0.015582)
(-0.000734,0.006965),(0.035326,0.029042)
(0.009961,-0.017016),(0.013197,-0.008915)
(-0.018664,0.008022),(-0.003259,0.004613)
(-0.030298,-0.011281),(0.004387,-0.018961)
(0.005749,-0.021822),(0.006940,-0.011040)
(-0.004112,-0.020552),(-0.004503,0.002772)
(-0.012982,0.015273),(0.019323,-0.021825)
(0.022981,0.006437),(-0.002889,0.005531)
(-0.019348,-0.014904),(-0.011318,0.022876)
(0.003474,-0.005034),(0.018631,-0.009695)
(-0.006273,-0.014428),(0.006683,-0.015702)
(-0.005760,-0.014779),(0.006637,-0.009819)
(0.011987,0.002441),(-0.004893,-0.021462)
(0.003570,0.006145),(-0.017922,-0.004474)
(0.018629,0.004799),(0.033109,-0.021945)
(0.033031,-0.005141),(-0.039718,-0.023679)
(0.021131,0.008542),(0.004856,0.018397)
(-0.008772,0.005164),(-0.010119,-0.001078)
(0.010151,-0.014695),(0.015650,-0.003584)
(0.008101,-0.006340),(-0.008676,0.015945)
(-0.007771,-0.016031),(0.035263,0.015040)
(0.019723,-0.024611),(0.007596,-0.003360)
(0.006153,-0.008647),(-0.000788,0.033556)
(0.015244,0.002060),(-0.012085,-0.017365)
(-0.024588,0.012319),(0.018615,0.010563)
(-0.004933,0.015768),(0.006940,-0.007752)
(0.001626,-0.037828),(0.021333,0.002204)
(-0.005592,0.016292),(0.002164,-0.006746)
(0.023352,0.014225),(-0.006389,-0.010828)
(-0.000243,0.028731),(0.014497,0.000430)
(0.026596,-0.006947),(-0.006079,-0.010948)
(0.008897,-0.011511),(0.019662,-0.015962)
(-0.001128,-0.003283),(-0.020613,0.014076)
(0.034238,0.018968),(0.019206,-0.017075)
(-0.006400,0.003304),(-0.007815,-0.011415)
(-0.009789,0.045729),(0.002020,-0.018846)
(0.008780,-0.001065),(-0.012090,0.007222)
(-0.003331,-0.016381),(-0.000988,-0.018419)
(0.017890,-0.015745),(-0.018250,0.005087)
(0.007534,0.013431),(0.006412,-0.004535)
(0.000037,-0.016189),(0.004628,-0.009750)
(-0.010424,-0.002643),(0.007798,0.011648)
(-0.002091,-0.008688),(-0.007041,-0.008889)
(0.020011,-0.001996),(-0.040393,-0.004137)
(-0.000634,0.000058),(0.043211,0.006894)
(0.004950,-0.029061),(-0.010470,-0.025249)
(-0.002840,0.022686),(0.002206,0.001042)
(-0.013312,-0.017805),(-0.017711,-0.008494)
(0.006055,0.017220),(0.008392,-0.012430)
(0.025090,0.016756),(0.003379,0.011453)
(-0.017125,-0.004249),(-0.030699,0.029211)
(0.035351,0.018141),(0.011052,-0.005653)
(0.002898,-0.006518),(-0.033132,-0.008367)
(0.006510,0.009787),(0.002806,0.007162)
(-0.020908,0.007181),(0.013390,0.027616)
(-0.007167,-0.022792),(0.014750,-0.005420)
(-0.016706,0.020496),(-0.019018,-0.002204)
(0.002561,0.016031),(0.010850,-0.008162)
(0.014450,-0.005237),(0.005305,-0.011187)
(-0.012470,0.012075),(-0.002887,-0.012038)
(0.005350,-0.015914),(0.004818,-0.040912)
(-0.017090,-0.006691),(-0.057748,-0.020730)
(0.010350,0.007172),(-0.012484,0.005892)
(-0.033854,0.000169),(-0.012447,0.008797)
(0.027937,-0.003615),(-0.026867,-0.016842)
(-0.000287,0.008198),(-0.015905,0.014519)
(-0.015741,-0.021709),(0.000499,-0.008278)
(-0.017109,-0.017692),(0.029900,0.011637)
(0.014727,0.027734),(-0.017529,-0.035710)
(-0.004753,0.003094),(0.014900,0.006606)
(0.023632,-0.019362),(-0.008913,0.013907)
(-0.009619,-0.012256),(-0.004125,-0.013904)
(0.021197,0.031581),(-0.002933,0.019242)
(-0.013311,-0.006941),(-0.005374,-0.020856)
(0.010917,-0.028302),(0.005348,0.002209)
(0.012368,-0.040419),(0.002193,-0.019169)
(-0.025118,0.010477),(-0.012969,0.007588)
(-0.011922,0.019798),(-0.026795,0.001624)
(0.003346,-0.030339),(-0.012050,-0.038880)
(-0.010493,0.009549),(-0.016496,0.017007)
(-0.007557,-0.001668),(-0.022363,-0.011902)
(-0.008393,0.027391),(-0.060246,-0.008479)
(0.004334,0.018087),(-0.013105,-0.027993)
(0.010931,-0.016591),(0.008182,-0.023538)
(0.010388,-0.039763),(0.008014,0.008548)
(-0.010328,0.010979),(-0.013109,0.000928)
(-0.004899,-0.011542),(-0.025988,0.001247)
(0.004284,-0.001643),(-0.018837,0.011528)
(-0.012084,-0.012098),(-0.013718,-0.027840)
(-0.011736,0.008675),(-0.044479,0.017389)
(0.015188,0.005020),(-0.018327,0.004292)
(0.025316,0.008649),(-0.000981,-0.023040)
(-0.010323,-0.001806),(0.001748,0.023063)
(0.014857,-0.000520),(0.004597,0.020417)
(-0.009859,-0.033800),(-0.012851,-0.010043)
(-0.034772,-0.000819),(-0.032182,-0.028350)
(0.013111,0.006575),(-0.000943,0.005857)
(0.012324,-0.004459),(-0.008925,0.011830)
(-0.002044,-0.000505),(0.018482,-0.034647)
(-0.023228,0.003818),(-0.017858,0.041431)
(0.005588,-0.011271),(-0.003974,0.040784)
(-0.019603,-0.001055),(-0.001424,-0.007457)
(0.000564,-0.014861),(0.022995,-0.014645)
(-0.002234,0.021965),(-0.009748,-0.013924)
(-0.001620,0.007113),(0.023058,-0.000307)
(0.031596,-0.001808),(0.001975,0.022180)
(0.001507,-0.008331),(0.014950,-0.033655)
(-0.012870,0.002202),(0.004789,0.004412)
(-0.000667,-0.007331),(-0.018422,-0.017327)
(-0.008228,0.001250),(0.010542,-0.039597)
(0.018803,-0.007292),(-0.021950,-0.034735)
(-0.015723,0.011351),(-0.018688,0.006951)
(-0.002264,-0.006300),(-0.046356,-0.027606)
(0.003007,-0.011836),(0.008956,-0.019737)
(0.013572,0.008944),(0.054006,-0.075310)
(0.021347,0.022436),(0.033153,0.077980)
(0.013337,-0.013952),(0.038235,0.002148)
(-0.004839,-0.010695),(-0.001147,0.009400)
(0.035182,0.004145),(0.009619,-0.047252)
(-0.019231,0.005896),(-0.011429,0.006166)
(0.000440,-0.010977),(-0.028597,-0.019133)
(-0.024479,0.012651),(-0.022084,-0.064963)
(0.009830,0.002140),(-0.033116,-0.004508)
(0.021436,0.032392),(-0.013765,-0.000836)
(0.010504,0.000718),(-0.034257,0.033457)
(0.013307,0.003841),(-0.008499,-0.033097)
(0.018439,0.004560),(0.017155,0.040753)
(-0.009289,-0.003939),(0.008249,0.057079)
(-0.015247,-0.029216),(-0.053794,-0.025752)
(-0.033836,-0.018322),(0.028915,0.006901)
(0.012597,-0.002810),(-0.027621,0.048153)
(-0.012019,0.017427),(0.041982,-0.041210)
(-0.012693,0.007764),(-0.053619,-0.002853)
(0.023117,0.044475),(0.023567,0.008236)
(-0.005267,-0.000142),(-0.000512,-0.034523)
(-0.013385,-0.016530),(0.020069,-0.058832)
(0.009380,-0.030771),(0.025527,-0.025472)
(-0.024583,-0.021879),(0.025548,-0.030078)
(0.002614,-0.011097),(0.033894,-0.040130)
(-0.026223,0.007220),(0.041341,0.026259)
(0.005022,-0.005342),(0.028756,-0.021471)
(0.016478,0.017586),(0.034711,-0.040443)
(-0.015464,0.014813),(0.012335,0.014790)
(0.022476,0.021126),(0.007790,0.010561)
(0.007396,-0.013490),(-0.049625,0.058936)
(-0.032861,-0.007317),(-0.034005,-0.040716)
(-0.005790,0.010639),(-0.016692,-0.010723)
(0.012299,0.009531),(0.047241,-0.039722)
(0.001026,0.002481),(0.014772,0.004600)
(-0.005923,0.016779),(-0.010870,0.049587)
(-0.004886,-0.004387),(-0.030066,0.010718)
(0.043619,-0.007298),(0.012326,-0.020866)
(-0.007211,0.026646),(0.005747,0.013837)
(0.023470,0.030222),(-0.015068,0.017256)
(0.017791,-0.015984),(-0.008045,0.004396)
(-0.007023,0.014101),(0.024653,0.014681)
(0.028256,-0.005667),(-0.016887,0.052684)
(-0.011976,-0.022701),(-0.039074,-0.061757)
(-0.012852,0.033687),(0.010987,0.034513)
(0.000319,-0.001676),(0.012009,0.022244)
(0.002860,0.000369),(-0.037946,0.038048)
(-0.007361,0.013192),(0.004877,-0.019918)
(0.006041,-0.003397),(0.000867,0.020142)
(-0.050030,0.024919),(-0.006030,-0.012713)
(0.018171,-0.026830),(-0.004567,-0.022180)
(0.027238,-0.023179),(0.040787,0.032384)
(-0.003178,0.012588),(-0.006746,0.024753)
(0.004195,-0.011071),(0.055055,-0.084098)
(0.005214,-0.003959),(0.038621,0.094378)
(0.012454,0.013032),(0.007107,-0.024580)
(0.020331,-0.027960),(-0.062321,-0.031086)
(0.001492,0.004514),(0.059379,-0.005022)
(-0.038027,0.001653),(-0.030806,0.028617)
(-0.020155,0.000119),(0.023330,0.015401)
(-0.000005,-0.014698),(-0.016661,-0.009054)
(-0.009729,-0.024830),(-0.051998,-0.015831)
(0.000919,-0.007016),(0.005696,-0.035345)
(0.011386,0.018114),(0.003833,-0.041903)
(-0.024673,0.004282),(0.007179,0.104429)
(0.049810,-0.010064),(-0.016779,-0.064298)
(0.001694,-0.006754),(-0.018181,-0.003961)
(-0.011375,0.016666),(0.047941,-0.015344)
(0.025871,0.008774),(0.022228,0.045590)
(0.017021,-0.027173),(-0.028541,-0.065147)
(0.013191,0.007471),(-0.005580,0.002561)
(0.026901,-0.014157),(-0.024418,0.034267)
(-0.029813,0.024827),(0.006789,-0.008239)
(-0.008964,0.034450),(0.011361,-0.016599)
(0.026762,-0.017719),(-0.016402,-0.002639)
(0.010634,-0.001964),(-0.035465,0.002892)
(0.004743,-0.008700),(0.030802,0.035319)
(0.002146,0.009344),(0.017084,-0.020800)
(0.017575,0.022359),(-0.026614,-0.054239)
(-0.013045,-0.004373),(-0.019169,0.009880)
(-0.009383,0.016478),(-0.029256,0.016180)
(-0.024314,0.006566),(-0.010249,-0.013253)
(-0.020253,0.017547),(-0.019851,0.014002)
(-0.000548,0.000608),(0.016516,0.018017)
(0.011487,-0.028655),(-0.006926,0.003462)
(-0.002062,0.020363),(0.011620,0.024856)
(0.004213,-0.001151),(0.019346,-0.006556)
(-0.001710,-0.015368),(0.000280,0.027166)
(-0.012009,-0.021946),(0.008983,0.044588)
(-0.007539,-0.005607),(0.009752,-0.010800)
(-0.016796,-0.019775),(0.035200,-0.038734)
(0.005281,0.025609),(0.008187,-0.013825)
(0.003732,-0.017238),(-0.018421,0.014886)
(-0.016263,0.035875),(0.010811,0.048282)
(-0.008742,-0.003720),(0.012566,0.032751)
(0.034906,0.001653),(0.049176,0.032355)
(-0.008028,-0.007586),(0.042533,-0.010090)
(0.017082,-0.014682),(0.026867,-0.062047)
(-0.009735,0.012487),(0.022070,-0.015403)
(-0.008529,0.004046),(-0.017322,-0.000183)
(-0.011202,-0.010198),(-0.064686,-0.052599)
(0.007736,0.005929),(0.015317,-0.089963)
(0.031851,0.027869),(0.064279,0.010828)
(-0.002109,-0.007740),(-0.012701,0.046158)
(0.014520,-0.006663),(-0.018376,0.018667)
(-0.016550,-0.021508),(-0.045995,-0.026711)
(0.008336,-0.003211),(0.009204,-0.087518)
(0.012257,-0.007804),(0.073724,-0.005412)
(-0.006343,-0.001471),(-0.013124,-0.009229)
(0.013158,-0.038156),(-0.013796,-0.030154)
(0.038359,-0.011263),(-0.031860,-0.029852)
(-0.020487,-0.003070),(-0.044701,-0.026179)
(-0.006242,-0.003936),(0.002669,-0.029843)
(-0.027832,-0.002463),(0.016180,0.023471)
(-0.008610,0.002753),(0.017484,0.070436)
(0.001748,0.010857),(-0.061205,0.014692)
(0.006184,-0.009461),(0.020698,0.000021)
(-0.012613,-0.028090),(-0.053271,-0.010047)
(-0.015634,-0.016900),(-0.014367,0.010804)
(-0.000086,0.001489),(-0.034365,-0.021557)
(-0.027075,0.003719),(-0.005561,-0.063096)
(-0.003598,0.018630),(0.014538,0.059361)
(-0.011512,0.009359),(0.035659,-0.018840)
(-0.014614,0.000465),(-0.037071,0.048097)
(-0.030306,-0.026824),(-0.067477,-0.034849)
(0.009907,0.004259),(0.054791,-0.046883)
(-0.003312,0.012367),(0.043074,0.027794)
(-0.009497,-0.011210),(-0.007561,0.022201)
(-0.000907,0.021803),(-0.047835,0.020828)
(0.016715,-0.013664),(0.004028,-0.033336)
(0.015905,0.036188),(0.007406,0.031956)
(-0.020797,0.009916),(-0.084657,0.032102)
(0.010694,-0.043420),(-0.013745,-0.068659)
(0.026092,0.031224),(-0.006010,-0.014914)
(-0.020006,0.023476),(0.028530,-0.023480)
(-0.029100,-0.012044),(0.003601,0.035059)
(0.008848,0.012570),(-0.000039,-0.021905)
(0.012829,0.003513),(0.017492,-0.036128)
(-0.005053,0.011123),(0.006644,-0.080617)
(-0.020732,0.005008),(-0.036706,0.095667)
(-0.006218,-0.020096),(0.015811,0.082407)
(-0.007235,0.000199),(-0.040159,-0.052906)
(-0.016251,0.005427),(0.093218,0.001296)
(-0.014178,-0.009756),(-0.023132,-0.000814)
(-0.009990,-0.016880),(0.001183,0.048437)
(0.007616,0.017824),(0.081603,0.041371)
(0.025034,-0.010339),(0.003818,0.018208)
(0.022809,0.009900),(-0.079221,0.009217)
(-0.009663,0.004778),(-0.036227,-0.068100)
(-0.006413,-0.006892),(-0.015481,0.120075)
(-0.024604,-0.002103),(0.073078,-0.014746)
(0.008133,0.015864),(-0.078311,-0.033784)
(0.028014,-0.006768),(-0.040695,-0.054216)
(0.004805,0.008206),(0.057282,-0.069713)
(-0.011965,-0.017443),(-0.009163,0.004051)
(-0.011097,-0.002298),(-0.004512,-0.009118)
(-0.026423,-0.020132),(-0.083326,0.056426)
(0.028444,-0.035536),(-0.061567,-0.010069)
(0.025310,0.003010),(0.042051,-0.021092)
(-0.025371,-0.012922),(-0.074322,0.018982)
(0.021241,0.025103),(0.037971,0.068225)
(-0.014338,-0.004150),(0.055953,-0.075365)
(-0.003502,0.004396),(0.003845,-0.037841)
(0.024959,-0.000961),(0.069918,-0.014936)
(0.013503,0.014634),(-0.058944,0.025940)
(-0.004954,-0.001677),(-0.001731,-0.058592)
(-0.019602,0.003575),(0.003941,-0.022721)
(0.003937,0.002213),(-0.084065,0.017950)
(-0.031203,-0.016782),(-0.031865,0.066357)
(0.005745,0.000535),(-0.061696,0.026670)
(-0.006080,-0.019428),(0.006097,0.058716)
(0.034634,0.016340),(0.065269,0.033661)
(0.000591,-0.004131),(-0.006781,0.037126)
(-0.009479,0.011618),(0.050440,0.047005)
(-0.009346,-0.012536),(0.080804,-0.028362)
(0.004058,0.016615),(0.041226,-0.006186)
(0.003653,-0.000468),(0.032989,-0.066322)
(0.001795,0.011734),(-0.098403,-0.058916)
(0.014006,-0.018760),(-0.011674,0.089417)
(-0.006024,0.006954),(0.028018,-0.002371)
(0.031472,0.016051),(0.003250,0.036055)
(-0.001386,-0.016219),(-0.053107,0.037284)
(0.018722,-0.004843),(0.009711,-0.022143)
(0.016385,-0.004280),(-0.028155,0.004781)
(0.007125,-0.001570),(0.029614,0.049895)
(0.020681,-0.000492),(-0.012523,-0.016575)
(-0.004900,0.003268),(-0.053939,-0.014347)
(0.010201,-0.000403),(-0.036891,0.020538)
(-0.023014,-0.000411),(0.010454,0.013921)
(0.017276,-0.005107),(-0.016708,0.018143)
(-0.002622,-0.020210),(-0.008392,0.031475)
(0.001346,-0.004190),(-0.001896,0.055732)
(-0.006889,-0.003445),(0.031738,0.047129)
(0.000095,-0.001397),(0.014279,0.029520)
(-0.019295,-0.003671),(0.022791,0.019622)
(0.007105,0.010101),(0.061750,-0.013538)
(0.010173,-0.002365),(0.039319,0.048345)
(0.003190,-0.009971),(-0.007838,0.013195)
(-0.003383,0.015559),(-0.000946,-0.026542)
(-0.016056,-0.017346),(-0.005416,0.038046)
(-0.012913,-0.004747),(-0.011619,-0.026914)
(0.004920,-0.001228),(-0.047016,-0.028458)
(-0.012154,0.014247),(-0.012084,0.006203)
(-0.003188,-0.004326),(0.013919,-0.002859)
(-0.007313,-0.002426),(0.002395,0.019254)
(-0.013542,0.001577),(-0.041394,0.057609)
(0.014364,-0.009502),(0.017231,-0.062030)
(0.009668,0.015493),(0.053553,0.014048)
(-0.006266,-0.000548),(-0.018278,0.016224)
(0.021339,0.005757),(-0.084900,-0.049903)
(-0.020859,-0.003021),(0.051446,-0.004439)
(0.001607,0.004063),(0.067399,0.001593)
(-0.002554,-0.028572),(-0.099664,0.041933)
(-0.003409,0.004480),(0.088850,0.057916)
(-0.002852,0.003710),(-0.027151,-0.116883)
(0.014759,-0.005300),(-0.105022,0.021231)
(-0.007079,-0.021942),(0.078861,-0.085916)
(0.011276,-0.004294),(-0.154778,-0.047821)
(0.015774,0.001426),(0.059764,-0.045108)
(-0.002401,0.012634),(0.139083,0.010056)
(-0.004729,-0.014345),(-0.020412,-0.059025)
(-0.009148,0.011300),(0.083348,-0.030310)
(0.019238,0.007385),(-0.065329,0.097911)
(0.009578,0.018291),(0.043407,-0.006133)
(-0.012395,0.015833),(0.064118,-0.018117)
(0.034277,-0.020050),(0.033064,0.115605)
(-0.000709,-0.003057),(0.055700,-0.053872)
(-0.014157,-0.017817),(-0.049360,-0.056018)
(0.011231,-0.010500),(0.073706,0.088235)
(0.012992,0.021711),(0.010799,-0.075996)
(0.002817,-0.011562),(-0.035018,0.016604)
(-0.001635,0.012781),(0.040161,-0.021127)
(0.002742,0.014653),(-0.037432,-0.034433)
(0.002690,-0.006946),(0.072446,0.035720)
(0.001261,0.001260),(0.093265,-0.080498)
(-0.004540,0.022201),(0.037380,-0.203685)
(-0.004920,0.013530),(-0.044179,0.192244)
(-0.020281,-0.006533),(0.507434,-0.266929)
(0.002628,-0.010505),(-0.030354,-0.609763)
