(130.422104,0.000000),(0.002663,0.000000)
(0.129058,-0.700854),(0.021543,0.014274)
(0.122740,-0.225445),(-0.010488,-0.010473)
(-0.004352,-0.278803),(0.000527,0.010092)
(0.039179,-0.162794),(0.008776,0.008306)
(-0.038315,-0.151570),(-0.015668,-0.012492)
(0.013922,-0.166978),(-0.005271,0.002253)
(-0.027304,-0.076720),(-0.003001,-0.003441)
(-0.042787,-0.083406),(0.005712,-0.010494)
(0.007865,-0.026021),(0.007030,0.004183)
(-0.014423,-0.049921),(0.006173,0.009362)
(0.039651,-0.044542),(-0.009005,0.007035)
(-0.002966,-0.045731),(-0.006169,-0.000698)
(0.004746,-0.063423),(-0.002124,-0.012687)
(0.027721,-0.061822),(0.009637,0.001098)
(-0.014305,-0.039223),(-0.004334,-0.002270)
(0.016690,-0.033596),(0.009712,0.010866)
(-0.028151,-0.042143),(0.016287,0.002779)
(-0.021707,-0.070216),(0.003610,-0.006944)
(-0.000074,-0.026717),(-0.005495,0.001047)
(-0.060815,-0.047440),(0.011027,-0.007457)
(0.013214,0.074995),(-0.004817,-0.010689)
(0.083895,-0.024069),(-0.008211,-0.001030)
(0.048599,-0.060698),(0.005615,0.009827)
(-0.038496,-0.018767),(0.006357,-0.010453)
(-0.002032,-0.016648),(-0.000106,0.000038)
(-0.048362,0.053335),(0.005528,0.004454)
(0.186999,-0.082608),(-0.000049,0.005722)
(-0.014154,0.040225),(0.011561,-0.001728)
(-0.042248,-0.000866),(0.005668,0.000215)
(-0.186421,-0.043201),(0.000429,-0.010085)
(0.045702,-0.043573),(-0.005333,-0.003575)
(0.002011,0.018432),(0.008365,0.005747)
(0.018566,0.101161),(0.001922,-0.009481)
(0.020097,-0.055182),(0.002506,0.007291)
(0.026483,-0.061857),(-0.011602,0.008524)
(-0.055968,-0.102085),(-0.001375,-0.013439)
(-0.022948,0.011222),(0.001892,-0.007319)
(-0.061639,-0.076840),(0.006736,-0.004769)
(-0.037537,-0.039411),(-0.000399,0.003772)
(-0.033851,-0.000095),(0.005680,0.001374)
(-0.049919,0.016789),(0.008564,-0.001061)
(0.002278,-0.020332),(-0.005389,-0.000354)
(-0.038245,-0.133505),(-0.002841,-0.000236)
(0.002642,-0.027095),(0.007397,-0.000072)
(0.048989,-0.008044),(0.010005,0.002398)
(0.027453,0.006211),(-0.011450,0.008150)
(0.067329,-0.017027),(0.013386,0.004707)
(-0.011189,-0.036837),(0.004279,-0.006119)
(0.009987,0.033175),(0.005590,0.001537)
(-0.087349,0.047387),(-0.012281,-0.008993)
(-0.017311,-0.041828),(0.001415,0.007509)
(-0.004247,-0.016304),(-0.009322,-0.009082)
(0.065253,-0.037103),(0.001459,0.013460)
(-0.039781,-0.040716),(0.004857,-0.011861)
(0.038744,-0.034920),(-0.006463,-0.004393)
(0.003492,-0.005606),(0.011948,0.008680)
(-0.025576,0.016189),(0.015000,0.005895)
(0.005132,0.001677),(-0.003061,0.005732)
(-0.014231,-0.048390),(0.008688,-0.007830)
(-0.037186,-0.010197),(0.004841,-0.032500)
(-0.001119,-0.028624),(-0.002555,-0.011050)
(-0.010534,-0.038189),(0.016154,-0.013461)
(-0.013657,-0.025364),(0.008925,0.006612)
(0.036746,-0.026281),(0.013599,-0.014229)
(0.041672,0.040280),(-0.001101,0.000607)
(-0.048410,0.025677),(0.006575,-0.002480)
(-0.028156,-0.029747),(0.007820,0.005885)
(-0.025328,-0.017711),(-0.010807,-0.006746)
(-0.000671,-0.045507),(-0.007192,0.008537)
(-0.008605,-0.019558),(-0.007844,-0.004939)
(0.016759,-0.024642),(0.013474,0.011842)
(-0.000806,-0.025894),(0.009474,0.005811)
(0.005089,0.004479),(-0.000382,0.011757)
(0.032183,0.009769),(0.003881,0.010226)
(-0.006496,-0.013113),(0.002768,-0.011477)
(0.023121,-0.022420),(0.003455,0.017444)
(0.017545,-0.015668),(-0.013754,0.003816)
(-0.004688,-0.023419),(0.004534,0.029153)
(-0.003235,-0.030586),(0.006884,-0.002888)
(0.027741,0.005856),(0.016051,0.005080)
(-0.021580,0.032826),(0.006938,-0.004461)
(-0.000854,0.009218),(0.020458,-0.005865)
(-0.016819,-0.004064),(0.003831,-0.015066)
(0.004916,0.002166),(0.006887,0.004892)
(0.011832,-0.006312),(0.003263,0.001565)
(0.042851,-0.011161),(0.004896,-0.015653)
(0.007279,-0.021611),(0.018492,-0.005223)
(0.020645,-0.003731),(-0.006113,-0.007344)
(-0.016818,-0.026064),(-0.002367,-0.018187)
(-0.000483,0.002661),(-0.002928,0.015715)
(-0.006246,-0.043224),(-0.000580,-0.009703)
(-0.002633,-0.020696),(-0.003364,0.013807)
(-0.002717,-0.006213),(-0.012725,0.001277)
(0.004229,0.020412),(-0.008718,0.009643)
(0.009852,-0.009843),(-0.013945,0.001759)
(0.002312,-0.002532),(-0.000659,0.011836)
(0.014219,-0.018530),(-0.002576,0.000592)
(0.006884,-0.003915),(0.006079,0.009885)
(0.001629,0.009570),(0.002520,0.006538)
(0.019652,0.021200),(0.003642,0.013419)
(-0.011784,-0.011859),(-0.005801,0.010464)
(0.012628,0.020356),(-0.010111,0.003568)
(0.022045,-0.023301),(0.002253,-0.002424)
(0.029613,-0.041087),(0.002979,-0.010225)
(0.032300,-0.019206),(0.007046,-0.000250)
(-0.004188,-0.005396),(0.012603,-0.009005)
(-0.006781,-0.005798),(0.010069,0.008550)
(0.014417,-0.017243),(0.005082,-0.010752)
(-0.013490,-0.043393),(-0.000026,-0.002122)
(-0.009702,0.019250),(0.004906,-0.008916)
(0.027222,-0.010045),(0.012926,0.013613)
(-0.002748,-0.013268),(0.009358,-0.002646)
(0.010003,0.000758),(0.005407,-0.012024)
(0.000747,-0.012996),(0.021535,0.007294)
(-0.004691,-0.021042),(0.012169,-0.007788)
(-0.003155,-0.025677),(-0.001170,-0.003445)
(-0.004036,0.000703),(-0.002648,-0.006621)
(0.008436,-0.000606),(0.012388,-0.009291)
(0.018759,-0.021055),(0.001864,0.001027)
(0.005628,0.014178),(-0.004533,-0.020849)
(0.000524,0.022177),(-0.016372,-0.007160)
(-0.023589,0.025080),(-0.020318,-0.015923)
(-0.020140,-0.029226),(-0.019792,-0.022307)
(-0.016023,-0.038978),(0.000669,-0.002942)
(0.004659,-0.025675),(-0.012263,-0.022276)
(-0.000799,-0.013269),(-0.014316,0.003417)
(0.030844,0.008585),(-0.004501,0.001249)
(0.008603,0.005733),(-0.018854,0.009120)
(0.014760,-0.019745),(-0.010335,-0.001654)
(-0.018331,-0.010173),(-0.010189,0.019345)
(0.003628,0.000490),(0.015411,0.014770)
(-0.028304,-0.005393),(0.020177,0.007049)
(0.006383,-0.044537),(-0.002578,0.001854)
(0.040506,-0.029831),(0.002980,0.015352)
(0.030741,-0.014398),(-0.000258,0.017163)
(0.017204,-0.024822),(0.002041,0.002544)
(0.074042,-0.020349),(-0.006342,-0.004799)
(0.003155,0.068831),(-0.004858,-0.013106)
(-0.019676,0.031503),(-0.000051,0.010560)
(-0.030914,0.008099),(0.010157,-0.013198)
(-0.013748,-0.060029),(-0.015292,-0.017900)
(-0.013987,-0.061820),(0.008795,-0.005274)
(-0.005287,-0.049477),(-0.000008,-0.006080)
(0.014034,-0.026101),(0.006566,-0.014212)
(0.038272,-0.031264),(-0.002624,-0.009519)
(0.043874,-0.043982),(-0.027385,0.001068)
(0.058081,-0.005267),(-0.022607,0.009364)
(0.023026,0.030472),(-0.021325,0.007715)
(-0.007087,-0.008097),(0.004368,0.017153)
(-0.032253,-0.000180),(-0.016339,0.011085)
(-0.019839,-0.007674),(-0.012059,-0.007225)
(0.002140,-0.013242),(-0.000497,0.025978)
(0.013678,-0.004617),(0.005297,0.006591)
(-0.005655,-0.019521),(-0.001659,-0.022005)
(-0.014669,-0.040727),(0.002266,0.015527)
(-0.027366,-0.012336),(0.013872,0.001485)
(0.016770,0.021832),(0.000991,0.011184)
(0.018004,0.052603),(0.011092,0.013130)
(0.019499,0.004187),(-0.003977,-0.014355)
(0.016620,-0.016001),(-0.003830,-0.019018)
(-0.025566,-0.060731),(0.017803,0.007203)
(-0.041509,0.015322),(-0.014912,-0.008976)
(0.011260,0.010147),(-0.012028,0.006844)
(-0.007417,-0.018561),(0.001475,0.000927)
(0.012149,-0.000555),(0.018274,0.008549)
(0.006638,0.009665),(-0.011884,0.014874)
(0.001841,-0.015832),(0.006592,0.007320)
(0.001846,-0.011571),(-0.015958,-0.007401)
(-0.012517,-0.025570),(0.007049,0.003065)
(0.009326,-0.007916),(0.014979,0.001413)
(0.040521,0.021290),(0.004292,0.001949)
(0.014880,0.002464),(0.008061,-0.001267)
(-0.017360,0.002315),(0.012238,0.004027)
(-0.053963,0.042861),(0.002920,-0.019217)
(-0.004706,-0.056357),(0.014268,0.021286)
(0.034367,0.033317),(-0.004181,0.001777)
(0.064417,-0.039452),(0.008031,-0.011399)
(0.018777,-0.018218),(0.000885,-0.010746)
(-0.004558,-0.028800),(0.003676,-0.003258)
(0.007364,-0.002070),(0.019085,0.007588)
(0.025320,-0.054434),(-0.013620,0.002682)
(-0.051862,0.032434),(0.006400,-0.001484)
(-0.038433,0.033208),(0.017177,0.013622)
(0.002191,-0.030996),(0.009036,0.000236)
(-0.043602,-0.036026),(0.000920,-0.006652)
(0.109595,-0.008238),(-0.005771,0.011533)
(-0.076755,-0.042098),(0.005345,0.000124)
(-0.015174,0.010138),(-0.004092,-0.000906)
(0.027239,0.009457),(0.004164,0.006449)
(-0.036766,-0.080001),(0.002780,0.003551)
(0.042000,0.067161),(-0.002066,-0.013755)
(-0.034990,-0.092146),(-0.007108,-0.000414)
(-0.007043,-0.011102),(-0.005442,0.007859)
(0.008789,0.027875),(0.008889,0.007172)
(-0.039177,0.002198),(-0.007711,0.002993)
(-0.076958,0.052327),(0.006183,0.005925)
(0.035612,-0.048065),(0.001960,-0.000575)
(0.025251,-0.058245),(0.010826,-0.009577)
(0.156770,-0.069997),(-0.003038,-0.000372)
(-0.058415,0.008303),(0.013778,0.007290)
(-0.026671,-0.040657),(0.000397,-0.013269)
(-0.035514,-0.030123),(0.007970,-0.004373)
(-0.097349,-0.120947),(-0.003926,0.015729)
(0.103518,-0.042281),(0.007079,-0.001663)
(-0.182814,0.019547),(-0.001542,-0.012337)
(-0.053814,0.033537),(-0.003645,-0.004963)
(-0.077667,-0.110417),(0.001175,0.000490)
(0.025968,0.023180),(-0.004138,-0.013248)
(0.066037,-0.030107),(-0.008629,0.014529)
(-0.034168,-0.045158),(0.002068,0.007385)
(0.003889,-0.011724),(0.009918,0.006084)
(-0.095597,0.014719),(0.023583,-0.001440)
(0.015532,-0.104554),(0.008393,0.007984)
(0.060487,0.045355),(-0.000328,0.010869)
(0.057390,0.008451),(0.008995,0.006046)
(0.033665,-0.083934),(0.003417,-0.000380)
(0.074396,0.075331),(-0.004610,0.008101)
(-0.026076,0.003732),(-0.012111,0.009626)
(0.041507,0.042347),(0.009629,0.007918)
(-0.063382,0.119419),(0.008275,-0.000014)
(-0.105463,-0.043134),(0.009150,0.000222)
(-0.106648,0.108529),(0.010089,0.002225)
(-0.014004,-0.017552),(0.025303,-0.002003)
(0.116995,0.068739),(0.003990,-0.008736)
(-0.070631,-0.042247),(-0.005667,-0.033390)
(0.003373,-0.235362),(0.015503,-0.019562)
(0.020076,0.009318),(-0.002607,-0.002276)
(-0.009838,0.045494),(-0.003715,-0.004119)
(-0.080407,0.047379),(-0.000613,-0.000709)
(0.030016,-0.022285),(0.005532,-0.002610)
(0.080270,-0.007583),(0.000321,0.001424)
(0.045447,-0.045566),(0.000280,0.009491)
(0.001078,-0.043936),(0.007595,0.008712)
(0.085742,-0.002569),(0.003639,0.007239)
(0.038642,0.082565),(0.000116,-0.009020)
(0.004617,0.046079),(0.003995,-0.007269)
(0.040011,0.037767),(-0.009315,-0.022556)
(-0.030031,-0.037409),(-0.035450,0.001849)
(-0.001909,-0.032769),(-0.020615,-0.002205)
(0.032662,0.023777),(-0.016066,0.007493)
(0.024672,-0.002065),(-0.026787,0.011098)
(-0.000841,0.057738),(-0.004051,0.007149)
(-0.019278,0.014404),(-0.015380,0.005468)
(0.030705,-0.024353),(-0.007216,0.009833)
(-0.011184,0.086015),(-0.000057,0.004888)
(0.030454,0.023678),(0.002597,0.010374)
(0.050905,0.035766),(0.025888,0.018209)
(-0.058213,0.027016),(0.001357,0.002958)
(0.037922,-0.031428),(-0.010677,0.003909)
(0.036219,0.045972),(-0.001548,-0.011022)
(-0.035033,0.019041),(0.005013,0.003911)
(0.016501,-0.017824),(-0.007040,0.001578)
(-0.007678,-0.001530),(0.003548,0.009762)
(0.011552,0.004844),(-0.002460,0.014280)
(0.028783,0.003166),(0.008050,0.021362)
(0.000079,0.014213),(0.007349,0.001742)
(-0.009801,0.000132),(0.002184,0.006337)
(0.021391,0.025311),(-0.015981,-0.003965)
(-0.021743,0.038166),(-0.008456,-0.003575)
(-0.049228,0.029841),(0.007772,-0.005318)
(0.010153,0.016038),(0.006636,-0.008951)
(0.016081,-0.027382),(0.016293,0.000365)
(-0.027142,0.017254),(0.004536,0.005555)
(-0.035374,0.003759),(-0.010070,0.004385)
(0.022834,-0.019239),(-0.008536,0.004067)
(-0.002199,0.018425),(-0.004867,0.019368)
(0.024182,0.020414),(-0.000932,0.007895)
(-0.023345,0.025756),(0.005814,0.006840)
(0.000428,-0.028770),(0.005465,0.010295)
(0.027436,0.027702),(0.002499,-0.001749)
(-0.009829,-0.006175),(0.008318,-0.006872)
(-0.008619,-0.041006),(-0.014245,0.005972)
(-0.006308,0.055606),(-0.009193,-0.002265)
(-0.030245,-0.046040),(-0.001300,0.000743)
(0.041312,-0.006921),(-0.010174,0.008427)
(0.019842,0.010894),(0.007111,0.017862)
(0.037186,-0.023609),(0.012300,0.005967)
(0.007771,-0.001285),(0.008460,-0.005247)
(0.014584,0.000765),(0.005569,-0.002629)
(0.019980,0.001645),(0.001842,-0.002386)
(0.026508,0.007546),(0.012375,-0.002669)
(0.034042,-0.028178),(-0.003385,-0.003388)
(0.023220,0.009718),(-0.006597,-0.000307)
(-0.012610,0.006833),(-0.002945,0.006423)
(0.006463,-0.024909),(0.001098,0.008329)
(-0.002335,-0.036530),(0.011540,0.013388)
(0.002723,-0.019514),(0.009575,0.003808)
(-0.030127,-0.017222),(0.013474,0.001920)
(-0.040255,-0.038535),(0.026138,-0.003313)
(-0.012139,-0.027298),(-0.001779,-0.003193)
(0.011884,-0.022739),(0.001544,-0.015247)
(-0.021470,0.020983),(-0.007520,-0.005444)
(0.008659,0.018069),(0.008243,-0.008758)
(0.002205,-0.051433),(0.011030,0.014867)
(0.023445,-0.045614),(0.009523,0.008452)
(0.001316,-0.038089),(0.012477,-0.010931)
(0.010161,-0.008694),(0.009478,0.005907)
(-0.046451,0.019345),(-0.010913,-0.009898)
(0.005651,-0.014201),(-0.008276,0.004539)
(-0.026580,0.008250),(-0.003625,-0.010333)
(-0.036296,0.010488),(-0.004895,0.011728)
(-0.013800,0.053720),(-0.004288,0.000006)
(-0.024887,-0.002110),(0.007853,0.001243)
(-0.007782,0.014423),(0.012423,0.010790)
(-0.002769,0.010487),(0.012567,0.002654)
(-0.010667,0.035126),(-0.011438,-0.008557)
(0.020850,-0.007721),(0.006543,0.007008)
(-0.015634,0.003609),(-0.010296,0.010988)
(0.003324,0.003637),(0.005556,0.002402)
(-0.011365,-0.015187),(0.009082,0.013757)
(0.016126,0.014008),(0.008607,0.006142)
(-0.042623,0.016719),(-0.005919,-0.002705)
(-0.005357,0.026972),(-0.002565,-0.013274)
(0.023606,0.062257),(-0.010287,0.003010)
(0.039422,-0.018446),(-0.004958,-0.003801)
(-0.003881,0.031260),(0.007966,-0.011566)
(-0.006214,-0.035933),(0.001625,-0.000840)
(-0.032280,0.031236),(0.016695,-0.014835)
(-0.013384,-0.040729),(-0.000194,-0.011200)
(-0.009634,0.024335),(0.007256,-0.007270)
(0.025423,-0.034934),(0.000363,0.000683)
(-0.004677,0.002772),(-0.006731,0.005184)
(-0.018546,-0.020362),(-0.010823,-0.003541)
(-0.012557,-0.017136),(0.013024,0.011226)
(0.028025,-0.009811),(-0.006465,-0.011948)
(0.007267,-0.020665),(-0.008601,0.018102)
(0.012391,0.000801),(-0.003225,-0.012019)
(-0.000904,-0.027837),(-0.006048,-0.005467)
(-0.007219,0.007939),(-0.008071,-0.009231)
(0.034762,-0.032955),(0.010581,0.004990)
(0.006069,0.001922),(-0.010199,-0.009761)
(0.008106,0.009422),(0.013823,0.007063)
(-0.013296,-0.024537),(-0.009060,-0.002560)
(-0.005219,-0.033532),(-0.010785,-0.011885)
(-0.008403,0.009481),(-0.018074,0.004453)
(-0.010337,0.007508),(-0.010591,0.010788)
(-0.003395,0.009096),(-0.005558,-0.015449)
(0.004347,-0.024248),(-0.002483,0.010324)
(-0.002941,-0.012300),(-0.005883,0.007041)
(0.005175,-0.011712),(-0.007790,0.020139)
(-0.015981,-0.027198),(-0.001586,0.008198)
(-0.018103,0.003686),(-0.007837,0.010730)
(-0.021691,-0.009251),(0.008911,-0.009337)
(0.001270,-0.008734),(-0.013460,0.025749)
(-0.018674,0.024758),(0.020788,0.003627)
(-0.012794,0.016361),(0.005897,0.016303)
(0.001808,0.004823),(0.000589,0.007573)
(0.028288,0.021473),(-0.001513,0.011556)
(0.009788,0.002760),(-0.013657,0.031365)
(-0.003723,0.000184),(0.004608,0.015237)
(0.012976,-0.019679),(0.017216,0.016283)
(0.012444,-0.010599),(0.013719,-0.005477)
(0.012112,-0.005417),(0.022321,0.015431)
(0.003792,-0.006789),(-0.016868,-0.003104)
(0.008182,-0.007895),(0.002916,0.007565)
(0.020515,-0.016900),(-0.006120,-0.008677)
(0.010632,-0.020277),(0.012507,-0.021041)
(0.011756,-0.010627),(0.001001,0.000661)
(-0.012617,0.000050),(0.026783,-0.006248)
(-0.002202,0.024377),(-0.003501,0.010107)
(-0.001204,0.004268),(0.002424,0.000799)
(0.019280,0.016801),(0.003516,-0.007289)
(0.011291,0.004928),(0.007327,0.025773)
(-0.009817,-0.001371),(-0.019883,-0.005102)
(-0.031051,0.021332),(0.002229,0.011325)
(-0.015133,0.013531),(0.015713,-0.007677)
(0.004312,-0.002595),(0.012887,0.008406)
(-0.014254,0.004012),(0.006798,-0.022514)
(0.000648,-0.009424),(-0.000900,-0.018194)
(-0.002882,-0.004136),(0.002866,-0.013195)
(-0.002204,0.009121),(-0.011228,-0.003965)
(0.000175,-0.020131),(-0.002969,-0.034491)
(0.002521,0.001321),(0.017992,-0.016512)
(0.000771,0.012602),(0.007513,-0.017785)
(0.003887,0.020416),(-0.020054,-0.018549)
(-0.020054,0.018549),(0.003887,-0.020416)
(0.007513,0.017785),(0.000771,-0.012602)
(0.017992,0.016512),(0.002521,-0.001321)
(-0.002969,0.034491),(0.000175,0.020131)
(-0.011228,0.003965),(-0.002204,-0.009121)
(0.002866,0.013195),(-0.002882,0.004136)
(-0.000900,0.018194),(0.000648,0.009424)
(0.006798,0.022514),(-0.014254,-0.004012)
(0.012887,-0.008406),(0.004312,0.002595)
(0.015713,0.007677),(-0.015133,-0.013531)
(0.002229,-0.011325),(-0.031051,-0.021332)
(-0.019883,0.005102),(-0.009817,0.001371)
(0.007327,-0.025773),(0.011291,-0.004928)
(0.003516,0.007289),(0.019280,-0.016801)
(0.002424,-0.000799),(-0.001204,-0.004268)
(-0.003501,-0.010107),(-0.002202,-0.024377)
(0.026783,0.006248),(-0.012617,-0.000050)
(0.001001,-0.000661),(0.011756,0.010627)
(0.012507,0.021041),(0.010632,0.020277)
(-0.006120,0.008677),(0.020515,0.016900)
(0.002916,-0.007565),(0.008182,0.007895)
(-0.016868,0.003104),(0.003792,0.006789)
(0.022321,-0.015431),(0.012112,0.005417)
(0.013719,0.005477),(0.012444,0.010599)
(0.017216,-0.016283),(0.012976,0.019679)
(0.004608,-0.015237),(-0.003723,-0.000184)
(-0.013657,-0.031365),(0.009788,-0.002760)
(-0.001513,-0.011556),(0.028288,-0.021473)
(0.000589,-0.007573),(0.001808,-0.004823)
(0.005897,-0.016303),(-0.012794,-0.016361)
(0.020788,-0.003627),(-0.018674,-0.024758)
(-0.013460,-0.025749),(0.001270,0.008734)
(0.008911,0.009337),(-0.021691,0.009251)
(-0.007837,-0.010730),(-0.018103,-0.003686)
(-0.001586,-0.008198),(-0.015981,0.027198)
(-0.007790,-0.020139),(0.005175,0.011712)
(-0.005883,-0.007041),(-0.002941,0.012300)
(-0.002483,-0.010324),(0.004347,0.024248)
(-0.005558,0.015449),(-0.003395,-0.009096)
(-0.010591,-0.010788),(-0.010337,-0.007508)
(-0.018074,-0.004453),(-0.008403,-0.009481)
(-0.010785,0.011885),(-0.005219,0.033532)
(-0.009060,0.002560),(-0.013296,0.024537)
(0.013823,-0.007063),(0.008106,-0.009422)
(-0.010199,0.009761),(0.006069,-0.001922)
(0.010581,-0.004990),(0.034762,0.032955)
(-0.008071,0.009231),(-0.007219,-0.007939)
(-0.006048,0.005467),(-0.000904,0.027837)
(-0.003225,0.012019),(0.012391,-0.000801)
(-0.008601,-0.018102),(0.007267,0.020665)
(-0.006465,0.011948),(0.028025,0.009811)
(0.013024,-0.011226),(-0.012557,0.017136)
(-0.010823,0.003541),(-0.018546,0.020362)
(-0.006731,-0.005184),(-0.004677,-0.002772)
(0.000363,-0.000683),(0.025423,0.034934)
(0.007256,0.007270),(-0.009634,-0.024335)
(-0.000194,0.011200),(-0.013384,0.040729)
(0.016695,0.014835),(-0.032280,-0.031236)
(0.001625,0.000840),(-0.006214,0.035933)
(0.007966,0.011566),(-0.003881,-0.031260)
(-0.004958,0.003801),(0.039422,0.018446)
(-0.010287,-0.003010),(0.023606,-0.062257)
(-0.002565,0.013274),(-0.005357,-0.026972)
(-0.005919,0.002705),(-0.042623,-0.016719)
(0.008607,-0.006142),(0.016126,-0.014008)
(0.009082,-0.013757),(-0.011365,0.015187)
(0.005556,-0.002402),(0.003324,-0.003637)
(-0.010296,-0.010988),(-0.015634,-0.003609)
(0.006543,-0.007008),(0.020850,0.007721)
(-0.011438,0.008557),(-0.010667,-0.035126)
(0.012567,-0.002654),(-0.002769,-0.010487)
(0.012423,-0.010790),(-0.007782,-0.014423)
(0.007853,-0.001243),(-0.024887,0.002110)
(-0.004288,-0.000006),(-0.013800,-0.053720)
(-0.004895,-0.011728),(-0.036296,-0.010488)
(-0.003625,0.010333),(-0.026580,-0.008250)
(-0.008276,-0.004539),(0.005651,0.014201)
(-0.010913,0.009898),(-0.046451,-0.019345)
(0.009478,-0.005907),(0.010161,0.008694)
(0.012477,0.010931),(0.001316,0.038089)
(0.009523,-0.008452),(0.023445,0.045614)
(0.011030,-0.014867),(0.002205,0.051433)
(0.008243,0.008758),(0.008659,-0.018069)
(-0.007520,0.005444),(-0.021470,-0.020983)
(0.001544,0.015247),(0.011884,0.022739)
(-0.001779,0.003193),(-0.012139,0.027298)
(0.026138,0.003313),(-0.040255,0.038535)
(0.013474,-0.001920),(-0.030127,0.017222)
(0.009575,-0.003808),(0.002723,0.019514)
(0.011540,-0.013388),(-0.002335,0.036530)
(0.001098,-0.008329),(0.006463,0.024909)
(-0.002945,-0.006423),(-0.012610,-0.006833)
(-0.006597,0.000307),(0.023220,-0.009718)
(-0.003385,0.003388),(0.034042,0.028178)
(0.012375,0.002669),(0.026508,-0.007546)
(0.001842,0.002386),(0.019980,-0.001645)
(0.005569,0.002629),(0.014584,-0.000765)
(0.008460,0.005247),(0.007771,0.001285)
(0.012300,-0.005967),(0.037186,0.023609)
(0.007111,-0.017862),(0.019842,-0.010894)
(-0.010174,-0.008427),(0.041312,0.006921)
(-0.001300,-0.000743),(-0.030245,0.046040)
(-0.009193,0.002265),(-0.006308,-0.055606)
(-0.014245,-0.005972),(-0.008619,0.041006)
(0.008318,0.006872),(-0.009829,0.006175)
(0.002499,0.001749),(0.027436,-0.027702)
(0.005465,-0.010295),(0.000428,0.028770)
(0.005814,-0.006840),(-0.023345,-0.025756)
(-0.000932,-0.007895),(0.024182,-0.020414)
(-0.004867,-0.019368),(-0.002199,-0.018425)
(-0.008536,-0.004067),(0.022834,0.019239)
(-0.010070,-0.004385),(-0.035374,-0.003759)
(0.004536,-0.005555),(-0.027142,-0.017254)
(0.016293,-0.000365),(0.016081,0.027382)
(0.006636,0.008951),(0.010153,-0.016038)
(0.007772,0.005318),(-0.049228,-0.029841)
(-0.008456,0.003575),(-0.021743,-0.038166)
(-0.015981,0.003965),(0.021391,-0.025311)
(0.002184,-0.006337),(-0.009801,-0.000132)
(0.007349,-0.001742),(0.000079,-0.014213)
(0.008050,-0.021362),(0.028783,-0.003166)
(-0.002460,-0.014280),(0.011552,-0.004844)
(0.003548,-0.009762),(-0.007678,0.001530)
(-0.007040,-0.001578),(0.016501,0.017824)
(0.005013,-0.003911),(-0.035033,-0.019041)
(-0.001548,0.011022),(0.036219,-0.045972)
(-0.010677,-0.003909),(0.037922,0.031428)
(0.001357,-0.002958),(-0.058213,-0.027016)
(0.025888,-0.018209),(0.050905,-0.035766)
(0.002597,-0.010374),(0.030454,-0.023678)
(-0.000057,-0.004888),(-0.011184,-0.086015)
(-0.007216,-0.009833),(0.030705,0.024353)
(-0.015380,-0.005468),(-0.019278,-0.014404)
(-0.004051,-0.007149),(-0.000841,-0.057738)
(-0.026787,-0.011098),(0.024672,0.002065)
(-0.016066,-0.007493),(0.032662,-0.023777)
(-0.020615,0.002205),(-0.001909,0.032769)
(-0.035450,-0.001849),(-0.030031,0.037409)
(-0.009315,0.022556),(0.040011,-0.037767)
(0.003995,0.007269),(0.004617,-0.046079)
(0.000116,0.009020),(0.038642,-0.082565)
(0.003639,-0.007239),(0.085742,0.002569)
(0.007595,-0.008712),(0.001078,0.043936)
(0.000280,-0.009491),(0.045447,0.045566)
(0.000321,-0.001424),(0.080270,0.007583)
(0.005532,0.002610),(0.030016,0.022285)
(-0.000613,0.000709),(-0.080407,-0.047379)
(-0.003715,0.004119),(-0.009838,-0.045494)
(-0.002607,0.002276),(0.020076,-0.009318)
(0.015503,0.019562),(0.003373,0.235362)
(-0.005667,0.033390),(-0.070631,0.042247)
(0.003990,0.008736),(0.116995,-0.068739)
(0.025303,0.002003),(-0.014004,0.017552)
(0.010089,-0.002225),(-0.106648,-0.108529)
(0.009150,-0.000222),(-0.105463,0.043134)
(0.008275,0.000014),(-0.063382,-0.119419)
(0.009629,-0.007918),(0.041507,-0.042347)
(-0.012111,-0.009626),(-0.026076,-0.003732)
(-0.004610,-0.008101),(0.074396,-0.075331)
(0.003417,0.000380),(0.033665,0.083934)
(0.008995,-0.006046),(0.057390,-0.008451)
(-0.000328,-0.010869),(0.060487,-0.045355)
(0.008393,-0.007984),(0.015532,0.104554)
(0.023583,0.001440),(-0.095597,-0.014719)
(0.009918,-0.006084),(0.003889,0.011724)
(0.002068,-0.007385),(-0.034168,0.045158)
(-0.008629,-0.014529),(0.066037,0.030107)
(-0.004138,0.013248),(0.025968,-0.023180)
(0.001175,-0.000490),(-0.077667,0.110417)
(-0.003645,0.004963),(-0.053814,-0.033537)
(-0.001542,0.012337),(-0.182814,-0.019547)
(0.007079,0.001663),(0.103518,0.042281)
(-0.003926,-0.015729),(-0.097349,0.120947)
(0.007970,0.004373),(-0.035514,0.030123)
(0.000397,0.013269),(-0.026671,0.040657)
(0.013778,-0.007290),(-0.058415,-0.008303)
(-0.003038,0.000372),(0.156770,0.069997)
(0.010826,0.009577),(0.025251,0.058245)
(0.001960,0.000575),(0.035612,0.048065)
(0.006183,-0.005925),(-0.076958,-0.052327)
(-0.007711,-0.002993),(-0.039177,-0.002198)
(0.008889,-0.007172),(0.008789,-0.027875)
(-0.005442,-0.007859),(-0.007043,0.011102)
(-0.007108,0.000414),(-0.034990,0.092146)
(-0.002066,0.013755),(0.042000,-0.067161)
(0.002780,-0.003551),(-0.036766,0.080001)
(0.004164,-0.006449),(0.027239,-0.009457)
(-0.004092,0.000906),(-0.015174,-0.010138)
(0.005345,-0.000124),(-0.076755,0.042098)
(-0.005771,-0.011533),(0.109595,0.008238)
(0.000920,0.006652),(-0.043602,0.036026)
(0.009036,-0.000236),(0.002191,0.030996)
(0.017177,-0.013622),(-0.038433,-0.033208)
(0.006400,0.001484),(-0.051862,-0.032434)
(-0.013620,-0.002682),(0.025320,0.054434)
(0.019085,-0.007588),(0.007364,0.002070)
(0.003676,0.003258),(-0.004558,0.028800)
(0.000885,0.010746),(0.018777,0.018218)
(0.008031,0.011399),(0.064417,0.039452)
(-0.004181,-0.001777),(0.034367,-0.033317)
(0.014268,-0.021286),(-0.004706,0.056357)
(0.002920,0.019217),(-0.053963,-0.042861)
(0.012238,-0.004027),(-0.017360,-0.002315)
(0.008061,0.001267),(0.014880,-0.002464)
(0.004292,-0.001949),(0.040521,-0.021290)
(0.014979,-0.001413),(0.009326,0.007916)
(0.007049,-0.003065),(-0.012517,0.025570)
(-0.015958,0.007401),(0.001846,0.011571)
(0.006592,-0.007320),(0.001841,0.015832)
(-0.011884,-0.014874),(0.006638,-0.009665)
(0.018274,-0.008549),(0.012149,0.000555)
(0.001475,-0.000927),(-0.007417,0.018561)
(-0.012028,-0.006844),(0.011260,-0.010147)
(-0.014912,0.008976),(-0.041509,-0.015322)
(0.017803,-0.007203),(-0.025566,0.060731)
(-0.003830,0.019018),(0.016620,0.016001)
(-0.003977,0.014355),(0.019499,-0.004187)
(0.011092,-0.013130),(0.018004,-0.052603)
(0.000991,-0.011184),(0.016770,-0.021832)
(0.013872,-0.001485),(-0.027366,0.012336)
(0.002266,-0.015527),(-0.014669,0.040727)
(-0.001659,0.022005),(-0.005655,0.019521)
(0.005297,-0.006591),(0.013678,0.004617)
(-0.000497,-0.025978),(0.002140,0.013242)
(-0.012059,0.007225),(-0.019839,0.007674)
(-0.016339,-0.011085),(-0.032253,0.000180)
(0.004368,-0.017153),(-0.007087,0.008097)
(-0.021325,-0.007715),(0.023026,-0.030472)
(-0.022607,-0.009364),(0.058081,0.005267)
(-0.027385,-0.001068),(0.043874,0.043982)
(-0.002624,0.009519),(0.038272,0.031264)
(0.006566,0.014212),(0.014034,0.026101)
(-0.000008,0.006080),(-0.005287,0.049477)
(0.008795,0.005274),(-0.013987,0.061820)
(-0.015292,0.017900),(-0.013748,0.060029)
(0.010157,0.013198),(-0.030914,-0.008099)
(-0.000051,-0.010560),(-0.019676,-0.031503)
(-0.004858,0.013106),(0.003155,-0.068831)
(-0.006342,0.004799),(0.074042,0.020349)
(0.002041,-0.002544),(0.017204,0.024822)
(-0.000258,-0.017163),(0.030741,0.014398)
(0.002980,-0.015352),(0.040506,0.029831)
(-0.002578,-0.001854),(0.006383,0.044537)
(0.020177,-0.007049),(-0.028304,0.005393)
(0.015411,-0.014770),(0.003628,-0.000490)
(-0.010189,-0.019345),(-0.018331,0.010173)
(-0.010335,0.001654),(0.014760,0.019745)
(-0.018854,-0.009120),(0.008603,-0.005733)
(-0.004501,-0.001249),(0.030844,-0.008585)
(-0.014316,-0.003417),(-0.000799,0.013269)
(-0.012263,0.022276),(0.004659,0.025675)
(0.000669,0.002942),(-0.016023,0.038978)
(-0.019792,0.022307),(-0.020140,0.029226)
(-0.020318,0.015923),(-0.023589,-0.025080)
(-0.016372,0.007160),(0.000524,-0.022177)
(-0.004533,0.020849),(0.005628,-0.014178)
(0.001864,-0.001027),(0.018759,0.021055)
(0.012388,0.009291),(0.008436,0.000606)
(-0.002648,0.006621),(-0.004036,-0.000703)
(-0.001170,0.003445),(-0.003155,0.025677)
(0.012169,0.007788),(-0.004691,0.021042)
(0.021535,-0.007294),(0.000747,0.012996)
(0.005407,0.012024),(0.010003,-0.000758)
(0.009358,0.002646),(-0.002748,0.013268)
(0.012926,-0.013613),(0.027222,0.010045)
(0.004906,0.008916),(-0.009702,-0.019250)
(-0.000026,0.002122),(-0.013490,0.043393)
(0.005082,0.010752),(0.014417,0.017243)
(0.010069,-0.008550),(-0.006781,0.005798)
(0.012603,0.009005),(-0.004188,0.005396)
(0.007046,0.000250),(0.032300,0.019206)
(0.002979,0.010225),(0.029613,0.041087)
(0.002253,0.002424),(0.022045,0.023301)
(-0.010111,-0.003568),(0.012628,-0.020356)
(-0.005801,-0.010464),(-0.011784,0.011859)
(0.003642,-0.013419),(0.019652,-0.021200)
(0.002520,-0.006538),(0.001629,-0.009570)
(0.006079,-0.009885),(0.006884,0.003915)
(-0.002576,-0.000592),(0.014219,0.018530)
(-0.000659,-0.011836),(0.002312,0.002532)
(-0.013945,-0.001759),(0.009852,0.009843)
(-0.008718,-0.009643),(0.004229,-0.020412)
(-0.012725,-0.001277),(-0.002717,0.006213)
(-0.003364,-0.013807),(-0.002633,0.020696)
(-0.000580,0.009703),(-0.006246,0.043224)
(-0.002928,-0.015715),(-0.000483,-0.002661)
(-0.002367,0.018187),(-0.016818,0.026064)
(-0.006113,0.007344),(0.020645,0.003731)
(0.018492,0.005223),(0.007279,0.021611)
(0.004896,0.015653),(0.042851,0.011161)
(0.003263,-0.001565),(0.011832,0.006312)
(0.006887,-0.004892),(0.004916,-0.002166)
(0.003831,0.015066),(-0.016819,0.004064)
(0.020458,0.005865),(-0.000854,-0.009218)
(0.006938,0.004461),(-0.021580,-0.032826)
(0.016051,-0.005080),(0.027741,-0.005856)
(0.006884,0.002888),(-0.003235,0.030586)
(0.004534,-0.029153),(-0.004688,0.023419)
(-0.013754,-0.003816),(0.017545,0.015668)
(0.003455,-0.017444),(0.023121,0.022420)
(0.002768,0.011477),(-0.006496,0.013113)
(0.003881,-0.010226),(0.032183,-0.009769)
(-0.000382,-0.011757),(0.005089,-0.004479)
(0.009474,-0.005811),(-0.000806,0.025894)
(0.013474,-0.011842),(0.016759,0.024642)
(-0.007844,0.004939),(-0.008605,0.019558)
(-0.007192,-0.008537),(-0.000671,0.045507)
(-0.010807,0.006746),(-0.025328,0.017711)
(0.007820,-0.005885),(-0.028156,0.029747)
(0.006575,0.002480),(-0.048410,-0.025677)
(-0.001101,-0.000607),(0.041672,-0.040280)
(0.013599,0.014229),(0.036746,0.026281)
(0.008925,-0.006612),(-0.013657,0.025364)
(0.016154,0.013461),(-0.010534,0.038189)
(-0.002555,0.011050),(-0.001119,0.028624)
(0.004841,0.032500),(-0.037186,0.010197)
(0.008688,0.007830),(-0.014231,0.048390)
(-0.003061,-0.005732),(0.005132,-0.001677)
(0.015000,-0.005895),(-0.025576,-0.016189)
(0.011948,-0.008680),(0.003492,0.005606)
(-0.006463,0.004393),(0.038744,0.034920)
(0.004857,0.011861),(-0.039781,0.040716)
(0.001459,-0.013460),(0.065253,0.037103)
(-0.009322,0.009082),(-0.004247,0.016304)
(0.001415,-0.007509),(-0.017311,0.041828)
(-0.012281,0.008993),(-0.087349,-0.047387)
(0.005590,-0.001537),(0.009987,-0.033175)
(0.004279,0.006119),(-0.011189,0.036837)
(0.013386,-0.004707),(0.067329,0.017027)
(-0.011450,-0.008150),(0.027453,-0.006211)
(0.010005,-0.002398),(0.048989,0.008044)
(0.007397,0.000072),(0.002642,0.027095)
(-0.002841,0.000236),(-0.038245,0.133505)
(-0.005389,0.000354),(0.002278,0.020332)
(0.008564,0.001061),(-0.049919,-0.016789)
(0.005680,-0.001374),(-0.033851,0.000095)
(-0.000399,-0.003772),(-0.037537,0.039411)
(0.006736,0.004769),(-0.061639,0.076840)
(0.001892,0.007319),(-0.022948,-0.011222)
(-0.001375,0.013439),(-0.055968,0.102085)
(-0.011602,-0.008524),(0.026483,0.061857)
(0.002506,-0.007291),(0.020097,0.055182)
(0.001922,0.009481),(0.018566,-0.101161)
(0.008365,-0.005747),(0.002011,-0.018432)
(-0.005333,0.003575),(0.045702,0.043573)
(0.000429,0.010085),(-0.186421,0.043201)
(0.005668,-0.000215),(-0.042248,0.000866)
(0.011561,0.001728),(-0.014154,-0.040225)
(-0.000049,-0.005722),(0.186999,0.082608)
(0.005528,-0.004454),(-0.048362,-0.053335)
(-0.000106,-0.000038),(-0.002032,0.016648)
(0.006357,0.010453),(-0.038496,0.018767)
(0.005615,-0.009827),(0.048599,0.060698)
(-0.008211,0.001030),(0.083895,0.024069)
(-0.004817,0.010689),(0.013214,-0.074995)
(0.011027,0.007457),(-0.060815,0.047440)
(-0.005495,-0.001047),(-0.000074,0.026717)
(0.003610,0.006944),(-0.021707,0.070216)
(0.016287,-0.002779),(-0.028151,0.042143)
(0.009712,-0.010866),(0.016690,0.033596)
(-0.004334,0.002270),(-0.014305,0.039223)
(0.009637,-0.001098),(0.027721,0.061822)
(-0.002124,0.012687),(0.004746,0.063423)
(-0.006169,0.000698),(-0.002966,0.045731)
(-0.009005,-0.007035),(0.039651,0.044542)
(0.006173,-0.009362),(-0.014423,0.049921)
(0.007030,-0.004183),(0.007865,0.026021)
(0.005712,0.010494),(-0.042787,0.083406)
(-0.003001,0.003441),(-0.027304,0.076720)
(-0.005271,-0.002253),(0.013922,0.166978)
(-0.015668,0.012492),(-0.038315,0.151570)
(0.008776,-0.008306),(0.039179,0.162794)
(0.000527,-0.010092),(-0.004352,0.278803)
(-0.010488,0.010473),(0.122740,0.225445)
(0.021543,-0.014274),(0.129058,0.700854)
