15 0.356111
15.5 0.98128
16 0.92943
16.5 0.00635327
17 0.0380229
17.5 0.232163
18 0.0885111
18.5 0.0103379
19 0.00191856
19.5 0.00495688
20 0.0177255
20.5 0.0173931
21 0.00270036
21.5 0.00396147
22 0.00492228
22.5 0.00213649
23 0.00334056
23.5 0.00466843
24 0.00270464
24.5 0.0014543
25 0.00235631
25.5 0.00433666
26 0.00518868
26.5 0.00353989
27 0.00415932
27.5 0.00342403
28 0.00331256
28.5 0.00297467
29 0.00261356
29.5 0.00241839
30 0.00276666
30.5 0.002495
31 0.00598958
31.5 0.0135249
32 0.0269106
32.5 0.984958
33 0.983472
33.5 0.00775187
34 0.998062
34.5 0.998026
35 0.00408305
35.5 0.997947
36 0.998016
36.5 0.889786
37 0.995553
37.5 0.994509
38 0.993543
38.5 0.450328
39 0.998092
39.5 0.997579
40 0.00116817
40.5 0.993468
41 0.990665
41.5 0.0411837
42 0.995234
42.5 0.99764
43 0.997642
43.5 0.987798
44 0.997249
44.5 0.99556
45 0.00107665
45.5 0.994961
46 0.996299
46.5 0.995276
47 0.272006
47.5 0.910339
48 0.902431
48.5 3.71262e-05
49 0.89922
49.5 0.913736
50 0.99458
50.5 0.941803
51 0.949861
51.5 0.96086
52 0.00107486
52.5 0.997499
53 0.997962
53.5 0.997406
54 0.991412
54.5 0.995765
55 0.992968
55.5 0.000720568
56 0.993694
56.5 0.994564
57 0.000172306
57.5 0.000126797
58 0.000616635
58.5 2.61256e-05
59 6.83914e-05
59.5 0.000627632
60 0.00035366
60.5 0.00904631
61 0.00150831
61.5 0.000343375
62 0.00134634
62.5 0.00783055
63 0.00645583
63.5 0.0028057
64 0.0120339
64.5 0.00493469
65 0.00143442
65.5 0.00105938
66 0.00149693
66.5 0.00150966
67 0.00138013
67.5 0.0016714
68 0.00186982
68.5 0.00206896
69 0.00230262
69.5 5.95017e-05
70 2.13638e-05
70.5 6.32578e-05
71 0.00011101
71.5 7.40778e-05
72 2.20795e-05
72.5 2.48626e-05
73 7.95023e-05
73.5 0.000130269
74 0.000133098
74.5 0.00013486
75 0.000150166
75.5 0.000147027
76 0.000114327
76.5 7.13723e-05
77 0.000155754
77.5 0.000156543
78 0.000156554
78.5 0.000156554
79 0.000156542
79.5 0.000155565
80 5.62059e-05
80.5 4.61745e-05
81 9.72521e-05
81.5 0.000108791
82 0.000133733
82.5 0.000150742
83 0.000148575
83.5 0.000119152
84 5.93607e-05
84.5 0.000150653
85 0.000155048
85.5 0.000154836
86 0.000149244
86.5 0.000134277
87 7.36678e-05
87.5 2.4288e-05
88 1.75616e-05
88.5 2.32419e-05
89 0.000111355
89.5 0.000395013
90 0.000427749
90.5 0.000928039
91 0.00238416
91.5 0.00485919
92 0.00171235
92.5 0.000617683
93 7.69204e-05
93.5 2.58006e-05
94 2.09185e-05
94.5 2.00317e-05
95 2.10853e-05
95.5 2.48685e-05
96 2.55141e-05
96.5 2.20747e-05
97 2.20373e-05
97.5 2.73156e-05
98 6.70737e-05
98.5 0.000466394
99 0.000790851
99.5 0.00035571
100 0.000339416
100.5 0.000538717
101 0.000882448
101.5 0.000702928
102 0.000924104
102.5 0.00127061
103 0.000818812
103.5 0.000562952
104 0.000562341
104.5 0.000757444
105 0.00136649
105.5 0.00188391
106 0.00249493
106.5 0.00237296
107 0.002782
107.5 0.00329478
108 0.0120354
108.5 0.00706052
109 0.000327342
109.5 4.26711e-05
110 6.32209e-05
110.5 3.31565e-05
111 2.11024e-05
111.5 0.000110547
112 0.000726207
112.5 3.50258e-05
113 1.9127e-05
113.5 6.06578e-05
114 0.000465396
114.5 0.000264066
115 0.000142402
115.5 0.00093354
116 0.000225618
116.5 2.06308e-05
117 1.95773e-05
117.5 3.19177e-05
118 3.74245e-05
118.5 3.08808e-05
119 2.61332e-05
119.5 0.000100979
120 0.000155401
120.5 1.81294e-05
121 0.000127342
121.5 0.297349
122 0.0571747
122.5 0.000174673
123 0.00909409
123.5 0.00785669
124 6.08325e-05
124.5 4.31813e-05
125 0.000256018
125.5 0.000315686
126 6.09569e-05
126.5 4.41429e-05
127 0.000136409
127.5 0.0006872
128 0.000788005
128.5 0.00117076
129 0.0492137
129.5 0.483402
130 0.0294214
130.5 0.00846665
131 0.558061
131.5 0.58011
132 0.00946918
132.5 0.0151957
133 0.257153
133.5 0.0928504
134 0.00538215
134.5 0.00439985
135 0.0123103
135.5 0.0156806
136 0.00505629
136.5 0.00283369
137 0.007703
137.5 0.0141831
138 0.00611798
138.5 0.00382643
139 0.0108694
139.5 0.0137316
140 0.00670679
140.5 0.00324204
141 0.00679832
141.5 0.00717253
142 0.00207318
