106 -1 32,8
100 106 31,9
94 100 30,10
94 94 29,11
91 95 28,12
88 92 27,13
85 86 26,14
79 86 25,15
79 78 24,16
76 80 23,17
73 74 22,18
70 71 21,19
69 69 20,20
69 71 19,21
69 68 18,22
69 68 17,23
69 68 16,24
69 68 15,25
69 71 14,26
69 69 13,27
69 68 12,28
69 68 11,29
69 69 10,30
69 -1 9,31
69 69 8,32
97 97 32,7
92 92 31,8
86 86 30,9
83 84 29,10
83 82 28,11
80 81 27,12
77 79 26,13
74 81 25,14
71 76 24,15
69 73 23,16
67 70 22,17
65 64 21,18
64 64 20,19
64 64 19,20
64 65 18,21
64 68 17,22
64 68 16,23
64 65 15,24
64 65 14,25
64 66 13,26
64 64 12,27
64 64 11,28
65 64 10,29
64 64 9,30
64 -1 8,31
66 66 7,32
88 88 32,6
82 86 31,7
78 82 30,8
75 80 29,9
75 76 28,10
72 80 27,11
69 81 26,12
66 71 25,13
64 69 24,14
62 67 23,15
61 64 22,16
60 61 21,17
59 58 20,18
59 58 19,19
59 61 18,20
59 59 17,21
59 58 16,22
59 60 15,23
59 58 14,24
59 61 13,25
59 58 12,26
59 61 11,27
59 59 10,28
59 59 9,29
59 59 8,30
61 61 7,31
62 62 6,32
79 -1 32,5
74 79 31,6
70 74 30,7
68 77 29,8
68 70 28,9
65 67 27,10
62 68 26,11
60 68 25,12
58 64 24,13
57 61 23,14
56 60 22,15
55 57 21,16
54 53 20,17
54 56 19,18
54 56 18,19
54 55 17,20
54 55 16,21
54 55 15,22
54 54 14,23
54 55 13,24
54 56 12,25
54 54 11,26
54 58 10,27
54 54 9,28
54 54 8,29
56 56 7,30
57 57 6,31
59 59 5,32
70 -1 32,4
66 70 31,5
63 66 30,6
60 62 29,7
61 62 28,8
58 72 27,9
56 61 26,10
54 60 25,11
53 57 24,12
52 54 23,13
51 52 22,14
50 60 21,15
49 49 20,16
49 49 19,17
49 51 18,18
49 50 17,19
49 49 16,20
49 50 15,21
49 49 14,22
49 49 13,23
49 49 12,24
49 49 11,25
49 49 10,26
49 49 9,27
49 57 8,28
51 51 7,29
52 52 6,30
54 54 5,31
56 56 4,32
65 68 32,3
62 62 31,4
57 63 30,5
57 57 29,6
54 63 28,7
52 63 27,8
50 64 26,9
49 59 25,10
48 54 24,11
47 53 23,12
46 49 22,13
45 47 21,14
44 46 20,15
44 45 19,16
44 44 18,17
44 46 17,18
44 44 16,19
44 46 15,20
44 46 14,21
44 44 13,22
44 45 12,23
44 44 11,24
45 44 10,25
44 45 9,26
44 45 8,27
46 46 7,28
47 48 6,29
49 50 5,30
51 52 4,31
53 53 3,32
59 58 32,2
54 54 31,3
52 52 30,4
50 62 29,5
48 52 28,6
46 50 27,7
45 49 26,8
44 49 25,9
43 49 24,10
42 53 23,11
41 53 22,12
40 43 21,13
39 41 20,14
39 41 19,15
39 41 18,16
39 46 17,17
39 42 16,18
39 41 15,19
39 43 14,20
39 42 13,21
39 44 12,22
39 44 11,23
39 39 10,24
39 43 9,25
39 40 8,26
41 41 7,27
43 43 6,28
44 45 5,29
46 47 4,30
48 49 3,31
50 50 2,32
53 53 32,1
50 49 31,2
51 47 30,3
48 46 29,4
46 45 28,5
44 44 27,6
43 43 26,7
42 47 25,8
41 41 24,9
40 42 23,10
39 41 22,11
38 37 21,12
37 38 20,13
37 42 19,14
37 36 18,15
37 38 17,16
37 37 16,17
37 37 15,18
37 37 14,19
37 36 13,20
36 43 12,21
36 44 11,22
36 36 10,23
37 36 9,24
37 36 8,25
37 39 7,26
40 41 6,27
40 41 5,28
44 42 4,29
44 45 3,30
48 46 2,31
48 48 1,32
46 46 32,0
44 -1 31,1
42 -1 30,2
41 57 29,3
40 48 28,4
39 46 27,5
38 41 26,6
37 37 25,7
36 36 24,8
35 41 23,9
34 37 22,10
33 33 21,11
32 33 20,12
32 34 19,13
32 32 18,14
32 32 17,15
32 36 16,16
32 32 15,17
32 35 14,18
32 32 13,19
32 32 12,20
32 32 11,21
32 35 10,22
32 37 9,23
32 35 8,24
34 36 7,25
35 36 6,26
37 37 5,27
38 38 4,28
40 43 3,29
42 42 2,30
44 45 1,31
46 47 0,32
43 44 31,0
41 42 30,1
40 40 29,2
39 42 28,3
38 47 27,4
37 38 26,5
36 36 25,6
35 35 24,7
34 34 23,8
33 33 22,9
32 33 21,10
31 35 20,11
31 31 19,12
31 31 18,13
31 33 17,14
31 31 16,15
31 31 15,16
31 31 14,17
31 31 13,18
31 31 12,19
31 31 11,20
31 31 10,21
31 31 9,22
31 31 8,23
31 33 7,24
33 35 6,25
34 40 5,26
36 37 4,27
37 38 3,28
39 39 2,29
41 41 1,30
43 44 0,31
40 41 30,0
39 39 29,1
38 38 28,2
37 37 27,3
36 36 26,4
35 35 25,5
34 34 24,6
33 33 23,7
32 33 22,8
30 32 21,9
30 32 20,10
30 30 19,11
30 30 18,12
30 30 17,13
30 30 16,14
30 30 15,15
30 30 14,16
30 30 13,17
30 30 12,18
30 30 11,19
30 30 10,20
30 30 9,21
30 31 8,22
30 31 7,23
30 30 6,24
32 33 5,25
34 35 4,26
35 36 3,27
37 38 2,28
38 40 1,29
40 42 0,30
38 38 29,0
37 37 28,1
36 36 27,2
35 35 26,3
34 34 25,4
33 32 24,5
32 32 23,6
31 31 22,7
30 30 21,8
29 31 20,9
29 30 19,10
29 29 18,11
29 29 17,12
29 29 16,13
29 29 15,14
29 29 14,15
29 29 13,16
29 29 12,17
29 29 11,18
29 29 10,19
29 29 9,20
29 30 8,21
29 31 7,22
29 30 6,23
31 30 5,24
32 32 4,25
33 35 3,26
35 36 2,27
36 36 1,28
38 38 0,29
36 36 28,0
35 35 27,1
34 34 26,2
33 33 25,3
32 32 24,4
31 31 23,5
30 30 22,6
29 29 21,7
28 30 20,8
28 29 19,9
28 30 18,10
28 28 17,11
28 30 16,12
28 28 15,13
28 29 14,14
28 28 13,15
28 28 12,16
28 28 11,17
28 28 10,18
28 28 9,19
28 28 8,20
28 28 7,21
28 28 6,22
28 30 5,23
30 29 4,24
31 32 3,25
33 33 2,26
34 34 1,27
36 35 0,28
34 34 27,0
33 33 26,1
32 32 25,2
31 31 24,3
30 30 23,4
29 29 22,5
28 28 21,6
27 27 20,7
27 27 19,8
27 27 18,9
27 27 17,10
27 27 16,11
27 27 15,12
27 27 14,13
27 27 13,14
27 27 12,15
27 27 11,16
27 27 10,17
27 27 9,18
27 27 8,19
27 27 7,20
27 28 6,21
27 27 5,22
27 32 4,23
29 31 3,24
31 31 2,25
32 32 1,26
34 35 0,27
32 32 26,0
31 31 25,1
30 31 24,2
29 29 23,3
28 28 22,4
27 27 21,5
26 27 20,6
26 26 19,7
26 27 18,8
26 26 17,9
26 26 16,10
26 26 15,11
26 26 14,12
26 26 13,13
26 26 12,14
26 26 11,15
26 26 10,16
26 26 9,17
26 27 8,18
26 29 7,19
26 26 6,20
26 29 5,21
26 29 4,22
28 30 3,23
29 30 2,24
30 31 1,25
32 32 0,26
30 30 25,0
29 29 24,1
28 29 23,2
27 27 22,3
26 26 21,4
25 25 20,5
25 25 19,6
25 25 18,7
25 25 17,8
25 25 16,9
25 25 15,10
25 25 14,11
25 25 13,12
25 25 12,13
25 25 11,14
25 25 10,15
25 25 9,16
25 25 8,17
25 25 7,18
25 25 6,19
25 25 5,20
25 26 4,21
25 25 3,22
27 26 2,23
28 28 1,24
30 31 0,25
28 27 24,0
27 27 23,1
26 26 22,2
25 26 21,3
24 26 20,4
24 24 19,5
24 25 18,6
24 24 17,7
24 24 16,8
24 24 15,9
24 24 14,10
24 24 13,11
24 24 12,12
24 24 11,13
24 24 10,14
24 24 9,15
24 24 8,16
24 24 7,17
24 24 6,18
24 24 5,19
24 24 4,20
24 25 3,21
25 28 2,22
26 27 1,23
28 28 0,24
26 26 23,0
25 25 22,1
24 24 21,2
23 23 20,3
23 23 19,4
23 23 18,5
23 23 17,6
23 23 16,7
23 23 15,8
23 23 14,9
23 23 13,10
23 23 12,11
23 23 11,12
23 23 10,13
23 23 9,14
23 23 8,15
23 23 7,16
23 23 6,17
23 23 5,18
23 23 4,19
23 23 3,20
23 24 2,21
24 25 1,22
26 24 0,23
24 23 22,0
23 23 21,1
22 22 20,2
22 22 19,3
22 22 18,4
22 22 17,5
22 22 16,6
22 22 15,7
22 22 14,8
22 22 13,9
22 22 12,10
22 22 11,11
22 22 10,12
22 22 9,13
22 22 8,14
22 22 7,15
22 22 6,16
22 22 5,17
22 22 4,18
22 22 3,19
22 24 2,20
22 22 1,21
24 24 0,22
22 21 21,0
21 21 20,1
21 21 19,2
21 21 18,3
21 21 17,4
21 21 16,5
21 21 15,6
21 21 14,7
21 21 13,8
21 21 12,9
21 21 11,10
21 21 10,11
21 21 9,12
21 21 8,13
21 21 7,14
21 21 6,15
21 21 5,16
21 21 4,17
21 21 3,18
21 21 2,19
21 21 1,20
21 21 0,21
