37 37 13,2
34 35 12,3
31 33 11,4
28 31 10,5
25 29 9,6
25 23 8,7
25 23 7,8
25 23 6,9
23 23 5,10
23 23 4,11
23 23 3,12
25 25 2,13
28 -1 13,1
26 25 12,2
24 26 11,3
21 24 10,4
22 21 9,5
20 19 8,6
18 18 7,7
18 18 6,8
18 18 5,9
18 18 4,10
18 18 3,11
20 20 2,12
22 22 1,13
19 19 13,0
18 18 12,1
17 20 11,2
16 16 10,3
15 18 9,4
14 16 8,5
13 13 7,6
13 13 6,7
13 13 5,8
13 13 4,9
13 13 3,10
15 15 2,11
17 17 1,12
19 19 0,13
16 16 12,0
16 15 11,1
14 14 10,2
13 13 9,3
12 13 8,4
12 12 7,5
12 12 6,6
12 12 5,7
12 12 4,8
12 12 3,9
12 12 2,10
14 14 1,11
16 16 0,12
15 13 11,0
13 13 10,1
11 12 9,2
11 12 8,3
11 11 7,4
11 11 6,5
11 11 5,6
11 11 4,7
11 11 3,8
11 11 2,9
11 11 1,10
13 13 0,11
12 10 10,0
10 11 9,1
10 10 8,2
10 10 7,3
10 10 6,4
10 10 5,5
10 10 4,6
10 10 3,7
10 10 2,8
10 10 1,9
10 10 0,10
9 9 9,0
9 9 8,1
9 9 7,2
9 9 6,3
9 9 5,4
9 9 4,5
9 9 3,6
9 9 2,7
9 9 1,8
9 9 0,9
