183.7,128.069,126.713,151.218
183.71,131.538,130,148.077
183.72,131.386,129.386,152
183.73,127.768,127.616,150.848
183.74,124.385,129,155.845
183.75,125.223,129.611,152.721
183.76,129.213,129.596,153.383
183.77,132.886,129.114,142
183.78,129.179,126.089,148
183.79,125.114,125.114,153.773
183.8,123,125.911,153.268
183.81,124.909,127.091,155
183.82,128.818,130,153.182
183.83,131,129,148.808
183.84,130.091,128.091,149.818
183.85,127.088,127.088,150.177
183.86,126.259,126.741,149.482
183.87,126.783,127.783,153.434
183.88,127.586,128,153.414
183.89,128.738,127.738,149.952
183.9,129,128,149.437
183.91,128.218,127.436,148
183.92,127,127,152.127
183.93,126,127,151.306
183.94,126,128.216,151
183.95,127,128.564,152
183.96,128.781,129.562,151.781
183.97,129,128.566,150.132
183.98,128.258,128.485,153
183.99,125.219,126.656,152.563
184,124.209,126.791,152.627
184.01,125.565,128,154.87
184.02,127.781,127,155.781
184.03,128.781,127,150
184.04,128,126,149.782
184.05,126,127,156.13
184.06,126,128,152.219
184.07,126.782,128.218,151.782
184.08,128,129.221,150.547
184.09,128.782,127.782,150.91
184.1,128,127.563,150.437
184.11,128,126,151.563
184.12,128.79,125.21,152.74
184.13,128,127.781,152.185
184.14,127,127.385,153.533
184.15,127.467,127.467,153.133
184.16,129,126.262,152.262
184.17,128.218,127,150.218
184.18,127.219,127.219,152.439
184.19,126.782,126.782,150.346
184.2,127,128.781,157
184.21,127.782,127.218,151.345
184.22,128,128.782,153.218
184.23,128,126.211,153.578
184.24,127,126.781,151.876
184.25,126,126.781,154.123
184.26,127,127.531,153.063
184.27,128.697,128,152
184.28,130,128,150.412
184.29,127.246,129,151.246
184.3,127,127.736,151.736
184.31,128,127,148.48
184.32,129.631,127,150.263
184.33,129,126.371,148.371
184.34,128,125,152.112
184.35,128.796,127.796,151.389
184.36,129,128.944,149.169
184.37,129.592,127.815,150.185
184.38,130,128.888,148.056
184.39,128.052,128,149.052
184.4,127,127,150.531
184.41,127,126,149.928
184.42,128.629,127,154.406
184.43,129,126.245,148.47
184.44,128.204,126.796,152.388
184.45,127,126,154.01
184.46,126.201,127,150.004
184.47,126,127.049,154.852
184.48,127,128,152.447
184.49,127,128.598,152.598
184.5,127,127,152.599
184.51,127.932,127.932,149
184.52,128.051,127,151.847
184.53,128,126,153.898
184.54,126.052,125.052,150.206
184.55,127,126,156
184.56,127.939,126,150.122
184.57,129,125,151.245
184.58,129,125,150.587
184.59,129.062,126,151.062
184.6,129,126.627,152.133
184.61,127.06,127.06,153
184.62,127,127.88,154.94
184.63,127.94,128,153.179
184.64,128.939,127,151
184.65,129,126,145.298
184.66,129,126.061,153.637
184.67,128.06,127,154.819
184.68,127,127,153.286
184.69,127.691,126.309,155.072
184.7,128,126.317,152.635
184.71,129,124.636,150.636
184.72,128.068,126,154.864
184.73,127,127.865,157.067
184.74,127.932,125.932,156.727
184.75,128,127,153
184.76,128,128.07,156
184.77,128,128.068,157.864
184.78,127.958,127,151.084
184.79,128,127.07,155.93
184.8,128,126.069,144.481
184.81,128,125.067,154.865
184.82,128.932,126.932,157.662
184.83,128,126.932,151
184.84,129,127,154.345
184.85,129,127.067,146.202
184.86,129,127.932,150.341
184.87,129.933,128,152.732
184.88,129,126.863,148.931
184.89,129,128,157.941
184.9,129.943,127.943,148.887
184.91,130,127.932,150.068
184.92,129,126.123,156.754
184.93,128,127,155.078
184.94,127,126,153.841
184.95,128,126,151.232
184.96,129,124.761,149.08
184.97,130,128.845,152.612
184.98,129.079,126,146.63
184.99,128.078,127,152.69
185,128,125.158,150.317
185.01,128,125.078,150.155
185.02,127,125.921,150.921
185.03,128.921,125.921,153.158
185.04,129,126,150.658
185.05,129,129,150.026
185.06,128.328,127,154.969
185.07,127.727,127.273,153.273
185.08,126.225,124.676,154.578
185.09,127,124,154.515
185.1,128,125.908,150.277
185.11,130,124,147.547
185.12,128.062,124,149.505
185.13,127,123.908,156.634
185.14,126,123.91,157.82
185.15,126,127.911,156.822
185.16,128.921,126.079,150.55
185.17,128.062,126.186,147.186
185.18,128,126.907,156.16
185.19,128,125,151.638
185.2,128.909,124.183,155.36
185.21,131.908,126.816,150.908
185.22,129.175,126,148.35
185.23,128,125.182,157.454
185.24,128.929,125.858,148.497
185.25,130.866,125.866,146.866
185.26,130.08,126,151.92
185.27,128.182,124,144.455
185.28,128,127.091,157.272
185.29,128.909,127,151.64
185.3,130.909,127.091,148.727
185.31,132.908,128,150
185.32,132.092,127,142.461
185.33,128.184,126,151.356
185.34,125.107,127.572,152.321
185.35,126.819,127,149
185.36,130.319,125.319,151.956
185.37,132,125.977,146.682
185.38,130.12,127,155.04
185.39,125.267,127,154.089
185.4,124,125,151.369
185.41,125.91,125.09,158.548
185.42,128.908,126.908,151.184
185.43,130.606,126.606,149.817
185.44,129.67,128.665,151.67
185.45,128,125.454,149.093
185.46,126,126.772,156.174
185.47,126,125.091,154.453
185.48,127,124,153.094
185.49,126,127,154.865
185.5,125.346,126.346,154.961
185.51,127.774,126.548,158.322
185.52,130,126,148.683
185.53,129.227,126.773,157.64
185.54,126.074,127.537,154.148
185.55,126.658,127,160.013
185.56,128.786,127,152.5
185.57,130.272,127,150.545
185.58,127.457,125.772,160.63
185.59,124.228,126,151.913
185.6,127.546,126.773,156.134
185.61,131.544,126.228,145
185.62,134,127.228,148.228
185.63,133,126.227,155
185.64,129.458,125.771,144.458
185.65,127.228,126.772,161.406
185.66,126.772,126.772,154.543
185.67,128.772,127,151.455
185.68,133.544,126,150.367
185.69,133.228,126.772,143.317
185.7,132.227,124.454,153.773
185.71,129.245,122.877,150.368
185.72,127,125,157.345
185.73,128.907,127.185,151.74
185.74,130,126.907,142.278
185.75,129,125.241,156.519
185.76,128,125.091,148.002
185.77,128,125,149
185.78,128.908,124,148.908
185.79,129,126,150.316
185.8,130,125.093,154.351
185.81,128.093,126.187,150.028
185.82,127,127,150.907
185.83,128,125.79,150.185
185.84,128,125,147
185.85,127.222,125.556,157.666
185.86,127.784,124.784,153.488
185.87,128.771,124.542,149.916
185.88,130.772,124.228,150
185.89,130.229,125.771,150
185.9,127.454,123.227,150.682
185.91,126,121.772,155.088
185.92,126.777,123.553,149.553
185.93,129.605,123.814,146.767
185.94,131.605,126,150.234
185.95,130.272,128.455,147.272
185.96,126.459,129.459,155
185.97,125.781,129,152.124
185.98,127.908,128.092,151.368
185.99,130.815,126,152.354
186,129.182,124,148
186.01,128,123.093,155.443
186.02,127.909,123,152.183
186.03,129,124.907,158.815
186.04,125.156,124,155.391
186.05,123.092,125,163.355
186.06,123.907,126,155.742
186.07,126.909,128.817,155.909
186.08,130.812,128.906,148.471
186.09,131,125.119,141.119
186.1,127.136,130.932,159.524
186.11,124.776,129,164.163
186.12,124,129,155.118
186.13,128.56,127.56,156.759
186.14,133.565,125.217,141.565
186.15,134,126.441,149.221
186.16,130.661,122.22,152
186.17,124.421,127.369,152.738
186.18,128.338,130.221,165.986
186.19,134.346,128.436,144.091
186.2,136.78,133.559,158.473
186.21,134.435,126.653,141.394
186.22,126.882,126.22,146.016
186.23,122.33,126.66,157.019
186.24,126.009,127.67,155.293
186.25,132.676,128.108,155.459
186.26,134,128,152.653
186.27,131.22,125.44,147
186.28,129.224,123.447,150.776
186.29,127.219,124,150.094
186.3,126,124.779,151.336
186.31,127,125.891,156.326
186.32,129.339,126,153.339
186.33,131.782,127,151.218
186.34,132,127.779,148.885
186.35,129.22,127,149.119
186.36,126.443,126.222,147.443
186.37,125,126.31,157.673
186.38,126.612,124.388,150
186.39,129,126.612,158
186.4,131.47,126,149.94
186.41,130.19,126.81,150.81
186.42,129,125.425,151
186.43,127.221,125.779,152.327
186.44,126.811,124.378,153.676
186.45,126.779,124.779,152.662
186.46,128,125.221,148.868
186.47,127.22,127.22,156.898
186.48,126.782,128.218,154.396
186.49,128.78,124.441,153.136
186.5,129,124.778,151.778
186.51,129.221,126,152.544
186.52,128,126.19,154.104
186.53,127.221,129.117,152.324
186.54,127.545,127,151.905
186.55,128.621,128.243,152.136
186.56,129.616,127.384,148.069
186.57,130,126,154.129
186.58,129,127.473,149.527
186.59,129,126.151,152.384
186.6,129,126,150.388
186.61,129.617,127.851,149.149
186.62,131,130.612,154
186.63,129,127.383,145.149
186.64,129.733,127.267,154.733
186.65,131.339,128,148.965
186.66,129.664,128,147.332
186.67,128,127.096,154.807
186.68,128.097,129,148.903
186.69,130,127,151.097
186.7,129,127,143.195
186.71,130,127.19,154.475
186.72,130,127,147
186.73,129,129.104,145.104
186.74,129.902,129.805,155.902
186.75,128,130.903,145.29
186.76,127,128.097,154.903
186.77,127,129.617,149.383
186.78,127,126.917,147.496
186.79,130.096,127.904,152.192
186.8,130.79,129.895,151.79
186.81,126.903,127.193,150.58
186.82,125.631,129.739,157.847
186.83,125,128.242,156.403
186.84,125.788,129,149.365
186.85,128.471,127.264,150.793
186.86,129.189,128.189,150.757
186.87,127.188,129,152.624
186.88,125.191,129.382,156.191
186.89,126.635,129.182,151.635
186.9,128.811,130.189,157
186.91,129,130,148.81
186.92,127.381,129,152.761
186.93,126.19,129,154.431
186.94,125.812,130,160.498
186.95,127.81,128.81,153.519
186.96,129.81,130.81,157.673
186.97,129.19,129,153.138
186.98,128.192,128,152.192
186.99,127,127.19,154.81
187,128.81,128.81,152.57
187.01,129.813,127,153.439
187.02,130,128.812,154.247
187.03,128.182,129,153.546
187.04,128,129,155
187.05,129,128.189,153
187.06,130,127.188,145.94
187.07,131,126.621,153.242
187.08,129.668,128.668,153.008
187.09,130,128.776,151.164
187.1,130.262,128.262,151.311
187.11,131.81,129,154
187.12,131.189,127.811,149.621
187.13,129,126,150.412
187.14,128,127.19,151.19
187.15,128.813,127.813,151.187
187.16,130,128,150.621
187.17,131,127.81,149.379
187.18,129.188,129.812,149.435
187.19,129,128.181,148.542
187.2,129,129.63,147.63
187.21,129,128,148.928
187.22,128.187,126,149.561
187.23,128,127.812,151.685
187.24,128.811,126,150.756
187.25,129,127.19,154.048
187.26,129,127,150.81
187.27,128,125.182,150.545
187.28,126.197,126.803,152.409
187.29,126,126.804,151.392
187.3,127.093,129,150.907
187.31,129,127.898,151.796
187.32,127.888,128.112,149.335
187.33,126.898,129,150.41
187.34,125.896,126.104,153.793
187.35,126,127.897,153.308
187.36,127.104,125.896,151
187.37,129,124.103,151.103
187.38,129,126,149.516
187.39,128.897,126.897,153.589
187.4,127.897,128,155
187.41,127.103,127.103,155.309
187.42,128,127.269,154.343
187.43,129,129,147.476
187.44,129,128.795,152.602
187.45,128.276,129.448,150.173
187.46,128,128.195,154.414
187.47,128.803,126.803,150.197
187.48,129.804,127.609,151.218
187.49,130.802,127.198,150.395
187.5,131,127,150
187.51,130,126.197,151.015
187.52,129.199,127,149.795
187.53,128,127.812,149.624
187.54,129,127.81,156.103
187.55,130,127.818,147.09
187.56,131.81,129,153.051
187.57,130.189,128.189,148.568
187.58,129,126.809,149.619
187.59,128.19,127.81,153.241
187.6,127.191,127,152.809
187.61,127,127,153.757
187.62,129.625,127,154.812
187.63,130,128,145.314
187.64,129.926,127,150.148
187.65,129,127,149.766
187.66,127,127.104,153
187.67,127,126.893,154.574
187.68,127.194,126.097,144.388
187.69,130,128.103,150.38
187.7,130,128,150.867
187.71,128.899,127.101,147.697
187.72,128.912,126.088,158.088
187.73,127.09,128.09,148.36
187.74,128,127.9,153.401
187.75,128.089,127.911,152.266
187.76,128,127.91,152.82
187.77,129,126.095,154.191
187.78,128,126.904,150
187.79,126.904,126.096,155
187.8,126.097,126.903,154.29
187.81,128,126.904,153.904
187.82,128,126.806,153.097
187.83,127.904,126,152.712
187.84,127,126,155.502
187.85,127,126.668,154.665
187.86,127.674,126.326,155.347
187.87,129.095,126.191,153.382
187.88,129,128.807,152.711
187.89,128.906,125.906,156.812
187.9,127.095,126.095,151.905
187.91,129.089,126.911,154.733
187.92,130.894,125.894,154.575
187.93,129.911,124.089,155.911
187.94,128,126.911,155.357
187.95,128,126,155.464
187.96,129,126,156
187.97,130.095,126.809,150.191
187.98,130.821,125.911,151.642
187.99,129,127,154.354
188,128.104,127.104,148.209
188.01,129.088,126.176,153.088
188.02,131.092,128.817,149.908
188.03,132,126,151.654
188.04,130.91,125.09,147.179
188.05,127.909,125,150.183
188.06,126.09,126,153.91
188.07,129.166,125,153.751
188.08,132.09,125.09,148
188.09,132,126,144.616
188.1,131.639,126,150.639
188.11,130.087,125.087,145.435
188.12,129.216,126,149.353
188.13,128.724,126,150.724
188.14,129,126.874,147.631
188.15,129,126.191,152.235
188.16,128,125.804,149.978
188.17,128,126.197,152
188.18,129,125,151.397
188.19,128.198,125.604,149.406
188.2,128,126.803,152.197
188.21,127.198,127.802,152.198
188.22,126.802,127,154.814
188.23,127,125.799,151.602
188.24,128,126,152.407
188.25,128,125.912,151.353
188.26,127,125.089,150.089
188.27,127.088,125.912,155.912
188.28,127,125,150
188.29,128,126,153
188.3,129,126.899,153.391
188.31,128,126.074,151.223
188.32,128,126.434,154.566
188.33,128.073,127,149.147
188.34,128.445,128.111,153.221
188.35,128,128.905,153.621
188.36,128,128.917,157.585
188.37,128,127,155.176
188.38,129,124.911,150.911
188.39,129,124.088,149.265
188.4,129,126,158.37
188.41,129,125.088,153
188.42,130,127.089,152.178
188.43,129.088,126.088,150.088
188.44,129.904,127,149.808
188.45,129,127.088,152.176
188.46,129,127,152
188.47,129,128,155.471
188.48,130.178,126.089,150.623
188.49,131.905,125.19,146.524
188.5,131,126.086,151.599
188.51,129,126.898,152.594
188.52,130,125.102,148.205
188.53,129.106,125.106,151.212
188.54,131,126.917,149.834
188.55,130.428,127.143,147.428
188.56,129,127.896,153.896
188.57,129,127,147.088
188.58,129,127,149.963
188.59,128.659,125.659,152
188.6,128,125,152.675
188.61,128.105,125.105,151.895
188.62,130,125.904,151.809
188.63,129,125.103,148.41
188.64,127.904,125.904,156.713
188.65,126.904,126.096,152.193
188.66,126,125.095,152
188.67,126.096,129,155.904
188.68,128,126.896,150.104
188.69,128,125.811,152
188.7,127,124,151.192
188.71,127,124.096,155.713
188.72,127.095,124.095,153.19
188.73,129,126.095,152.475
188.74,129,126.088,150.474
188.75,128.912,127,153.177
188.76,126.911,127,151.355
188.77,126.913,127.913,160.125
188.78,127.174,127.826,154
188.79,130.091,125.273,148.364
188.8,130,127,152.266
188.81,129.825,126.825,154.913
188.82,125.912,127.912,154
188.83,126.086,126.914,161.31
188.84,127.089,127,152
188.85,129.061,128.061,151.184
188.86,130.317,129,155.269
188.87,129.345,127.035,147.035
188.88,128.199,129,151
188.89,128.802,126.396,155.198
188.9,128.802,126,148
188.91,130.802,127.604,155.407
188.92,130.199,127.801,149
188.93,129,127.605,153.408
188.94,129.801,127,153.199
188.95,130,128.802,146.198
188.96,130,129.802,152.802
188.97,130,128.595,151.595
188.98,129.198,128.198,151.009
188.99,129.196,127.391,147.174
189,129.198,127,147.396
189.01,129,125.802,153.208
189.02,128,124,149.595
189.03,128.802,125,151.605
189.04,129,126,147.989
189.05,129.191,128.809,151.617
189.06,127.199,130,153
189.07,127,128.795,151.193
189.08,127.604,127.604,147.791
189.09,129.542,126.915,150
189.1,130,127,147.209
189.11,128.787,129,152.606
189.12,126.393,127.393,154.393
189.13,126,126,151.614
189.14,126.601,124.399,156.601
189.15,128.615,126,151.385
189.16,128.39,127.219,151.781
189.17,127,127.095,151.715
189.18,127,129.096,152.287
189.19,128,129.905,154
189.2,128,127.095,150.19
189.21,127.906,128.094,155
189.22,127,128.634,154.268
189.23,126,128.933,151
189.24,127.61,126,153.39
189.25,129,127,152.39
189.26,128.39,127.78,155.051
189.27,127.39,127,154.95
189.28,128,127.61,156.441
189.29,129,128.905,153.81
189.3,128.905,126.095,150.19
189.31,128.095,126.095,151.284
189.32,127.905,128.81,155.525
189.33,128,126.907,156.093
189.34,128.095,127.095,153.81
189.35,130.094,128,153.188
189.36,130.544,127.544,152.719
189.37,129,126.905,151
189.38,128.627,126,152.491
189.39,128.914,126.914,155
189.4,129,126,151.425
189.41,130,127.286,156.428
189.42,130.808,128,147
189.43,132,127.665,148.329
189.44,132,127.39,150
189.45,128.78,128.22,146.83
189.46,127,128,156
189.47,127,128,147.127
189.48,130.615,127.808,148
189.49,133.617,127,150.617
189.5,132.192,126.808,144.808
189.51,129.382,126.191,154.855
189.52,125.382,126,151.382
189.53,125,126.807,155
189.54,127.815,127,155.815
189.55,130,127.809,146.147
189.56,129.192,127.383,152.85
189.57,126.192,127,148.96
189.58,126,126.631,152.816
189.59,126.809,127.191,152.617
189.6,128.809,127,149.766
189.61,128.192,126.383,151.192
189.62,126.185,126.185,151.815
189.63,125,126,153
189.64,126.808,126.808,150.575
189.65,128,127.616,153.192
189.66,129.809,127.191,153.468
189.67,127.384,127,148.729
189.68,127.809,127.191,155.618
189.69,128,128.608,152
189.7,128,128.184,151.105
189.71,127.315,127.631,156.846
189.72,126,126.818,150.458
189.73,126,127,159.276
189.74,127.716,127,154.432
189.75,130,126.622,148.025
189.76,131,128.252,150.748
189.77,127.896,127,149.313
189.78,126,128.106,154.211
189.79,127,128,156.581
189.8,128.105,128.105,154.789
189.81,130.104,128,150
189.82,131,126.106,146
189.83,131,127,150.21
189.84,129.894,126.106,151.422
189.85,128,127.105,156.79
189.86,128.108,127.108,152
189.87,130.105,127.105,149.105
189.88,130.895,127.105,148.21
189.89,129.895,129,150.895
189.9,128.894,128,148.422
189.91,128,127.896,152
189.92,128.105,126.895,152
189.93,130,128,148.895
189.94,130.622,128.622,149.867
189.95,130.638,127,147.915
189.96,129.367,127.367,148.1
189.97,127,127,151.92
189.98,126.814,126.186,150.304
189.99,129.625,126.813,153.438
190,130,128,150
190.01,128.199,127.199,152.399
190.02,127,128,153.801
190.03,126,127.801,154.204
190.04,126,128,152
190.05,127.801,128,153.398
190.06,127.199,127.199,153.404
190.07,127,127.6,152.2
190.08,127,127,154.615
190.09,127,128,153.803
190.1,126.199,127.199,152.186
190.11,127.603,126,156.609
190.12,128,127.804,151.608
190.13,126.347,127.347,157.042
190.14,126,127.86,154.58
190.15,127.609,128.218,153.782
190.16,129,129.734,154.938
190.17,129,128,154.804
190.18,127.199,127.199,150.994
190.19,127,127,155.801
190.2,128,127.616,153.808
190.21,128,125,153.796
190.22,128,125.2,153.4
190.23,129,126.802,153.405
190.24,130,127,153.199
190.25,129,129,151.624
190.26,127.2,129,160.399
190.27,127,129.807,149.193
190.28,127.8,128.599,149.799
190.29,132.604,128,151.011
190.3,132.102,126.898,143.614
190.31,131.681,125.106,155.151
190.32,127.895,127.105,150.631
190.33,126.105,127.105,154.105
190.34,129.105,127.895,149.473
190.35,132,127.899,147.799
190.36,131.894,126,148.423
190.37,130,126.106,145
190.38,128.894,128,151.789
190.39,128.108,127.108,147.647
190.4,130.106,126.106,150.155
190.41,131.896,126.104,145.834
190.42,128.686,126.895,146.627
190.43,123.895,125,160.057
190.44,123.106,126.894,151.74
190.45,125.105,126.105,153.315
190.46,128.105,126.79,156.264
190.47,129.105,125.105,148.837
190.48,128.789,125.423,152.894
190.49,124.837,128,153.488
190.5,123,128,155.53
190.51,124.209,129.791,152.581
190.52,128.106,128,149.211
190.53,129,128,148
190.54,127.895,128,151.105
190.55,125.791,129,156.524
190.56,124.106,128.894,155.683
190.57,126.104,128.104,150.209
190.58,129.105,130.895,154.79
190.59,131.103,128.897,150.103
190.6,130.908,127,149.908
190.61,127.814,128.907,154.279
190.62,124.906,128.094,162.245
190.63,125.414,129.707,153.586
190.64,128.663,131,156
190.65,130,127.337,148.01
190.66,130.27,125,152.175
190.67,129,124.089,148.089
190.68,127.213,124.787,157.507
190.69,126,127.731,161.04
190.7,127.806,127.806,154.55
190.71,130.612,128.806,151.418
190.72,131,126.194,151.194
190.73,130.193,128,148.387
190.74,129,126.186,146.186
190.75,128,131.439,155.253
190.76,128.794,131.206,150
190.77,130,131.19,148.331
190.78,130,128.384,151.655
190.79,129.194,123.581,148.162
190.8,128.183,125.817,151.367
190.81,126.192,127.192,153.654
190.82,126,125.614,155.193
190.83,128.615,125.385,158.192
190.84,130,126.808,152.654
190.85,129,126.884,150.463
190.86,130.807,129,148.614
190.87,129.193,129,138.547
190.88,126.816,130.724,152.447
190.89,124.403,128.597,149.387
190.9,124.102,127,153.898
190.91,127.211,124,150.106
190.92,130.104,123.896,149.687
190.93,132,123.895,147
190.94,131.9,126,147.502
190.95,129.9,127.1,148.798
190.96,125.8,127.1,151.2
190.97,124.099,128.901,159
190.98,126.1,128,152.1
190.99,127,130.6,151.6
191,127,126.9,151.8
191.01,127,125.1,150.2
191.02,127,124.201,149.698
191.03,126.8,125.9,155
191.04,125,128,153.604
191.05,125,124.3,160.201
191.06,125.101,128.798,155.504
191.07,127.1,125.9,151.4
191.08,129.1,127,144.799
191.09,129,127.101,148.101
191.1,127.896,124.417,155.417
191.11,126,129,154.497
191.12,125,128.103,160.177
191.13,126.199,128.701,158.199
191.14,131.099,124.901,152.704
191.15,131.803,127,144.887
191.16,127.899,125.799,152.101
191.17,126.085,127,157.066
191.18,128.172,126.344,144.376
191.19,130.092,128.185,153.261
191.2,132,127.171,151
191.21,130.827,127.827,144.036
191.22,126.744,127.171,164.062
191.23,123.086,127.828,151.429
191.24,125.18,123.27,155.91
191.25,129.405,125.202,148.303
191.26,133.906,128.718,149.343
191.27,132.9,124.402,150.004
191.28,130.907,124.467,149.907
191.29,129.907,127.093,151.746
191.3,125.814,128.814,147.466
191.31,124.093,127.72,159.16
191.32,126.189,126.906,149.094
191.33,128.907,124.907,145
191.34,129.094,122.906,149.375
191.35,130,124.458,150.183
191.36,130.1,127.1,150.294
191.37,129.813,126.813,155.411
191.38,127.905,127,145.042
191.39,126.905,127.905,157.956
191.4,126,126.405,150.101
191.41,126.092,128.908,150.461
191.42,127,127.094,152.717
191.43,127,128.907,149.907
191.44,128,127,155.75
191.45,127.093,123.28,148.187
191.46,126.906,126,150.845
191.47,125,126.837,153.51
191.48,125.901,125.901,152.505
191.49,126.662,126,148.662
191.5,129.902,124.098,153.017
191.51,130,122.377,146.13
191.52,128.813,125.094,155.344
191.53,125.898,124,155.306
191.54,125.086,124.914,151.827
191.55,126.719,124.719,150.719
191.56,127.807,124.807,152.42
191.57,129.8,125.6,156
191.58,130,126.4,145.8
191.59,128.199,127.199,154.602
191.6,128.088,126.088,146.439
191.61,129.899,127.899,156.293
191.62,126.907,124.372,150.024
191.63,124.907,127.814,152.722
191.64,124.094,124,151.906
191.65,127.186,125,151.186
191.66,131,125,151.813
191.67,129.815,123.093,153.185
191.68,128,125.093,157
191.69,127.093,124.093,152.722
191.7,128.073,127.073,147.927
191.71,129,129.098,149.197
191.72,128.906,129.283,149.943
191.73,126.907,129,153
191.74,124,125.096,154.481
191.75,124.184,127,162.447
191.76,127.821,125.179,151.538
191.77,131.882,124,151.527
191.78,132,122.236,150.764
191.79,129.816,123.908,148.106
191.8,124.907,123.907,155.349
191.81,125.182,125.182,152.637
191.82,127.071,127.355,156.645
191.83,129,129,152.936
191.84,129.907,127.907,151.627
191.85,127.901,128.901,148.901
191.86,126,126.718,153.375
191.87,127.092,126.276,149.908
191.88,129,127.72,151.813
191.89,129,125.607,150
191.9,129,126.194,153.776
191.91,130,125.638,150.638
191.92,129.194,128.417,155.583
191.93,126,131.612,149.866
191.94,124,129.536,156.285
191.95,125.322,125.356,149.61
191.96,126.864,124,157.32
191.97,129.742,125.742,152.291
191.98,128.339,125,151.982
191.99,128.674,125.348,155.369
192,128.339,126.984,148.388
192.01,127,125.333,159
192.02,126,125.347,147.285
192.03,127.66,127.66,150.98
192.04,128,129.339,148.055
192.05,129,128.661,152.304
192.06,128.338,131,151.308
192.07,127.338,127.353,156.382
192.08,127.806,126,154.257
192.09,128,122.387,151.969
192.1,129.612,121.612,154.45
192.11,130,125,148.194
192.12,130.373,126.119,151.864
192.13,129.271,125.271,154.1
192.14,127,128,154.806
192.15,126,128.194,152.969
192.16,125,127.195,151.221
192.17,127.612,126.806,148.776
192.18,129,127.806,151.03
192.19,128,126.806,147.194
192.2,129,125.195,155.779
192.21,129.663,127.663,148.314
192.22,129,126,151.342
192.23,129,124.686,156
192.24,127.201,125.799,147.197
192.25,126,125.601,154.8
192.26,126.799,128.397,145.809
192.27,128.799,128,157.593
192.28,130,127.801,144.994
192.29,130,126.199,146.398
192.3,129,128,151.987
192.31,127.2,127.8,145.797
192.32,127,128.201,153.787
192.33,126.799,127,149.402
192.34,127,127.037,151
192.35,128,124.692,148.346
192.36,127.202,126.798,158.202
192.37,126.799,125,149
192.38,127,126.402,154.804
192.39,127.803,124.803,148
192.4,127.201,126.201,153.206
192.41,128,130.601,149.201
192.42,126.201,128.799,150.402
192.43,124.201,128.799,152.197
192.44,124.799,126.799,155.803
192.45,126,126.201,157.793
192.46,127,126,149.804
192.47,129,124.799,155.797
192.48,129,125.396,152.195
192.49,127.344,125.344,156.869
192.5,125,124.607,155.213
192.51,125,125.469,154.578
192.52,128.598,128.598,153.996
192.53,130.915,127.83,150.49
192.54,128.832,128.832,147.842
192.55,125.556,129.167,154.833
192.56,124,129.605,155.985
192.57,125.799,126.201,153
192.58,128.799,128.201,152
192.59,130,125.201,153.401
192.6,131,123.201,157.591
192.61,131,124.197,142.004
192.62,130.402,126.598,155
192.63,128.201,125.598,150.593
192.64,128,123.799,154.198
192.65,128.799,125,155.201
192.66,128,124,154.396
192.67,128,128,156.595
192.68,128.202,125.605,152.806
192.69,128,126.404,148.586
192.7,129,123.814,152.744
192.71,129.808,122.616,154.849
192.72,129,121.803,149
192.73,128,124.583,153.611
192.74,126.084,127.916,144.671
192.75,127,126.394,153.212
192.76,129,127.085,148.427
192.77,128,125.085,149.255
192.78,128,125.913,154.875
192.79,128,127.085,146.423
192.8,128,124.086,154.914
192.81,129.093,125,148.463
192.82,130.059,125.882,149.941
192.83,131,124.592,151.663
192.84,127.222,125.111,146.333
192.85,126,126.864,155.272
192.86,126.093,125.815,148.907
192.87,127.598,125.196,146.206
192.88,131,126.254,148.492
192.89,129.803,127.204,142.401
192.9,127.186,126.371,152.443
192.91,124.201,124.604,152.597
192.92,124.202,125,155
192.93,126.598,125,155.195
192.94,129.598,125.799,148.603
192.95,130.799,127,146.995
192.96,128.4,127.6,149.8
192.97,126,126.378,157.297
192.98,125,127,152.802
192.99,125.798,123.605,155.79
193,126,125,145.608
193.01,127,125.085,157.982
193.02,127.915,124.915,150.255
193.03,126,125.916,152.832
193.04,127,124,155.085
193.05,127,127.085,149.085
193.06,127.085,127.34,162.17
193.07,127.905,126.811,151.662
193.08,125.829,123.342,150.085
193.09,125,126.73,163.37
193.1,125.892,124,153.431
193.11,128.726,123.863,153.863
193.12,130.863,124,149
193.13,130,127.257,153.428
193.14,128.831,128.085,155.746
193.15,125.804,130.794,152.402
193.16,123.09,129.91,157.638
193.17,127.182,127.726,152.726
193.18,131.092,124.092,147.816
193.19,132.909,123.182,150.818
193.2,130.908,124.908,148.462
193.21,130,123.274,155.905
193.22,130.463,126.463,152.537
193.23,131.32,126.36,151.36
193.24,131.136,128.455,150
193.25,126.816,127,152
193.26,123.387,124.613,157.419
193.27,123.807,126.193,157.421
193.28,128.625,124.375,151.937
193.29,130.787,124,150.426
193.3,132,124.195,156
193.31,129.388,124.806,150.806
193.32,124.39,127.195,154.805
193.33,122.196,129,158.587
193.34,122.805,128,152.195
193.35,125.805,128.805,156.416
193.36,128.805,129,153.977
193.37,130,127.192,147.192
193.38,129,125.39,151.61
193.39,128,123.195,152.974
193.4,127,122.805,151.221
193.41,128,125,149.949
193.42,130,125.805,151.61
193.43,130.909,128,149.364
193.44,128.816,129.184,152.54
193.45,126,128.909,153.726
193.46,126.092,129,150.264
193.47,129.095,129,154.095
193.48,130,125.906,147.472
193.49,128.901,124.099,144
193.5,128,125.817,149
193.51,128,127.092,152.723
193.52,127.092,125,149.644
193.53,128,125.091,155.453
193.54,128,126,151.765
193.55,127.909,125,142.727
193.56,126,127.909,152.457
193.57,126.09,130.549,152
193.58,126.908,128,150.369
193.59,126.091,125,153
193.6,127.184,125.184,151.908
193.61,128.91,129.181,150.452
193.62,128,127.092,148.723
193.63,127,127.909,149.726
193.64,126.909,127.726,150.64
193.65,126,124.909,153.636
193.66,126,126.9,154.8
193.67,127,124.908,156.908
193.68,126.092,125.092,150.277
193.69,128.091,125.183,156.091
193.7,127.908,127.092,151
193.71,126,127,156
193.72,126,127,153.275
193.73,127.879,125.879,147.971
193.74,129.877,128.877,153.161
193.75,129,127,154.819
193.76,128.907,125,148.63
193.77,127,124.909,152.999
193.78,126.088,122.088,152.471
193.79,129.09,123,151
193.8,131,126.185,148.185
193.81,131,129,153.638
193.82,130.395,129,145.764
193.83,129.197,130.803,149.425
193.84,128.804,129.392,151.175
193.85,130.805,127.805,146.61
193.86,129.195,123.781,146.391
193.87,126.902,124,157.803
193.88,126.092,124.631,151.908
193.89,128,122,154.188
193.9,128.092,124.092,152.643
193.91,129,125.069,158.515
193.92,128.9,126.2,147.799
193.93,125.799,128.1,153.799
193.94,124,127.898,156.898
193.95,124.101,126,149.303
193.96,126.102,126,153.898
193.97,126,125.798,156.697
193.98,126,124.102,151.61
193.99,125.108,124.323,159.785
194,126.203,125,158
194.01,127.899,126.101,152
194.02,127,126.102,156.491
194.03,127.899,126.899,151.201
194.04,127.899,126.899,156.798
194.05,128,125.898,153
194.06,128.102,125.102,153
194.07,129.101,125.798,152.101
194.08,130,125,149.694
194.09,130.899,124.899,152.596
194.1,129,124.203,146.71
194.11,129,125.201,152.799
194.12,129,127,151.204
194.13,129.104,128,149.208
194.14,131,127.898,151.491
194.15,131,127,147.924
194.16,129.193,124.097,152
194.17,127.091,124,155.636
194.18,126.203,124,154
194.19,128.101,124.202,151.202
194.2,128.898,126,153.695
194.21,127.798,125.101,157.496
194.22,126,127,153.202
194.23,126,128.1,152.799
194.24,127.101,128.101,150
194.25,128,129,149.292
194.26,127.898,128.898,148
194.27,127,127.899,148.101
194.28,127,126.898,149
194.29,128.101,127,149.798
194.3,129,126.102,147.203
194.31,129,126,147.407
194.32,129,125.898,148.898
194.33,128.898,126,151.204
194.34,128,127,150.797
194.35,129,127.2,151.4
194.36,128,127.899,149.101
194.37,127,128,152.101
194.38,126.101,128.797,149
194.39,127,127,153.496
194.4,127,127,148.503
194.41,126.91,126.27,152.91
194.42,124.91,127.91,154.09
194.43,124,127.91,153
194.44,125.071,127.071,154.071
194.45,126.544,126.912,156.632
194.46,125.909,126.091,153.638
194.47,124.91,125.82,157.91
194.48,125.091,125.909,159.453
194.49,126.273,126.091,152.636
194.5,129.364,127.364,156.086
194.51,130,126.378,146.134
194.52,129.38,126.62,151.821
194.53,125.46,127,161.702
194.54,124.101,128,157.403
194.55,126.101,128,161.788
194.56,129.101,127.899,148.608
194.57,130,128,152.3
194.58,128.797,125.899,155.405
194.59,126,125,162.901
194.6,127.101,128,163.203
194.61,129,126.9,157.398
194.62,129.614,127.227,156.908
194.63,128.549,127.098,157.647
194.64,126.059,125.059,150.415
194.65,127.2,125,152.599
194.66,131.203,128,147.609
194.67,132.899,128,151.293
194.68,131.798,129,151.404
194.69,128.903,129.903,151.806
194.7,129,128,151.798
194.71,130.102,126.898,146.694
194.72,132,125.898,148.102
194.73,132,125.898,146.407
194.74,131.899,125.101,153.29
194.75,132.1,127.1,150.802
194.76,131.899,128.101,146.595
194.77,130.844,129.922,151.078
194.78,129,129,148.024
194.79,127.9,127.1,144.1
194.8,125.899,126.101,147.405
194.81,124,128,149.078
194.82,124.567,127.433,148.867
194.83,127.478,127.739,151.218
194.84,130.818,127.182,142.73
194.85,130.185,128,144.815
194.86,127.388,127,147.806
194.87,124.343,127,146.657
194.88,123,128,150.392
194.89,125.756,128.122,150.878
194.9,128.405,128,146.19
194.91,130,127.327,145.327
194.92,129.333,128.333,147.667
194.93,125.229,127.543,148.686
194.94,124,127,154.019
194.95,124,127.609,149.804
194.96,125.802,127.396,154
194.97,126.803,127.803,148.607
194.98,126.346,129,151.346
194.99,127,128,146.953
195,127.203,127,149.014
195.01,126.201,126.799,152.796
195.02,125,127.798,151.21
195.03,125.799,126.799,155.396
195.04,126,128.797,148.812
195.05,127.799,128.799,151.401
195.06,129.084,128,145.084
195.07,129.917,128.917,147.25
195.08,127.916,127.084,150.749
195.09,127,127.082,152.082
195.1,127.093,128.093,152.279
195.11,128,129,152.754
195.12,128,128.75,152
195.13,127.918,126.082,152.753
195.14,127,127,152.98
195.15,128,126.392,156
195.16,129,127,154.265
195.17,129,127.903,155.612
195.18,128.929,127.071,153.929
195.19,126.901,128,151.901
195.2,124.909,125.909,155.727
195.21,125.089,128,160.911
195.22,126.181,126.91,154.181
195.23,129,127.09,155.462
195.24,129.09,128.91,152.181
195.25,130,127.095,147.191
195.26,129,128.096,153.191
195.27,128,128.836,155.246
195.28,126.916,127.916,156.832
195.29,126.083,127.917,158
195.3,128.167,127,154.833
195.31,131,126.082,148.163
195.32,131,126.916,152.336
195.33,130.935,126,150
195.34,128.95,127.575,150.525
195.35,126.105,128.79,161
195.36,126.889,128.111,154.332
195.37,127,128,152.256
195.38,129.645,127,152.935
195.39,130,126.642,146.284
195.4,129,125.711,152.355
195.41,127.346,127,152
195.42,127,128.297,153.946
195.43,128.645,128.934,151.645
195.44,129,129.797,149
195.45,129,129.047,148.047
195.46,127.404,128,149.211
195.47,127,127,152.19
195.48,127,125.4,149.8
195.49,129,127,149.403
195.5,130,126.595,149.809
195.51,129.098,127.549,148.902
195.52,126,126.083,150.333
195.53,125,127,150.67
195.54,126.091,127.091,149.546
195.55,127,127,152.75
195.56,127.599,127,149.401
195.57,127,127,150.758
195.58,127,127,150.25
195.59,127,128,149.804
195.6,127,128.09,152.09
195.61,126.097,127.903,147.291
195.62,126.91,127,151.639
195.63,126,127.604,149.813
195.64,125.295,125.295,152.18
195.65,126.661,127.339,154.661
195.66,128.66,128,150.679
195.67,129,127,147.229
195.68,128,127,151.044
195.69,126.197,128,152.393
195.7,125.197,127,154.197
195.71,126,128.62,157.239
195.72,127.803,128,150.985
195.73,129,128,152.803
195.74,129,126.197,145.803
195.75,128.196,126.196,152.981
195.76,128,125.197,148.606
195.77,128,127.809,151.574
195.78,128,128.536,152.464
195.79,128,129.541,150.459
195.8,128,129.138,150
195.81,128,127.551,149.929
195.82,128.802,127.198,153.407
195.83,129.803,126.393,148.607
195.84,129.197,127,145.394
195.85,130.803,127,151.408
195.86,130,129,151.873
195.87,128.273,128,149.727
195.88,127.197,130,156.41
195.89,126.809,128.617,148.574
195.9,127,128,151.022
195.91,128.804,127,149
195.92,129.802,127,149.792
195.93,129.197,128,153.427
195.94,127.207,128,149.829
195.95,127,129,157.776
195.96,126,129.204,152.815
195.97,126.204,126.204,155.389
195.98,126,126,151.389
195.99,126,126.204,153.222
196,126.796,127,153.184
196.01,128,128,153.016
196.02,129.796,127,150.365
196.03,128.203,126.609,152.812
196.04,126.204,126,152.387
196.05,125.795,128.59,152.205
196.06,126,128.796,156.407
196.07,126.799,128.403,150.799
196.08,128,128,150.01
196.09,129.797,127.797,150
196.1,130,129.593,150.593
196.11,129,128,152.41
196.12,128,129,153.388
196.13,128,128,151.197
196.14,127,128.803,150.408
196.15,127,126.777,152.223
196.16,127.803,126,154.197
196.17,128.803,127,150
196.18,129.198,127.802,149.185
196.19,128.197,128.803,156.033
196.2,126.196,129.607,155.196
196.21,125.196,128.393,155.589
196.22,124.803,128.197,154.605
196.23,126.802,129,154.395
196.24,128.811,127.189,148.189
196.25,130.803,125.803,147.605
196.26,131,127,152.469
196.27,129.198,125.198,152.594
196.28,126.197,126.197,156.42
196.29,126,128,153.977
196.3,126,127.198,153.396
196.31,127.621,127.189,151.621
196.32,129.801,128.602,150.602
196.33,131.802,126.198,142.593
196.34,132.802,127,149.407
196.35,131.197,129,149.408
196.36,128.197,128.197,153.013
196.37,126.198,127.198,154.395
196.38,125,127.197,156.21
196.39,125.802,127,153
196.4,127.803,125.607,143.18
196.41,129.804,127.608,154.258
196.42,131,128,148.881
196.43,128.552,128,153.172
196.44,126.298,128.702,155.702
196.45,125.341,128,154.384
196.46,125.668,127.332,150.338
196.47,127.77,126,150.381
196.48,128.812,125,147.248
196.49,128.198,123.802,147.792
196.5,128.87,123.87,154.349
196.51,127.195,127.609,154
196.52,127.198,128.604,155.991
196.53,128,128.198,150.395
196.54,128,128,146.592
196.55,127.198,126,152.802
196.56,126.803,124.803,151.21
196.57,127.803,126,153.381
196.58,128,126.398,155.404
196.59,129,127,154.395
196.6,130,127,152.789
196.61,128.197,126.803,148.606
196.62,126.198,127,156.802
196.63,125,125.198,148.198
196.64,125.811,127,157.622
196.65,127.801,126.199,154.199
196.66,129,126.198,152.594
196.67,129.803,127.197,157.197
196.68,129,127.821,151.179
196.69,128,126.823,152.468
196.7,126.911,126,150.268
196.71,126.09,126,155.27
196.72,128,126.095,156
196.73,129.088,128.912,154.736
196.74,131,127.911,151.177
196.75,130.912,127.912,150.647
196.76,129,126.089,149.179
196.77,127.912,127,150.176
196.78,127,126.097,153.806
196.79,127.872,126,154.488
196.8,129,127,150.107
196.81,130.088,127,149.088
196.82,131.089,126.911,150.823
196.83,131,125.911,144.266
196.84,128.911,126,148.911
196.85,126.912,125,153
196.86,126,127,153
196.87,128,128.088,158.296
196.88,129,128.085,151.915
196.89,129,126.176,150.088
196.9,129,127,145.266
196.91,128,126.825,147.825
196.92,127.904,125.808,154.287
196.93,125,125.906,156.811
196.94,125,125.178,154.178
196.95,125.088,127,152.265
196.96,127,127.089,149.536
196.97,128,125.088,153.382
196.98,127,126.911,152.624
196.99,126,125.913,152.087
197,126,125.089,154.468
197.01,127.097,126.903,153.097
197.02,128,127.096,155.809
197.03,128,127,154.089
197.04,127,126,152.445
197.05,126,125.089,151.734
197.06,126.362,126,151.169
197.07,128.805,125.097,155
197.08,129,125.217,149
197.09,128,126,155.727
197.1,128.801,126,150.993
197.11,128,127,150.21
197.12,129,126.4,153
197.13,128,125.381,149
197.14,129,125.801,151.199
197.15,128.335,127,159.66
197.16,127,126.657,150
197.17,128.539,127,153.614
197.18,130.802,128.802,148.612
197.19,131.198,126.198,148.586
197.2,129.198,125,150.613
197.21,126.19,127.81,149.571
197.22,126,127.199,158.403
197.23,126.802,127,150.198
197.24,128.802,127,156.198
197.25,130.802,126,147.792
197.26,131,126.804,143.392
197.27,130.189,127.811,153.245
197.28,127.205,127.795,150.179
197.29,127,127,155
197.3,127.618,126.618,154.088
197.31,128,128.428,147.428
197.32,129,126.409,153.796
197.33,129,125.204,147
197.34,129,126.795,144.41
197.35,127.41,127,157.181
197.36,126,126.795,150.386
197.37,127,128.802,155.984
197.38,127.91,128.09,155.461
197.39,127.081,127.919,144.806
197.4,127,125.082,152.346
197.41,127.081,125.919,147.244
197.42,127.928,125.072,152.785
197.43,127,124.243,152.406
197.44,127.082,128,153.59
197.45,128,127.081,149.162
197.46,127,127.758,145.162
197.47,127,126.92,151.678
197.48,127,125.917,152.25
197.49,127.081,126.081,153
197.5,127.918,125.164,152.836
197.51,128,128,153.457
197.52,128,127,152.429
197.53,128,126.842,154.079
197.54,127.081,125,145.325
197.55,127.838,124,154.188
197.56,126,125.912,152.972
197.57,125.08,125.161,152.678
197.58,127.081,127.081,155.081
197.59,128.892,128,146.183
197.6,130,127,147.277
197.61,129.143,124.287,146.287
197.62,128,126.082,150.082
197.63,127.921,126,151.158
197.64,127.082,125.082,149.754
197.65,129.164,127.246,149.409
197.66,131,127.919,147.837
197.67,130.919,125.919,150.081
197.68,128.912,125.912,148.352
197.69,127,125.08,150.759
197.7,127.096,126.904,148.672
197.71,128,127.087,151.738
197.72,128,128.088,152.912
197.73,128,129.827,151
197.74,128.089,127,146.911
197.75,128,126.813,151.813
197.76,127,124.265,145.617
197.77,126,126.088,154.387
197.78,126,127.912,150.704
197.79,126,127.912,156.381
197.8,127.087,127,151
197.81,129,126.087,149.087
197.82,129.911,127,150.177
197.83,126.913,125.087,151.436
197.84,125,128,155.821
197.85,126,128,155.429
197.86,127.099,127.099,154.604
197.87,129,127.173,149.087
197.88,128.823,128.912,155.088
197.89,126,128,153.824
197.9,125,127.176,147.353
197.91,126,131,157.737
197.92,127,130.824,153.736
197.93,128,128.917,153.751
197.94,128,127.131,151.869
197.95,127.131,126.131,157.869
197.96,126.088,128.176,151.703
197.97,127,127.913,153.913
197.98,128,126.176,153.736
197.99,129,127.742,155.828
198,129.933,125.067,148.067
198.01,127.914,126,154.827
198.02,127.088,127.912,154.176
198.03,127.913,126.087,151.563
198.04,128.089,127,156.266
198.05,129,127.19,149
198.06,129.824,127.912,156.471
198.07,127.913,127.913,151
198.08,128,126.905,156.526
198.09,128.401,126,151.198
198.1,130,125.268,149.536
198.11,130,124.652,147
198.12,129.337,126,153.022
198.13,128,126.641,149.411
198.14,127,126,151.958
198.15,128.64,127.64,154.202
198.16,128,126.72,148.44
198.17,128,126.717,154.358
198.18,128.853,127.853,145.295
198.19,128.573,128.573,154.147
198.2,127,126,152.838
198.21,127,127.085,149.171
198.22,128,127,150.242
198.23,128.08,125,148.761
198.24,128.916,126,151.252
198.25,127,125.159,153.08
198.26,125,126.081,154.838
198.27,126.08,126.08,152.92
198.28,127.081,128,152.919
198.29,128.093,127,148
198.3,128.921,126.841,153.841
198.31,126.919,125.081,145.644
198.32,126,127.162,157.434
198.33,127.08,129,151.481
198.34,128,127.936,154.517
198.35,128,126,148.21
198.36,128,126.222,150.222
198.37,127.713,126,152.707
198.38,126.352,124.352,150.409
198.39,126,126,156.721
198.4,126.64,126,152.64
198.41,128,126,151.29
198.42,129,126.388,154
198.43,128.611,127,149.554
198.44,125.611,128,155.556
198.45,124.361,125.361,154.722
198.46,125.426,128.426,153.705
198.47,129.081,126,145.758
198.48,129.917,126.835,153.165
198.49,129,125.097,146.584
198.5,126.824,126.912,154.737
198.51,124.913,128.827,157.52
198.52,125,127,159.121
198.53,127.087,127.913,153.174
198.54,129.143,128,148.286
198.55,131.914,127.914,149.57
198.56,130,127,148.962
198.57,126.913,127.174,152.087
198.58,125.913,128.738,161.301
198.59,126.16,128.92,153.16
198.6,128.081,127,150.272
198.61,130.921,127.079,148.711
198.62,128.912,127,145.912
198.63,127.921,125.921,151.079
198.64,127.079,127,152.238
198.65,128.08,125.08,151.92
198.66,129.083,127.083,152
198.67,131,127,150.523
198.68,129.918,127.165,142.988
198.69,127.841,127.92,158.124
198.7,125.919,126.081,148.052
198.71,125.175,126.088,153.737
198.72,129,127.838,154.434
198.73,130.078,126.844,146.233
198.74,129.839,127.08,149.08
198.75,126.842,127.921,157.762
198.76,123.923,126,151.465
198.77,123.079,126,149.921
198.78,125.158,126.079,154.475
198.79,127.606,127,153.941
198.8,129,126,153.808
198.81,128.2,127.8,150.4
198.82,126,127.801,152.199
198.83,125,126.397,157.008
198.84,126,127,153
198.85,127.087,128,150.261
198.86,128,127.099,157.506
198.87,127.913,124.087,147.694
198.88,127,126.262,152.612
198.89,127,128.738,158.476
198.9,127,128.08,147.402
198.91,127,129,156.266
198.92,127,128,152.794
198.93,127,126.211,148.477
198.94,127,125.412,156.176
198.95,127.796,124.796,150.204
198.96,129.806,126.806,152
198.97,130,127.349,153.302
198.98,127.349,128,154
198.99,127,126,154.248
199,127,126.204,151.022
199.01,128.794,125.794,149.588
199.02,129,128,152.207
199.03,129,128,148.794
199.04,129,127.8,151.401
199.05,129,128,151.62
199.06,129,127.601,150.202
199.07,129,127.794,150.589
199.08,128.204,127,144.408
199.09,127.205,126,154.384
199.1,128,126,147.794
199.11,129.203,127,149.219
199.12,129,127.809,151.427
199.13,128.2,128,151.601
199.14,127,128,149.002
199.15,127,127.389,145.389
199.16,127,128,154.799
199.17,126.2,126.6,147.799
199.18,126.8,128,156.601
199.19,127,127.807,153.229
199.2,127,127,148.4
199.21,127,125,151.404
199.22,127,125.813,151.318
199.23,126,123.803,150.182
199.24,126,124.59,153.795
199.25,126,126.601,150
199.26,128.8,126.2,152.4
199.27,128,127.808,149.808
199.28,126.199,127,157.199
199.29,124,128.603,155.008
199.3,124.799,128,156.603
199.31,126,125.219,154.126
199.32,127,127.6,151.801
199.33,127,127,157
199.34,127.8,127,147.8
199.35,129,125.52,150.48
199.36,127.454,127.092,155.821
199.37,124.359,126.359,157.922
199.38,124,125.273,156.364
199.39,126.273,127,153.453
199.4,128.638,126.362,150.446
199.41,130,126,149.191
199.42,129,126.816,151.47
199.43,128,126.205,152.638
199.44,128.649,127.351,160.194
199.45,128,128,152.399
199.46,128.231,127.231,151.153
199.47,128,127.207,152.379
199.48,127,125,150.794
199.49,128.064,126.064,155.871
199.5,130,126.16,149.92
199.51,130.921,128,151.159
199.52,130,128,148
199.53,129,127,150.838
199.54,128.087,126.087,147.437
199.55,127.921,126.079,152.683
199.56,127.082,126.082,150.491
199.57,128.08,127.08,151.159
199.58,129,127,151.614
199.59,129.518,127.518,149.11
199.6,129,127,147.756
199.61,127.921,126,150.843
199.62,126.645,126.355,149
199.63,126,126.114,153.43
199.64,126,127.554,149.561
199.65,126.711,126.711,153.444
199.66,128.793,125.207,149.965
199.67,128.206,127.206,142.031
199.68,128.075,127.075,150.075
199.69,126,130.377,151.755
199.7,126,129,148.817
199.71,126,128.62,150.587
199.72,126.636,129.364,151.091
199.73,127.793,127.207,149.207
199.74,129,127.932,147.203
199.75,129,127,154.389
199.76,126.201,125.201,152
199.77,125.699,123.699,154.301
199.78,126.657,125.314,150.943
199.79,127.344,126.313,148.719
199.8,127,125.202,157.933
199.81,125.2,127.8,148.2
199.82,125.101,129,151.494
199.83,127,128.915,153.491
199.84,127,128,148.72
199.85,128,128,155.8
199.86,127,127.801,150.402
199.87,126,125.198,152.198
199.88,126.799,126.201,152.398
199.89,127.932,127.068,152.271
199.9,129,126.067,159.332
199.91,128.195,126,147.779
199.92,127.069,126.931,158.52
199.93,126,128,152.689
199.94,128,127.068,145.744
199.95,129,127.375,152.997
199.96,128,128.898,148.51
199.97,129,127.378,150.135
199.98,128,127,153.197
199.99,127,126,152.203
200,128,126.2,155
200.01,128,126.2,147.401
200.02,128.94,126,153.12
200.03,129,126,149.8
200.04,129,127.238,152.096
200.05,128,127,151.28
200.06,128,126.116,149.233
200.07,128,125.865,151.73
200.08,128,126.932,150.727
200.09,128,126.067,156.067
200.1,127,126,152.708
200.11,127,127.933,151
200.12,128,128,153.596
200.13,128,128.932,147.341
200.14,127.344,128,153.688
200.15,127,127.31,153.896
200.16,126,127,147.806
200.17,127,126,153.002
200.18,127,127.867,154.601
200.19,127,126.135,152.865
200.2,127,124.136,153.339
200.21,127,124.135,151.932
200.22,127,126.794,155.931
200.23,127,126.135,156.326
200.24,126,124.409,152
200.25,126,126.799,154.402
200.26,127.933,126,154.531
200.27,128,124.068,147.474
200.28,128,123.068,150.932
200.29,128,126.8,154.133
200.3,128,126.8,152.8
200.31,126.054,128.946,156.625
200.32,126,128.076,149.756
200.33,126,131,152.924
200.34,127.933,130,150.067
200.35,128.067,127.067,150.201
200.36,127.942,126.942,151.827
200.37,128,126,153.135
200.38,129.931,124,150.724
200.39,130,123.067,147.133
200.4,129.068,125,152.137
200.41,127.141,125.071,151
200.42,124.135,124.933,158.663
200.43,124.933,127.866,153
200.44,128.866,126.134,146.334
200.45,131.865,128,151.73
200.46,130.068,128,143.273
200.47,129.134,126.866,152.866
200.48,127,125.068,149.797
200.49,127,124.942,150.29
200.5,128,126,150.932
200.51,128,126.864,150.796
200.52,127.301,126.397,154.904
200.53,127,126.655,148.277
200.54,127.662,128.662,148.677
200.55,128,129,155.837
200.56,127.068,127.932,150
200.57,126.07,127,155.07
200.58,125.068,127,155.591
200.59,125.932,125,152.204
200.6,127.932,126.932,155.591
200.61,128,126,146.408
200.62,127,127.863,154.726
200.63,125.068,127,153.068
200.64,126,128.931,158.794
200.65,125.932,128,150.272
200.66,126.932,127,152.068
200.67,127.941,125,151.941
200.68,127,126,154.458
200.69,127,124.09,158.548
200.7,127.091,125.091,151.272
200.71,128,127,153
200.72,129,127,152.45
200.73,128.909,127.181,148.272
200.74,127.908,130,152.366
200.75,125.909,128.909,150.547
200.76,126.109,127.891,154.543
200.77,128.099,127,151.703
200.78,130,124.901,148.901
200.79,131,124.099,147.198
200.8,130.9,126,152.8
200.81,128.901,125.199,147.596
200.82,126.8,127.1,158.7
200.83,125.098,127.098,154.098
200.84,127.1,129,152
200.85,129.1,127,148.2
200.86,129.901,125.901,150.503
200.87,128.891,124.218,147.436
200.88,126.918,125.164,154
200.89,126,127,153.118
200.9,125.288,128,157.847
200.91,126.898,128,149.613
200.92,127.215,128.215,151.215
200.93,126,125.405,153.026
200.94,127,126.091,151.274
200.95,127.923,126.923,153.617
200.96,128,127.061,153.061
200.97,128,127,158.47
200.98,126.076,127,149.381
200.99,126,125.156,158.765
201,127,125,145.383
201.01,128,125,146.454
201.02,127.078,125.078,157.533
201.03,124.138,126,156.655
201.04,125.923,126,152.383
201.05,128.849,127,147.603
201.06,129.924,127.076,152.542
201.07,129.076,124.153,148.458
201.08,126.151,125.924,150.849
201.09,124.075,126.075,159.3
201.1,124.924,127.924,155.924
201.11,127.924,126,150.455
201.12,130.924,125.076,151.848
201.13,130,126,148
201.14,127.23,125.115,156.23
201.15,124.076,127.924,152.545
201.16,123.923,130.923,157.385
201.17,126.847,129.076,153.076
201.18,127.922,128,148.767
201.19,130.923,127.153,152.307
201.2,129.077,127.923,147.232
201.21,127.077,127.077,157.388
201.22,125,126,150.463
201.23,125.933,125.135,153
201.24,129.846,124.154,152.923
201.25,131,123.067,147.606
201.26,130.077,125.847,150.541
201.27,127.151,128,151.605
201.28,125.075,127.925,151.627
201.29,124.931,128,154.344
201.3,127.882,129.882,156.587
201.31,129,128,151.348
201.32,128.069,125.137,150.863
201.33,127,126.931,144.207
201.34,127,126.139,155.931
201.35,127.932,124.068,148.864
201.36,129,124.931,150.621
201.37,129,125.931,152.379
201.38,127.069,126.931,148.55
201.39,127,127.933,156.335
201.4,125.069,129,147.345
201.41,126,128.137,155.863
201.42,127.93,127,145.349
201.43,129,127,150.793
201.44,129,126,147.417
201.45,128,127,154.587
201.46,127.07,126.859,150.07
201.47,126,125.068,153.205
201.48,126,125.93,151.86
201.49,126,124.068,152.272
201.5,126,126.931,153.794
201.51,126.931,128.931,153.138
201.52,127,130.864,149.932
201.53,127,129.932,150.137
201.54,127,129.931,154.589
201.55,126.068,127.068,150.068
201.56,125.069,127,155.931
201.57,125.931,126.863,151.069
201.58,127,127,154.828
201.59,128,125,152.692
201.6,128.923,124.077,153.077
201.61,128,126,154.554
201.62,126.159,123,151.558
201.63,126,125.847,156.618
201.64,126,127.846,152.923
201.65,127.923,128.846,151.231
201.66,128.924,128.924,146.152
201.67,128.076,128,154.619
201.68,127,127,152
201.69,126,126.153,152.923
201.7,126.846,126.846,152.771
201.71,128,127.922,153.767
201.72,128.923,126,150.23
201.73,129,124.138,150
201.74,128,124.078,147.922
201.75,127,124.847,155.076
201.76,128,126.922,150
201.77,129,127,150.154
201.78,129,127.154,148.308
201.79,128.079,129.921,146
201.8,127,129,154.153
201.81,127,127,150.053
201.82,127.65,126.7,148.7
201.83,129,127,151
201.84,128,126,147
201.85,129,124.077,152.077
201.86,130,125.923,145.154
201.87,127.154,124.154,150.923
201.88,125.077,123,152.309
201.89,124.079,124.079,155.762
201.9,124,124,159.845
201.91,125.923,126,152.077
201.92,127.923,126.077,152.923
201.93,128.083,125.083,148.5
201.94,126.076,126.153,152.541
201.95,125.077,127,152.231
201.96,124,129.846,153.769
201.97,124.923,129,158.846
201.98,126,128,152.388
201.99,126,125.923,154.458
202,126,125,155.076
202.01,127,126,149.232
202.02,127,125,156.694
202.03,127,126.923,153.537
202.04,129.862,124.931,147.138
202.05,131,127.923,153.694
202.06,130.077,127,148.387
202.07,127.151,127.076,149
202.08,125.077,128,151.077
202.09,125.923,128,152.154
202.1,127.921,127.079,150.238
202.11,129,128,156.612
202.12,129,127.154,151.541
202.13,128,128.938,153.815
202.14,127,130.846,149.154
202.15,127.923,127.077,150
202.16,128,125.791,154.374
202.17,127,125.65,157.748
202.18,125.992,124,152.008
202.19,125.391,122.783,153.391
202.2,126.838,123.162,156.515
202.21,129,124.596,151.809
202.22,126.093,125.907,162.068
202.23,124.077,125.845,151.542
202.24,125.922,128,148.628
202.25,127.923,128.923,158.539
202.26,128.921,128,150.079
202.27,129.922,128.844,149.078
202.28,130,129,149.768
202.29,127.076,127.076,147
202.3,126,126,157.682
202.31,126.922,127,150.233
202.32,128.845,126,150.155
202.33,130.922,124.078,153.766
202.34,131,124.924,146.153
202.35,128.158,125.079,155.605
202.36,125.072,125.928,151.143
202.37,125,125.077,157.385
202.38,127.923,127,153.846
202.39,129,127.845,148.543
202.4,129,126,152.798
202.41,127.077,127.846,146.923
202.42,125.068,128,155
202.43,124.922,129,152.844
202.44,126,129.078,148.7
202.45,126,127.127,154.81
202.46,126,126.077,150.923
202.47,127,124.923,149.463
202.48,128.931,124.863,149.931
202.49,129,125.923,147.154
202.5,129.921,126,156.447
202.51,128.08,126.92,146.402
202.52,127.308,127.308,157.076
202.53,126.352,127,152.407
202.54,127,127.347,150
202.55,128.926,127.852,144
202.56,129.078,127,152.922
202.57,128,127.922,150.374
202.58,125.058,127.942,154.349
202.59,125.922,129.078,154.766
202.6,126.922,128.922,147.314
202.61,128.92,127,151.841
202.62,129,126.077,147.077
202.63,127.077,126,152.846
202.64,125.078,127,152.235
202.65,125.913,127,157.477
202.66,127.935,127,147.391
202.67,130.922,126.078,149.311
202.68,130.069,125,150.586
202.69,127.076,125,147.152
202.7,125.077,126.846,153
202.71,125.922,127.922,154.766
202.72,127,128,150.079
202.73,129,128.068,150.203
202.74,130,127.078,147.157
202.75,128.078,126,147.922
202.76,127,126.077,146.077
202.77,126.078,127.078,154.845
202.78,125.923,126.923,153.846
202.79,126.922,127,149.233
202.8,128.932,126,150.932
202.81,128,127,148.156
202.82,128,127,152.16
202.83,127,126.929,149.859
202.84,125.079,124.079,153.158
202.85,125.922,124.922,153.078
202.86,127,125.867,156.066
202.87,127,126.135,154.865
202.88,126.078,124,151.389
202.89,126.647,125,152.353
202.9,126,126,154
202.91,126.906,125.906,157.906
202.92,127,128.765,144.471
202.93,126.078,129.922,159.157
202.94,126,126.078,154.688
202.95,126,126.921,152.764
202.96,127.922,124.078,155.157
202.97,128.84,123,151.519
202.98,128.156,125,153.844
202.99,127.078,124.922,158.765
203,126,126.843,152.392
203.01,127.922,126.922,157.233
203.02,128.922,127.078,153.156
203.03,129,127,151.078
203.04,129,127.921,149.763
203.05,127.069,128,153.931
203.06,125.078,126.156,157
203.07,126.922,126.078,152.234
203.08,128.927,126,154.437
203.09,130.922,125.845,149.611
203.1,129.069,125.862,155
203.11,127.078,126,152.922
203.12,126,128,155.155
203.13,127,128.93,156.14
203.14,128.646,128.939,149.586
203.15,130,127.347,150
203.16,131,126.65,147.05
203.17,129.078,127.922,154.535
203.18,125.078,128.765,154.609
203.19,125.921,127.079,154.236
203.2,128.843,127.921,148.921
203.21,129.921,126.079,150.764
203.22,131,123.08,147.319
203.23,129.078,126.766,151.766
203.24,127.078,126,150.765
203.25,125.419,127,150.257
203.26,126.088,128.088,153
203.27,128.098,127.902,150
203.28,129,127.089,145.911
203.29,128.822,125.178,148.178
203.3,125.91,127,150.36
203.31,125,127.846,155.692
203.32,125.705,126,154.116
203.33,127.089,127.089,153.267
203.34,128,127,150.482
203.35,127,126.912,147
203.36,126.911,125.911,147.711
203.37,125,126,154.653
203.38,125.096,127,155.289
203.39,126,128.177,156.823
203.4,126,127.912,151.825
203.41,126.097,126.903,150.29
203.42,127,125,155.747
203.43,126.09,123.91,152.361
203.44,126,124.177,154.823
203.45,126.075,127.849,153.226
203.46,127,125.647,155.647
203.47,127,127.65,149.7
203.48,128,128.551,154.327
203.49,128,127.766,152.648
203.5,126,126.31,154.535
203.51,126.92,124,151.92
203.52,127.921,125.843,149.236
203.53,128.921,127.921,156.449
203.54,130.921,126,146.553
203.55,131,126.078,148
203.56,129.156,126,149.078
203.57,127.21,124.21,153.371
203.58,125.352,124.648,154.057
203.59,126.647,128,157.647
203.6,128.812,127,146.471
203.61,130.921,127.843,150.157
203.62,131,127.069,151.655
203.63,128.157,126,147.391
203.64,127,126,155.843
203.65,126,125.921,151.157
203.66,126.921,126.842,151.763
203.67,128.906,126.906,149.094
203.68,129,126,150.079
203.69,128,125,148.697
203.7,128,125.117,150.7
203.71,127.614,127.614,151
203.72,127,128.121,153.758
203.73,127.078,128.922,147.234
203.74,128,129.079,153.842
203.75,128,127.921,154.685
203.76,126.072,127.928,148.072
203.77,126.923,126.077,159.463
203.78,127,126.081,143.564
203.79,129,125.156,150
203.8,129,124,149.931
203.81,128.079,126,148.842
203.82,127,124.079,154.764
203.83,126.08,125.92,148.32
203.84,126,125.93,152
203.85,127,125.078,153
203.86,127.922,125.922,149.922
203.87,129,126,152.393
203.88,128.079,126.921,149.079
203.89,127.079,124.921,153.921
203.9,126.078,125.843,152.687
203.91,125,127.617,153.765
203.92,126,125.176,152.264
203.93,126.921,125,144.315
203.94,129.921,125.158,150.921
203.95,128.078,123.157,143.47
203.96,126.08,124.92,152.841
203.97,126,127.844,154.687
203.98,127,127.921,149.551
203.99,128.92,128,149.841
204,129,128,147.475
204.01,128,127.921,155.447
204.02,127,125,147.242
204.03,127.922,124.078,150.078
204.04,128.921,125,152.606
204.05,130,124.843,149.551
204.06,129.064,126.064,147.871
204.07,126.157,126.078,154.235
204.08,124,124.841,155.445
204.09,124.92,125.84,152.798
204.1,127.842,126.921,153.606
204.11,128.945,126.945,145.218
204.12,130.928,126.857,148.785
204.13,129.313,129.531,149.531
204.14,127.071,129.071,154.644
204.15,126,129,148.396
204.16,126,128.842,154.447
204.17,126.921,127,145.236
204.18,128.924,124.076,151.152
204.19,130.842,123.842,147.526
204.2,131,124,147.239
204.21,129,123.921,151.843
204.22,127,123.762,156.365
204.23,126.921,125.843,152
204.24,128.921,126,150.555
204.25,127,126,152.525
204.26,126.08,126.92,151.319
204.27,126,127,153.682
204.28,125,126.079,153
204.29,126.922,127,156.078
204.3,127.92,126,153.761
204.31,127.08,125,153
204.32,127,123,148.318
204.33,126.079,124.079,152.921
204.34,126,126,149.159
204.35,127,126.842,155.525
204.36,128,127.079,155.237
204.37,128,126,151.527
204.38,127,128,150.407
204.39,128.907,124.278,152.093
204.4,129.921,124.921,145.762
204.41,130,123.843,149.236
204.42,128.135,124,154.327
204.43,128,125.841,151.159
204.44,128,125.841,157.603
204.45,128.92,126,153.159
204.46,128,125.93,152.93
204.47,127,126,152.842
204.48,125.211,128,152.634
204.49,125,127,157.941
204.5,126.646,126.646,152
204.51,128,126.83,156
204.52,129,123.081,151.839
204.53,128.071,124.859,149.141
204.54,126.073,125,157.637
204.55,125,125.928,155.215
204.56,125.929,125,154.071
204.57,126,127.856,157.856
204.58,126,127.143,157
204.59,127,125.144,154
204.6,127.929,126,155.214
204.61,130.93,125.07,147.141
204.62,131,124.128,149.68
204.63,129.081,124.163,153
204.64,127.08,125.92,152.92
204.65,125.081,128.838,156.838
204.66,125.92,128,156.16
204.67,128.84,128.84,149.24
204.68,130,129,150.837
204.69,130,126.24,148.16
204.7,128.386,125,149.158
204.71,128.88,126,155.519
204.72,130,126.912,148.088
204.73,130,127,152.924
204.74,130,126.641,150.924
204.75,129.121,125.121,150.757
204.76,126.226,125,149.226
204.77,126.118,124.882,152.064
204.78,126.921,126.921,152.444
204.79,127.081,128,148.646
204.8,128,128,152.601
204.81,127.071,127.929,151.071
204.82,126.081,126.081,158.837
204.83,125,126,149.241
204.84,126,123.078,157
204.85,127.84,123,151.68
204.86,129,125.84,146.961
204.87,129,125.492,150.77
204.88,127.247,125.507,147.493
204.89,126.096,126.904,153.519
204.9,126,126.92,154.84
204.91,126.921,126.921,152
204.92,127.92,127,152.679
204.93,129,127,147.577
204.94,129.921,125.921,148.366
204.95,129,124.08,150.92
204.96,129.932,124.205,148.273
204.97,128.08,124.239,152
204.98,127,125,155.92
204.99,127,123.08,146.482
205,127,123.937,153.746
205.01,127,126.921,152.238
205.02,127,125.841,152.364
205.03,126.079,125.921,153.237
205.04,126,126.92,155
205.05,126,128.08,154.841
205.06,126.92,127.92,153.401
205.07,128.92,126.08,154.76
205.08,128.92,124.92,146.161
205.09,128.08,125.08,150.759
205.1,127.08,125,152.08
205.11,127,126.84,155
205.12,128,127.92,154.08
205.13,128,127,147
205.14,129.92,125,153.08
205.15,131,124.08,143.239
205.16,129.072,125.857,152.499
205.17,127.073,125.073,157
205.18,127.096,126.096,150.287
205.19,129.095,125.81,151.621
205.2,131,123.906,147.283
205.21,130.906,124.094,154.623
205.22,128.811,124.189,153
205.23,124.905,126,154.19
205.24,123.094,126,154.906
205.25,126.193,126.903,153.097
205.26,129.103,127,149.897
205.27,129.905,126,152
205.28,128.812,125,152.094
205.29,124.905,125.81,153.19
205.3,124,125.284,157.716
205.31,126.17,126.915,155.83
205.32,128.878,126.878,148.731
205.33,130.92,124.24,145.32
205.34,130.081,126.839,149.758
205.35,128.081,124.161,150.081
205.36,126.21,125.79,150.369
205.37,127,125.758,151.363
205.38,129.76,126.12,151
205.39,130,127,147.708
205.4,129,126,147.175
205.41,129,126.743,147.086
205.42,128,124.914,154
205.43,127,125.827,157.653
205.44,127.095,124.095,151.476
205.45,128,126,154.65
205.46,129,125.912,151.562
205.47,127.913,126.087,145.784
205.48,125.913,124,157.389
205.49,123.913,126,153.524
205.5,123.093,127,154.629
205.51,125.085,127.915,162.573
205.52,128.087,127.174,147.087
205.53,130,126.827,149
205.54,129.905,123.905,145.621
205.55,126.913,123.913,150.785
205.56,126,122.355,158.355
205.57,125.914,123.086,155.654
205.58,126.174,125.087,156.348
205.59,130.086,128,157.793
205.6,131,127,144.694
205.61,128.915,124.085,152
205.62,126,122.914,153.259
205.63,124.914,124.086,158
205.64,125.086,126.086,160.314
205.65,128.172,129.086,156.914
205.66,131.086,127.828,144.086
205.67,131.939,126.939,148.061
205.68,128.913,124.827,149.827
205.69,126.739,125.261,149.045
205.7,123.096,127.096,160.904
205.71,123,126.121,158.879
205.72,126.785,128.677,156.892
205.73,132,127.745,151.574
205.74,132.913,124,146.173
205.75,131.827,122.914,148.518
205.76,126.825,122.175,157
205.77,124.086,125,161.086
205.78,127.163,124.245,155.673
205.79,130.085,127.17,150.745
205.8,131,128.914,148
205.81,128.861,127.07,148.279
205.82,125.829,128.829,155.744
205.83,124,127.087,153.434
205.84,125.087,126.913,155.913
205.85,129.176,126.088,154.648
205.86,132.086,126.914,147.345
205.87,132.829,123.914,148.743
205.88,129.827,124.741,154.259
205.89,124.914,122.086,151.432
205.9,124,122.915,159.744
205.91,125.174,123,151.913
205.92,129.115,124,157.828
205.93,131.504,124,151.474
205.94,130.913,125.087,149.913
205.95,128.913,126.087,148.347
205.96,126.926,127.074,149.706
205.97,126,128.884,152.189
205.98,127.877,129.755,149.98
205.99,130.88,131,144.641
206,131.914,129,139.689
206.01,129.927,127.927,144.853
206.02,129,127,144.055
206.03,128.121,126.121,149.514
206.04,127.29,124.71,150.58
206.05,128,124.496,152.496
206.06,129.086,124.172,148.431
206.07,130,125,149.483
206.08,129.914,126.086,145.514
206.09,127.831,127,149.747
206.1,126,126,148.261
206.11,126,128.087,147.087
206.12,126.084,128.916,147.916
206.13,126.929,130.787,145.858
206.14,124.914,127,149.345
206.15,124,125.915,153.83
206.16,126,122.828,149.914
206.17,126.171,122.171,150.341
206.18,129.086,124.086,153.482
206.19,130.086,124.829,143.257
206.2,128.913,125.087,151.478
206.21,126.914,126,148.514
206.22,125,126.085,148.915
206.23,126.094,127.906,155.283
206.24,127.086,127,146
206.25,128.086,127,154.396
206.26,129,125.086,146.429
206.27,127.915,125.171,148.342
206.28,126,126.915,153.255
206.29,125.915,127.745,158.321
206.3,125.086,124.173,153.259
206.31,126.085,124.829,158.915
206.32,128.172,122.086,150.485
206.33,131,126,150.17
206.34,130.913,126.087,148.174
206.35,126.829,126.085,154.256
206.36,123.195,126.098,158.805
206.37,122,124.241,161.88
206.38,124.755,125.878,156.245
206.39,130.086,124.828,160.711
206.4,132,121.914,150.171
206.41,131,123.086,146.914
206.42,130.914,122.086,149.172
206.43,128,123.258,151.946
206.44,129,126.173,161.137
206.45,129.086,127.914,150.432
206.46,129.916,128.748,155.327
206.47,127.916,125,148.253
206.48,127,125.086,154.086
206.49,129,123.901,154.901
206.5,130,122.085,148.596
206.51,131,123.215,155.215
206.52,133,125.084,154.325
206.53,132.915,124.085,147.085
206.54,129.828,128.086,150.258
206.55,125.83,126.17,152.66
206.56,123,127.085,158.425
206.57,124.085,127,150
206.58,127.084,129,154
206.59,129.057,130.772,154.772
206.6,130.504,127.504,149.992
206.61,129,126.085,152.915
206.62,126.914,126.914,148.172
206.63,126,125,152.083
206.64,127.086,124,153.257
206.65,129,123,152
206.66,128.915,123,154.659
206.67,127,122.829,148.427
206.68,127,125.255,156
206.69,127,128.915,150.915
206.7,127,126.829,154.829
206.71,127,127.085,147.085
206.72,128,127.901,151.901
206.73,129,125.916,149.591
206.74,127.915,125.915,151.83
206.75,128,124.911,156.734
206.76,126.915,124,149
206.77,125,121.908,155.739
206.78,126.084,120.253,154
206.79,127,127.092,153.185
206.8,127,126.086,158.914
206.81,126,125.085,152.255
206.82,126,127.099,154.198
206.83,126.085,129.83,162.404
206.84,128.086,126.829,150.657
206.85,130,124,150
206.86,129.915,124,146.341
206.87,128,123,153
206.88,127.899,123.696,154.798
206.89,127.644,123.578,152.356
206.9,128,127.918,156.673
206.91,130,128.083,150.826
206.92,131,126.163,145.837
206.93,130.089,128.733,147.267
206.94,130,127.076,156.469
206.95,128.082,125.164,141.738
206.96,129.936,127.871,158.678
206.97,131,128.917,147.331
206.98,130.083,126,150.917
206.99,130,123.916,148.084
207,129,124.918,150.082
207.01,127.081,125.837,152.512
207.02,126.071,124.929,149.497
207.03,127.84,127.92,151.599
207.04,128.917,129.917,151.248
207.05,130,127.081,152
207.06,127.162,128,150.757
207.07,126.082,127.918,155.082
207.08,126,126,151.918
207.09,126.918,124,154.672
207.1,127.928,123,148.29
207.11,129.917,123.083,149.165
207.12,131,123,147.666
207.13,128.17,125.915,147.34
207.14,125.165,128,156.504
207.15,124,129.071,154.354
207.16,125,126.082,152
207.17,127.239,126.62,151
207.18,129.886,125.114,150.886
207.19,130,125,151.703
207.2,128.076,127.076,152.924
207.21,128,124.197,151.934
207.22,127.055,125.055,152.33
207.23,127.889,123.111,155.332
207.24,126.074,124,153.368
207.25,126,123.851,152.702
207.26,126.797,124.392,151.987
207.27,128.766,125.234,148.868
207.28,129.76,124.721,148.279
207.29,129.079,125,149.318
207.3,129,125.683,150.367
207.31,129,126.398,151.699
207.32,129,123.445,148.668
207.33,128,126.902,154.212
207.34,128,127.166,147.828
207.35,128,125.303,151.697
207.36,129,125.213,155.106
207.37,128.083,124.083,152.667
207.38,128,124.916,153.493
207.39,127.082,124.082,152.409
207.4,127,125.831,155.325
207.41,128.92,126.08,144.723
207.42,129.082,125,153.836
207.43,126.062,122.938,155.444
207.44,124.149,125.075,154.044
207.45,124.927,126.073,154.854
207.46,126.851,128,157.554
207.47,129.234,127.234,150.383
207.48,129.101,126.101,149.797
207.49,126.075,127.15,158.776
207.5,125,127,152.271
207.51,126.946,127,151.326
207.52,130.11,126.89,150.11
207.53,131.915,126.915,154.659
207.54,130.066,126.934,148.867
207.55,126.108,124.162,157.73
207.56,125,124,149.31
207.57,127.854,127,155.854
207.58,128.925,128,152
207.59,129,126.074,147.516
207.6,130.924,128.695,154.619
207.61,131,128,149.555
207.62,129.058,125.058,146.346
207.63,127.083,126,154.667
207.64,126.081,126,152.757
207.65,127,124.193,153.321
207.66,128.945,125.165,153.055
207.67,130,127.552,149.224
207.68,129.334,126.666,149.997
