183.7 128.069
183.71 131.538
183.72 131.386
183.73 127.768
183.74 124.385
183.75 125.223
183.76 129.213
183.77 132.886
183.78 129.179
183.79 125.114
183.8 123
183.81 124.909
183.82 128.818
183.83 131
183.84 130.091
183.85 127.088
183.86 126.259
183.87 126.783
183.88 127.586
183.89 128.738
183.9 129
183.91 128.218
183.92 127
183.93 126
183.94 126
183.95 127
183.96 128.781
183.97 129
183.98 128.258
183.99 125.219
184 124.209
184.01 125.565
184.02 127.781
184.03 128.781
184.04 128
184.05 126
184.06 126
184.07 126.782
184.08 128
184.09 128.782
184.1 128
184.11 128
184.12 128.79
184.13 128
184.14 127
184.15 127.467
184.16 129
184.17 128.218
184.18 127.219
184.19 126.782
184.2 127
184.21 127.782
184.22 128
184.23 128
184.24 127
184.25 126
184.26 127
184.27 128.697
184.28 130
184.29 127.246
184.3 127
184.31 128
184.32 129.631
184.33 129
184.34 128
184.35 128.796
184.36 129
184.37 129.592
184.38 130
184.39 128.052
184.4 127
184.41 127
184.42 128.629
184.43 129
184.44 128.204
184.45 127
184.46 126.201
184.47 126
184.48 127
184.49 127
184.5 127
184.51 127.932
184.52 128.051
184.53 128
184.54 126.052
184.55 127
184.56 127.939
184.57 129
184.58 129
184.59 129.062
184.6 129
184.61 127.06
184.62 127
184.63 127.94
184.64 128.939
184.65 129
184.66 129
184.67 128.06
184.68 127
184.69 127.691
184.7 128
184.71 129
184.72 128.068
184.73 127
184.74 127.932
184.75 128
184.76 128
184.77 128
184.78 127.958
184.79 128
184.8 128
184.81 128
184.82 128.932
184.83 128
184.84 129
184.85 129
184.86 129
184.87 129.933
184.88 129
184.89 129
184.9 129.943
184.91 130
184.92 129
184.93 128
184.94 127
184.95 128
184.96 129
184.97 130
184.98 129.079
184.99 128.078
185 128
185.01 128
185.02 127
185.03 128.921
185.04 129
185.05 129
185.06 128.328
185.07 127.727
185.08 126.225
185.09 127
185.1 128
185.11 130
185.12 128.062
185.13 127
185.14 126
185.15 126
185.16 128.921
185.17 128.062
185.18 128
185.19 128
185.2 128.909
185.21 131.908
185.22 129.175
185.23 128
185.24 128.929
185.25 130.866
185.26 130.08
185.27 128.182
185.28 128
185.29 128.909
185.3 130.909
185.31 132.908
185.32 132.092
185.33 128.184
185.34 125.107
185.35 126.819
185.36 130.319
185.37 132
185.38 130.12
185.39 125.267
185.4 124
185.41 125.91
185.42 128.908
185.43 130.606
185.44 129.67
185.45 128
185.46 126
185.47 126
185.48 127
185.49 126
185.5 125.346
185.51 127.774
185.52 130
185.53 129.227
185.54 126.074
185.55 126.658
185.56 128.786
185.57 130.272
185.58 127.457
185.59 124.228
185.6 127.546
185.61 131.544
185.62 134
185.63 133
185.64 129.458
185.65 127.228
185.66 126.772
185.67 128.772
185.68 133.544
185.69 133.228
185.7 132.227
185.71 129.245
185.72 127
185.73 128.907
185.74 130
185.75 129
185.76 128
185.77 128
185.78 128.908
185.79 129
185.8 130
185.81 128.093
185.82 127
185.83 128
185.84 128
185.85 127.222
185.86 127.784
185.87 128.771
185.88 130.772
185.89 130.229
185.9 127.454
185.91 126
185.92 126.777
185.93 129.605
185.94 131.605
185.95 130.272
185.96 126.459
185.97 125.781
185.98 127.908
185.99 130.815
186 129.182
186.01 128
186.02 127.909
186.03 129
186.04 125.156
186.05 123.092
186.06 123.907
186.07 126.909
186.08 130.812
186.09 131
186.1 127.136
186.11 124.776
186.12 124
186.13 128.56
186.14 133.565
186.15 134
186.16 130.661
186.17 124.421
186.18 128.338
186.19 134.346
186.2 136.78
186.21 134.435
186.22 126.882
186.23 122.33
186.24 126.009
186.25 132.676
186.26 134
186.27 131.22
186.28 129.224
186.29 127.219
186.3 126
186.31 127
186.32 129.339
186.33 131.782
186.34 132
186.35 129.22
186.36 126.443
186.37 125
186.38 126.612
186.39 129
186.4 131.47
186.41 130.19
186.42 129
186.43 127.221
186.44 126.811
186.45 126.779
186.46 128
186.47 127.22
186.48 126.782
186.49 128.78
186.5 129
186.51 129.221
186.52 128
186.53 127.221
186.54 127.545
186.55 128.621
186.56 129.616
186.57 130
186.58 129
186.59 129
186.6 129
186.61 129.617
186.62 131
186.63 129
186.64 129.733
186.65 131.339
186.66 129.664
186.67 128
186.68 128.097
186.69 130
186.7 129
186.71 130
186.72 130
186.73 129
186.74 129.902
186.75 128
186.76 127
186.77 127
186.78 127
186.79 130.096
186.8 130.79
186.81 126.903
186.82 125.631
186.83 125
186.84 125.788
186.85 128.471
186.86 129.189
186.87 127.188
186.88 125.191
186.89 126.635
186.9 128.811
186.91 129
186.92 127.381
186.93 126.19
186.94 125.812
186.95 127.81
186.96 129.81
186.97 129.19
186.98 128.192
186.99 127
187 128.81
187.01 129.813
187.02 130
187.03 128.182
187.04 128
187.05 129
187.06 130
187.07 131
187.08 129.668
187.09 130
187.1 130.262
187.11 131.81
187.12 131.189
187.13 129
187.14 128
187.15 128.813
187.16 130
187.17 131
187.18 129.188
187.19 129
187.2 129
187.21 129
187.22 128.187
187.23 128
187.24 128.811
187.25 129
187.26 129
187.27 128
187.28 126.197
187.29 126
187.3 127.093
187.31 129
187.32 127.888
187.33 126.898
187.34 125.896
187.35 126
187.36 127.104
187.37 129
187.38 129
187.39 128.897
187.4 127.897
187.41 127.103
187.42 128
187.43 129
187.44 129
187.45 128.276
187.46 128
187.47 128.803
187.48 129.804
187.49 130.802
187.5 131
187.51 130
187.52 129.199
187.53 128
187.54 129
187.55 130
187.56 131.81
187.57 130.189
187.58 129
187.59 128.19
187.6 127.191
187.61 127
187.62 129.625
187.63 130
187.64 129.926
187.65 129
187.66 127
187.67 127
187.68 127.194
187.69 130
187.7 130
187.71 128.899
187.72 128.912
187.73 127.09
187.74 128
187.75 128.089
187.76 128
187.77 129
187.78 128
187.79 126.904
187.8 126.097
187.81 128
187.82 128
187.83 127.904
187.84 127
187.85 127
187.86 127.674
187.87 129.095
187.88 129
187.89 128.906
187.9 127.095
187.91 129.089
187.92 130.894
187.93 129.911
187.94 128
187.95 128
187.96 129
187.97 130.095
187.98 130.821
187.99 129
188 128.104
188.01 129.088
188.02 131.092
188.03 132
188.04 130.91
188.05 127.909
188.06 126.09
188.07 129.166
188.08 132.09
188.09 132
188.1 131.639
188.11 130.087
188.12 129.216
188.13 128.724
188.14 129
188.15 129
188.16 128
188.17 128
188.18 129
188.19 128.198
188.2 128
188.21 127.198
188.22 126.802
188.23 127
188.24 128
188.25 128
188.26 127
188.27 127.088
188.28 127
188.29 128
188.3 129
188.31 128
188.32 128
188.33 128.073
188.34 128.445
188.35 128
188.36 128
188.37 128
188.38 129
188.39 129
188.4 129
188.41 129
188.42 130
188.43 129.088
188.44 129.904
188.45 129
188.46 129
188.47 129
188.48 130.178
188.49 131.905
188.5 131
188.51 129
188.52 130
188.53 129.106
188.54 131
188.55 130.428
188.56 129
188.57 129
188.58 129
188.59 128.659
188.6 128
188.61 128.105
188.62 130
188.63 129
188.64 127.904
188.65 126.904
188.66 126
188.67 126.096
188.68 128
188.69 128
188.7 127
188.71 127
188.72 127.095
188.73 129
188.74 129
188.75 128.912
188.76 126.911
188.77 126.913
188.78 127.174
188.79 130.091
188.8 130
188.81 129.825
188.82 125.912
188.83 126.086
188.84 127.089
188.85 129.061
188.86 130.317
188.87 129.345
188.88 128.199
188.89 128.802
188.9 128.802
188.91 130.802
188.92 130.199
188.93 129
188.94 129.801
188.95 130
188.96 130
188.97 130
188.98 129.198
188.99 129.196
189 129.198
189.01 129
189.02 128
189.03 128.802
189.04 129
189.05 129.191
189.06 127.199
189.07 127
189.08 127.604
189.09 129.542
189.1 130
189.11 128.787
189.12 126.393
189.13 126
189.14 126.601
189.15 128.615
189.16 128.39
189.17 127
189.18 127
189.19 128
189.2 128
189.21 127.906
189.22 127
189.23 126
189.24 127.61
189.25 129
189.26 128.39
189.27 127.39
189.28 128
189.29 129
189.3 128.905
189.31 128.095
189.32 127.905
189.33 128
189.34 128.095
189.35 130.094
189.36 130.544
189.37 129
189.38 128.627
189.39 128.914
189.4 129
189.41 130
189.42 130.808
189.43 132
189.44 132
189.45 128.78
189.46 127
189.47 127
189.48 130.615
189.49 133.617
189.5 132.192
189.51 129.382
189.52 125.382
189.53 125
189.54 127.815
189.55 130
189.56 129.192
189.57 126.192
189.58 126
189.59 126.809
189.6 128.809
189.61 128.192
189.62 126.185
189.63 125
189.64 126.808
189.65 128
189.66 129.809
189.67 127.384
189.68 127.809
189.69 128
189.7 128
189.71 127.315
189.72 126
189.73 126
189.74 127.716
189.75 130
189.76 131
189.77 127.896
189.78 126
189.79 127
189.8 128.105
189.81 130.104
189.82 131
189.83 131
189.84 129.894
189.85 128
189.86 128.108
189.87 130.105
189.88 130.895
189.89 129.895
189.9 128.894
189.91 128
189.92 128.105
189.93 130
189.94 130.622
189.95 130.638
189.96 129.367
189.97 127
189.98 126.814
189.99 129.625
190 130
190.01 128.199
190.02 127
190.03 126
190.04 126
190.05 127.801
190.06 127.199
190.07 127
190.08 127
190.09 127
190.1 126.199
190.11 127.603
190.12 128
190.13 126.347
190.14 126
190.15 127.609
190.16 129
190.17 129
190.18 127.199
190.19 127
190.2 128
190.21 128
190.22 128
190.23 129
190.24 130
190.25 129
190.26 127.2
190.27 127
190.28 127.8
190.29 132.604
190.3 132.102
190.31 131.681
190.32 127.895
190.33 126.105
190.34 129.105
190.35 132
190.36 131.894
190.37 130
190.38 128.894
190.39 128.108
190.4 130.106
190.41 131.896
190.42 128.686
190.43 123.895
190.44 123.106
190.45 125.105
190.46 128.105
190.47 129.105
190.48 128.789
190.49 124.837
190.5 123
190.51 124.209
190.52 128.106
190.53 129
190.54 127.895
190.55 125.791
190.56 124.106
190.57 126.104
190.58 129.105
190.59 131.103
190.6 130.908
190.61 127.814
190.62 124.906
190.63 125.414
190.64 128.663
190.65 130
190.66 130.27
190.67 129
190.68 127.213
190.69 126
190.7 127.806
190.71 130.612
190.72 131
190.73 130.193
190.74 129
190.75 128
190.76 128.794
190.77 130
190.78 130
190.79 129.194
190.8 128.183
190.81 126.192
190.82 126
190.83 128.615
190.84 130
190.85 129
190.86 130.807
190.87 129.193
190.88 126.816
190.89 124.403
190.9 124.102
190.91 127.211
190.92 130.104
190.93 132
190.94 131.9
190.95 129.9
190.96 125.8
190.97 124.099
190.98 126.1
190.99 127
191 127
191.01 127
191.02 127
191.03 126.8
191.04 125
191.05 125
191.06 125.101
191.07 127.1
191.08 129.1
191.09 129
191.1 127.896
191.11 126
191.12 125
191.13 126.199
191.14 131.099
191.15 131.803
191.16 127.899
191.17 126.085
191.18 128.172
191.19 130.092
191.2 132
191.21 130.827
191.22 126.744
191.23 123.086
191.24 125.18
191.25 129.405
191.26 133.906
191.27 132.9
191.28 130.907
191.29 129.907
191.3 125.814
191.31 124.093
191.32 126.189
191.33 128.907
191.34 129.094
191.35 130
191.36 130.1
191.37 129.813
191.38 127.905
191.39 126.905
191.4 126
191.41 126.092
191.42 127
191.43 127
191.44 128
191.45 127.093
191.46 126.906
191.47 125
191.48 125.901
191.49 126.662
191.5 129.902
191.51 130
191.52 128.813
191.53 125.898
191.54 125.086
191.55 126.719
191.56 127.807
191.57 129.8
191.58 130
191.59 128.199
191.6 128.088
191.61 129.899
191.62 126.907
191.63 124.907
191.64 124.094
191.65 127.186
191.66 131
191.67 129.815
191.68 128
191.69 127.093
191.7 128.073
191.71 129
191.72 128.906
191.73 126.907
191.74 124
191.75 124.184
191.76 127.821
191.77 131.882
191.78 132
191.79 129.816
191.8 124.907
191.81 125.182
191.82 127.071
191.83 129
191.84 129.907
191.85 127.901
191.86 126
191.87 127.092
191.88 129
191.89 129
191.9 129
191.91 130
191.92 129.194
191.93 126
191.94 124
191.95 125.322
191.96 126.864
191.97 129.742
191.98 128.339
191.99 128.674
192 128.339
192.01 127
192.02 126
192.03 127.66
192.04 128
192.05 129
192.06 128.338
192.07 127.338
192.08 127.806
192.09 128
192.1 129.612
192.11 130
192.12 130.373
192.13 129.271
192.14 127
192.15 126
192.16 125
192.17 127.612
192.18 129
192.19 128
192.2 129
192.21 129.663
192.22 129
192.23 129
192.24 127.201
192.25 126
192.26 126.799
192.27 128.799
192.28 130
192.29 130
192.3 129
192.31 127.2
192.32 127
192.33 126.799
192.34 127
192.35 128
192.36 127.202
192.37 126.799
192.38 127
192.39 127.803
192.4 127.201
192.41 128
192.42 126.201
192.43 124.201
192.44 124.799
192.45 126
192.46 127
192.47 129
192.48 129
192.49 127.344
192.5 125
192.51 125
192.52 128.598
192.53 130.915
192.54 128.832
192.55 125.556
192.56 124
192.57 125.799
192.58 128.799
192.59 130
192.6 131
192.61 131
192.62 130.402
192.63 128.201
192.64 128
192.65 128.799
192.66 128
192.67 128
192.68 128.202
192.69 128
192.7 129
192.71 129.808
192.72 129
192.73 128
192.74 126.084
192.75 127
192.76 129
192.77 128
192.78 128
192.79 128
192.8 128
192.81 129.093
192.82 130.059
192.83 131
192.84 127.222
192.85 126
192.86 126.093
192.87 127.598
192.88 131
192.89 129.803
192.9 127.186
192.91 124.201
192.92 124.202
192.93 126.598
192.94 129.598
192.95 130.799
192.96 128.4
192.97 126
192.98 125
192.99 125.798
193 126
193.01 127
193.02 127.915
193.03 126
193.04 127
193.05 127
193.06 127.085
193.07 127.905
193.08 125.829
193.09 125
193.1 125.892
193.11 128.726
193.12 130.863
193.13 130
193.14 128.831
193.15 125.804
193.16 123.09
193.17 127.182
193.18 131.092
193.19 132.909
193.2 130.908
193.21 130
193.22 130.463
193.23 131.32
193.24 131.136
193.25 126.816
193.26 123.387
193.27 123.807
193.28 128.625
193.29 130.787
193.3 132
193.31 129.388
193.32 124.39
193.33 122.196
193.34 122.805
193.35 125.805
193.36 128.805
193.37 130
193.38 129
193.39 128
193.4 127
193.41 128
193.42 130
193.43 130.909
193.44 128.816
193.45 126
193.46 126.092
193.47 129.095
193.48 130
193.49 128.901
193.5 128
193.51 128
193.52 127.092
193.53 128
193.54 128
193.55 127.909
193.56 126
193.57 126.09
193.58 126.908
193.59 126.091
193.6 127.184
193.61 128.91
193.62 128
193.63 127
193.64 126.909
193.65 126
193.66 126
193.67 127
193.68 126.092
193.69 128.091
193.7 127.908
193.71 126
193.72 126
193.73 127.879
193.74 129.877
193.75 129
193.76 128.907
193.77 127
193.78 126.088
193.79 129.09
193.8 131
193.81 131
193.82 130.395
193.83 129.197
193.84 128.804
193.85 130.805
193.86 129.195
193.87 126.902
193.88 126.092
193.89 128
193.9 128.092
193.91 129
193.92 128.9
193.93 125.799
193.94 124
193.95 124.101
193.96 126.102
193.97 126
193.98 126
193.99 125.108
194 126.203
194.01 127.899
194.02 127
194.03 127.899
194.04 127.899
194.05 128
194.06 128.102
194.07 129.101
194.08 130
194.09 130.899
194.1 129
194.11 129
194.12 129
194.13 129.104
194.14 131
194.15 131
194.16 129.193
194.17 127.091
194.18 126.203
194.19 128.101
194.2 128.898
194.21 127.798
194.22 126
194.23 126
194.24 127.101
194.25 128
194.26 127.898
194.27 127
194.28 127
194.29 128.101
194.3 129
194.31 129
194.32 129
194.33 128.898
194.34 128
194.35 129
194.36 128
194.37 127
194.38 126.101
194.39 127
194.4 127
194.41 126.91
194.42 124.91
194.43 124
194.44 125.071
194.45 126.544
194.46 125.909
194.47 124.91
194.48 125.091
194.49 126.273
194.5 129.364
194.51 130
194.52 129.38
194.53 125.46
194.54 124.101
194.55 126.101
194.56 129.101
194.57 130
194.58 128.797
194.59 126
194.6 127.101
194.61 129
194.62 129.614
194.63 128.549
194.64 126.059
194.65 127.2
194.66 131.203
194.67 132.899
194.68 131.798
194.69 128.903
194.7 129
194.71 130.102
194.72 132
194.73 132
194.74 131.899
194.75 132.1
194.76 131.899
194.77 130.844
194.78 129
194.79 127.9
194.8 125.899
194.81 124
194.82 124.567
194.83 127.478
194.84 130.818
194.85 130.185
194.86 127.388
194.87 124.343
194.88 123
194.89 125.756
194.9 128.405
194.91 130
194.92 129.333
194.93 125.229
194.94 124
194.95 124
194.96 125.802
194.97 126.803
194.98 126.346
194.99 127
195 127.203
195.01 126.201
195.02 125
195.03 125.799
195.04 126
195.05 127.799
195.06 129.084
195.07 129.917
195.08 127.916
195.09 127
195.1 127.093
195.11 128
195.12 128
195.13 127.918
195.14 127
195.15 128
195.16 129
195.17 129
195.18 128.929
195.19 126.901
195.2 124.909
195.21 125.089
195.22 126.181
195.23 129
195.24 129.09
195.25 130
195.26 129
195.27 128
195.28 126.916
195.29 126.083
195.3 128.167
195.31 131
195.32 131
195.33 130.935
195.34 128.95
195.35 126.105
195.36 126.889
195.37 127
195.38 129.645
195.39 130
195.4 129
195.41 127.346
195.42 127
195.43 128.645
195.44 129
195.45 129
195.46 127.404
195.47 127
195.48 127
195.49 129
195.5 130
195.51 129.098
195.52 126
195.53 125
195.54 126.091
195.55 127
195.56 127.599
195.57 127
195.58 127
195.59 127
195.6 127
195.61 126.097
195.62 126.91
195.63 126
195.64 125.295
195.65 126.661
195.66 128.66
195.67 129
195.68 128
195.69 126.197
195.7 125.197
195.71 126
195.72 127.803
195.73 129
195.74 129
195.75 128.196
195.76 128
195.77 128
195.78 128
195.79 128
195.8 128
195.81 128
195.82 128.802
195.83 129.803
195.84 129.197
195.85 130.803
195.86 130
195.87 128.273
195.88 127.197
195.89 126.809
195.9 127
195.91 128.804
195.92 129.802
195.93 129.197
195.94 127.207
195.95 127
195.96 126
195.97 126.204
195.98 126
195.99 126
196 126.796
196.01 128
196.02 129.796
196.03 128.203
196.04 126.204
196.05 125.795
196.06 126
196.07 126.799
196.08 128
196.09 129.797
196.1 130
196.11 129
196.12 128
196.13 128
196.14 127
196.15 127
196.16 127.803
196.17 128.803
196.18 129.198
196.19 128.197
196.2 126.196
196.21 125.196
196.22 124.803
196.23 126.802
196.24 128.811
196.25 130.803
196.26 131
196.27 129.198
196.28 126.197
196.29 126
196.3 126
196.31 127.621
196.32 129.801
196.33 131.802
196.34 132.802
196.35 131.197
196.36 128.197
196.37 126.198
196.38 125
196.39 125.802
196.4 127.803
196.41 129.804
196.42 131
196.43 128.552
196.44 126.298
196.45 125.341
196.46 125.668
196.47 127.77
196.48 128.812
196.49 128.198
196.5 128.87
196.51 127.195
196.52 127.198
196.53 128
196.54 128
196.55 127.198
196.56 126.803
196.57 127.803
196.58 128
196.59 129
196.6 130
196.61 128.197
196.62 126.198
196.63 125
196.64 125.811
196.65 127.801
196.66 129
196.67 129.803
196.68 129
196.69 128
196.7 126.911
196.71 126.09
196.72 128
196.73 129.088
196.74 131
196.75 130.912
196.76 129
196.77 127.912
196.78 127
196.79 127.872
196.8 129
196.81 130.088
196.82 131.089
196.83 131
196.84 128.911
196.85 126.912
196.86 126
196.87 128
196.88 129
196.89 129
196.9 129
196.91 128
196.92 127.904
196.93 125
196.94 125
196.95 125.088
196.96 127
196.97 128
196.98 127
196.99 126
197 126
197.01 127.097
197.02 128
197.03 128
197.04 127
197.05 126
197.06 126.362
197.07 128.805
197.08 129
197.09 128
197.1 128.801
197.11 128
197.12 129
197.13 128
197.14 129
197.15 128.335
197.16 127
197.17 128.539
197.18 130.802
197.19 131.198
197.2 129.198
197.21 126.19
197.22 126
197.23 126.802
197.24 128.802
197.25 130.802
197.26 131
197.27 130.189
197.28 127.205
197.29 127
197.3 127.618
197.31 128
197.32 129
197.33 129
197.34 129
197.35 127.41
197.36 126
197.37 127
197.38 127.91
197.39 127.081
197.4 127
197.41 127.081
197.42 127.928
197.43 127
197.44 127.082
197.45 128
197.46 127
197.47 127
197.48 127
197.49 127.081
197.5 127.918
197.51 128
197.52 128
197.53 128
197.54 127.081
197.55 127.838
197.56 126
197.57 125.08
197.58 127.081
197.59 128.892
197.6 130
197.61 129.143
197.62 128
197.63 127.921
197.64 127.082
197.65 129.164
197.66 131
197.67 130.919
197.68 128.912
197.69 127
197.7 127.096
197.71 128
197.72 128
197.73 128
197.74 128.089
197.75 128
197.76 127
197.77 126
197.78 126
197.79 126
197.8 127.087
197.81 129
197.82 129.911
197.83 126.913
197.84 125
197.85 126
197.86 127.099
197.87 129
197.88 128.823
197.89 126
197.9 125
197.91 126
197.92 127
197.93 128
197.94 128
197.95 127.131
197.96 126.088
197.97 127
197.98 128
197.99 129
198 129.933
198.01 127.914
198.02 127.088
198.03 127.913
198.04 128.089
198.05 129
198.06 129.824
198.07 127.913
198.08 128
198.09 128.401
198.1 130
198.11 130
198.12 129.337
198.13 128
198.14 127
198.15 128.64
198.16 128
198.17 128
198.18 128.853
198.19 128.573
198.2 127
198.21 127
198.22 128
198.23 128.08
198.24 128.916
198.25 127
198.26 125
198.27 126.08
198.28 127.081
198.29 128.093
198.3 128.921
198.31 126.919
198.32 126
198.33 127.08
198.34 128
198.35 128
198.36 128
198.37 127.713
198.38 126.352
198.39 126
198.4 126.64
198.41 128
198.42 129
198.43 128.611
198.44 125.611
198.45 124.361
198.46 125.426
198.47 129.081
198.48 129.917
198.49 129
198.5 126.824
198.51 124.913
198.52 125
198.53 127.087
198.54 129.143
198.55 131.914
198.56 130
198.57 126.913
198.58 125.913
198.59 126.16
198.6 128.081
198.61 130.921
198.62 128.912
198.63 127.921
198.64 127.079
198.65 128.08
198.66 129.083
198.67 131
198.68 129.918
198.69 127.841
198.7 125.919
198.71 125.175
198.72 129
198.73 130.078
198.74 129.839
198.75 126.842
198.76 123.923
198.77 123.079
198.78 125.158
198.79 127.606
198.8 129
198.81 128.2
198.82 126
198.83 125
198.84 126
198.85 127.087
198.86 128
198.87 127.913
198.88 127
198.89 127
198.9 127
198.91 127
198.92 127
198.93 127
198.94 127
198.95 127.796
198.96 129.806
198.97 130
198.98 127.349
198.99 127
199 127
199.01 128.794
199.02 129
199.03 129
199.04 129
199.05 129
199.06 129
199.07 129
199.08 128.204
199.09 127.205
199.1 128
199.11 129.203
199.12 129
199.13 128.2
199.14 127
199.15 127
199.16 127
199.17 126.2
199.18 126.8
199.19 127
199.2 127
199.21 127
199.22 127
199.23 126
199.24 126
199.25 126
199.26 128.8
199.27 128
199.28 126.199
199.29 124
199.3 124.799
199.31 126
199.32 127
199.33 127
199.34 127.8
199.35 129
199.36 127.454
199.37 124.359
199.38 124
199.39 126.273
199.4 128.638
199.41 130
199.42 129
199.43 128
199.44 128.649
199.45 128
199.46 128.231
199.47 128
199.48 127
199.49 128.064
199.5 130
199.51 130.921
199.52 130
199.53 129
199.54 128.087
199.55 127.921
199.56 127.082
199.57 128.08
199.58 129
199.59 129.518
199.6 129
199.61 127.921
199.62 126.645
199.63 126
199.64 126
199.65 126.711
199.66 128.793
199.67 128.206
199.68 128.075
199.69 126
199.7 126
199.71 126
199.72 126.636
199.73 127.793
199.74 129
199.75 129
199.76 126.201
199.77 125.699
199.78 126.657
199.79 127.344
199.8 127
199.81 125.2
199.82 125.101
199.83 127
199.84 127
199.85 128
199.86 127
199.87 126
199.88 126.799
199.89 127.932
199.9 129
199.91 128.195
199.92 127.069
199.93 126
199.94 128
199.95 129
199.96 128
199.97 129
199.98 128
199.99 127
200 128
200.01 128
200.02 128.94
200.03 129
200.04 129
200.05 128
200.06 128
200.07 128
200.08 128
200.09 128
200.1 127
200.11 127
200.12 128
200.13 128
200.14 127.344
200.15 127
200.16 126
200.17 127
200.18 127
200.19 127
200.2 127
200.21 127
200.22 127
200.23 127
200.24 126
200.25 126
200.26 127.933
200.27 128
200.28 128
200.29 128
200.3 128
200.31 126.054
200.32 126
200.33 126
200.34 127.933
200.35 128.067
200.36 127.942
200.37 128
200.38 129.931
200.39 130
200.4 129.068
200.41 127.141
200.42 124.135
200.43 124.933
200.44 128.866
200.45 131.865
200.46 130.068
200.47 129.134
200.48 127
200.49 127
200.5 128
200.51 128
200.52 127.301
200.53 127
200.54 127.662
200.55 128
200.56 127.068
200.57 126.07
200.58 125.068
200.59 125.932
200.6 127.932
200.61 128
200.62 127
200.63 125.068
200.64 126
200.65 125.932
200.66 126.932
200.67 127.941
200.68 127
200.69 127
200.7 127.091
200.71 128
200.72 129
200.73 128.909
200.74 127.908
200.75 125.909
200.76 126.109
200.77 128.099
200.78 130
200.79 131
200.8 130.9
200.81 128.901
200.82 126.8
200.83 125.098
200.84 127.1
200.85 129.1
200.86 129.901
200.87 128.891
200.88 126.918
200.89 126
200.9 125.288
200.91 126.898
200.92 127.215
200.93 126
200.94 127
200.95 127.923
200.96 128
200.97 128
200.98 126.076
200.99 126
201 127
201.01 128
201.02 127.078
201.03 124.138
201.04 125.923
201.05 128.849
201.06 129.924
201.07 129.076
201.08 126.151
201.09 124.075
201.1 124.924
201.11 127.924
201.12 130.924
201.13 130
201.14 127.23
201.15 124.076
201.16 123.923
201.17 126.847
201.18 127.922
201.19 130.923
201.2 129.077
201.21 127.077
201.22 125
201.23 125.933
201.24 129.846
201.25 131
201.26 130.077
201.27 127.151
201.28 125.075
201.29 124.931
201.3 127.882
201.31 129
201.32 128.069
201.33 127
201.34 127
201.35 127.932
201.36 129
201.37 129
201.38 127.069
201.39 127
201.4 125.069
201.41 126
201.42 127.93
201.43 129
201.44 129
201.45 128
201.46 127.07
201.47 126
201.48 126
201.49 126
201.5 126
201.51 126.931
201.52 127
201.53 127
201.54 127
201.55 126.068
201.56 125.069
201.57 125.931
201.58 127
201.59 128
201.6 128.923
201.61 128
201.62 126.159
201.63 126
201.64 126
201.65 127.923
201.66 128.924
201.67 128.076
201.68 127
201.69 126
201.7 126.846
201.71 128
201.72 128.923
201.73 129
201.74 128
201.75 127
201.76 128
201.77 129
201.78 129
201.79 128.079
201.8 127
201.81 127
201.82 127.65
201.83 129
201.84 128
201.85 129
201.86 130
201.87 127.154
201.88 125.077
201.89 124.079
201.9 124
201.91 125.923
201.92 127.923
201.93 128.083
201.94 126.076
201.95 125.077
201.96 124
201.97 124.923
201.98 126
201.99 126
202 126
202.01 127
202.02 127
202.03 127
202.04 129.862
202.05 131
202.06 130.077
202.07 127.151
202.08 125.077
202.09 125.923
202.1 127.921
202.11 129
202.12 129
202.13 128
202.14 127
202.15 127.923
202.16 128
202.17 127
202.18 125.992
202.19 125.391
202.2 126.838
202.21 129
202.22 126.093
202.23 124.077
202.24 125.922
202.25 127.923
202.26 128.921
202.27 129.922
202.28 130
202.29 127.076
202.3 126
202.31 126.922
202.32 128.845
202.33 130.922
202.34 131
202.35 128.158
202.36 125.072
202.37 125
202.38 127.923
202.39 129
202.4 129
202.41 127.077
202.42 125.068
202.43 124.922
202.44 126
202.45 126
202.46 126
202.47 127
202.48 128.931
202.49 129
202.5 129.921
202.51 128.08
202.52 127.308
202.53 126.352
202.54 127
202.55 128.926
202.56 129.078
202.57 128
202.58 125.058
202.59 125.922
202.6 126.922
202.61 128.92
202.62 129
202.63 127.077
202.64 125.078
202.65 125.913
202.66 127.935
202.67 130.922
202.68 130.069
202.69 127.076
202.7 125.077
202.71 125.922
202.72 127
202.73 129
202.74 130
202.75 128.078
202.76 127
202.77 126.078
202.78 125.923
202.79 126.922
202.8 128.932
202.81 128
202.82 128
202.83 127
202.84 125.079
202.85 125.922
202.86 127
202.87 127
202.88 126.078
202.89 126.647
202.9 126
202.91 126.906
202.92 127
202.93 126.078
202.94 126
202.95 126
202.96 127.922
202.97 128.84
202.98 128.156
202.99 127.078
203 126
203.01 127.922
203.02 128.922
203.03 129
203.04 129
203.05 127.069
203.06 125.078
203.07 126.922
203.08 128.927
203.09 130.922
203.1 129.069
203.11 127.078
203.12 126
203.13 127
203.14 128.646
203.15 130
203.16 131
203.17 129.078
203.18 125.078
203.19 125.921
203.2 128.843
203.21 129.921
203.22 131
203.23 129.078
203.24 127.078
203.25 125.419
203.26 126.088
203.27 128.098
203.28 129
203.29 128.822
203.3 125.91
203.31 125
203.32 125.705
203.33 127.089
203.34 128
203.35 127
203.36 126.911
203.37 125
203.38 125.096
203.39 126
203.4 126
203.41 126.097
203.42 127
203.43 126.09
203.44 126
203.45 126.075
203.46 127
203.47 127
203.48 128
203.49 128
203.5 126
203.51 126.92
203.52 127.921
203.53 128.921
203.54 130.921
203.55 131
203.56 129.156
203.57 127.21
203.58 125.352
203.59 126.647
203.6 128.812
203.61 130.921
203.62 131
203.63 128.157
203.64 127
203.65 126
203.66 126.921
203.67 128.906
203.68 129
203.69 128
203.7 128
203.71 127.614
203.72 127
203.73 127.078
203.74 128
203.75 128
203.76 126.072
203.77 126.923
203.78 127
203.79 129
203.8 129
203.81 128.079
203.82 127
203.83 126.08
203.84 126
203.85 127
203.86 127.922
203.87 129
203.88 128.079
203.89 127.079
203.9 126.078
203.91 125
203.92 126
203.93 126.921
203.94 129.921
203.95 128.078
203.96 126.08
203.97 126
203.98 127
203.99 128.92
204 129
204.01 128
204.02 127
204.03 127.922
204.04 128.921
204.05 130
204.06 129.064
204.07 126.157
204.08 124
204.09 124.92
204.1 127.842
204.11 128.945
204.12 130.928
204.13 129.313
204.14 127.071
204.15 126
204.16 126
204.17 126.921
204.18 128.924
204.19 130.842
204.2 131
204.21 129
204.22 127
204.23 126.921
204.24 128.921
204.25 127
204.26 126.08
204.27 126
204.28 125
204.29 126.922
204.3 127.92
204.31 127.08
204.32 127
204.33 126.079
204.34 126
204.35 127
204.36 128
204.37 128
204.38 127
204.39 128.907
204.4 129.921
204.41 130
204.42 128.135
204.43 128
204.44 128
204.45 128.92
204.46 128
204.47 127
204.48 125.211
204.49 125
204.5 126.646
204.51 128
204.52 129
204.53 128.071
204.54 126.073
204.55 125
204.56 125.929
204.57 126
204.58 126
204.59 127
204.6 127.929
204.61 130.93
204.62 131
204.63 129.081
204.64 127.08
204.65 125.081
204.66 125.92
204.67 128.84
204.68 130
204.69 130
204.7 128.386
204.71 128.88
204.72 130
204.73 130
204.74 130
204.75 129.121
204.76 126.226
204.77 126.118
204.78 126.921
204.79 127.081
204.8 128
204.81 127.071
204.82 126.081
204.83 125
204.84 126
204.85 127.84
204.86 129
204.87 129
204.88 127.247
204.89 126.096
204.9 126
204.91 126.921
204.92 127.92
204.93 129
204.94 129.921
204.95 129
204.96 129.932
204.97 128.08
204.98 127
204.99 127
205 127
205.01 127
205.02 127
205.03 126.079
205.04 126
205.05 126
205.06 126.92
205.07 128.92
205.08 128.92
205.09 128.08
205.1 127.08
205.11 127
205.12 128
205.13 128
205.14 129.92
205.15 131
205.16 129.072
205.17 127.073
205.18 127.096
205.19 129.095
205.2 131
205.21 130.906
205.22 128.811
205.23 124.905
205.24 123.094
205.25 126.193
205.26 129.103
205.27 129.905
205.28 128.812
205.29 124.905
205.3 124
205.31 126.17
205.32 128.878
205.33 130.92
205.34 130.081
205.35 128.081
205.36 126.21
205.37 127
205.38 129.76
205.39 130
205.4 129
205.41 129
205.42 128
205.43 127
205.44 127.095
205.45 128
205.46 129
205.47 127.913
205.48 125.913
205.49 123.913
205.5 123.093
205.51 125.085
205.52 128.087
205.53 130
205.54 129.905
205.55 126.913
205.56 126
205.57 125.914
205.58 126.174
205.59 130.086
205.6 131
205.61 128.915
205.62 126
205.63 124.914
205.64 125.086
205.65 128.172
205.66 131.086
205.67 131.939
205.68 128.913
205.69 126.739
205.7 123.096
205.71 123
205.72 126.785
205.73 132
205.74 132.913
205.75 131.827
205.76 126.825
205.77 124.086
205.78 127.163
205.79 130.085
205.8 131
205.81 128.861
205.82 125.829
205.83 124
205.84 125.087
205.85 129.176
205.86 132.086
205.87 132.829
205.88 129.827
205.89 124.914
205.9 124
205.91 125.174
205.92 129.115
205.93 131.504
205.94 130.913
205.95 128.913
205.96 126.926
205.97 126
205.98 127.877
205.99 130.88
206 131.914
206.01 129.927
206.02 129
206.03 128.121
206.04 127.29
206.05 128
206.06 129.086
206.07 130
206.08 129.914
206.09 127.831
206.1 126
206.11 126
206.12 126.084
206.13 126.929
206.14 124.914
206.15 124
206.16 126
206.17 126.171
206.18 129.086
206.19 130.086
206.2 128.913
206.21 126.914
206.22 125
206.23 126.094
206.24 127.086
206.25 128.086
206.26 129
206.27 127.915
206.28 126
206.29 125.915
206.3 125.086
206.31 126.085
206.32 128.172
206.33 131
206.34 130.913
206.35 126.829
206.36 123.195
206.37 122
206.38 124.755
206.39 130.086
206.4 132
206.41 131
206.42 130.914
206.43 128
206.44 129
206.45 129.086
206.46 129.916
206.47 127.916
206.48 127
206.49 129
206.5 130
206.51 131
206.52 133
206.53 132.915
206.54 129.828
206.55 125.83
206.56 123
206.57 124.085
206.58 127.084
206.59 129.057
206.6 130.504
206.61 129
206.62 126.914
206.63 126
206.64 127.086
206.65 129
206.66 128.915
206.67 127
206.68 127
206.69 127
206.7 127
206.71 127
206.72 128
206.73 129
206.74 127.915
206.75 128
206.76 126.915
206.77 125
206.78 126.084
206.79 127
206.8 127
206.81 126
206.82 126
206.83 126.085
206.84 128.086
206.85 130
206.86 129.915
206.87 128
206.88 127.899
206.89 127.644
206.9 128
206.91 130
206.92 131
206.93 130.089
206.94 130
206.95 128.082
206.96 129.936
206.97 131
206.98 130.083
206.99 130
207 129
207.01 127.081
207.02 126.071
207.03 127.84
207.04 128.917
207.05 130
207.06 127.162
207.07 126.082
207.08 126
207.09 126.918
207.1 127.928
207.11 129.917
207.12 131
207.13 128.17
207.14 125.165
207.15 124
207.16 125
207.17 127.239
207.18 129.886
207.19 130
207.2 128.076
207.21 128
207.22 127.055
207.23 127.889
207.24 126.074
207.25 126
207.26 126.797
207.27 128.766
207.28 129.76
207.29 129.079
207.3 129
207.31 129
207.32 129
207.33 128
207.34 128
207.35 128
207.36 129
207.37 128.083
207.38 128
207.39 127.082
207.4 127
207.41 128.92
207.42 129.082
207.43 126.062
207.44 124.149
207.45 124.927
207.46 126.851
207.47 129.234
207.48 129.101
207.49 126.075
207.5 125
207.51 126.946
207.52 130.11
207.53 131.915
207.54 130.066
207.55 126.108
207.56 125
207.57 127.854
207.58 128.925
207.59 129
207.6 130.924
207.61 131
207.62 129.058
207.63 127.083
207.64 126.081
207.65 127
207.66 128.945
207.67 130
207.68 129.334
