99.33 125.965
99.34 130.815
99.35 134.921
99.36 134.066
99.37 131.175
99.38 127.587
99.39 125
99.4 127.836
99.41 132.264
99.42 135
99.43 132.93
99.44 128
99.45 129
99.46 131.731
99.47 132
99.48 130.261
99.49 124.633
99.5 124.369
99.51 128.737
99.52 133.477
99.53 138.37
99.54 135.523
99.55 128.156
99.56 119.986
99.57 121.104
99.58 127.739
99.59 132.368
99.6 133.378
99.61 133.631
99.62 130.262
99.63 128.264
99.64 125.631
99.65 126.367
99.66 128.369
99.67 130.369
99.68 132.369
99.69 132.264
99.7 128.273
99.71 126.632
99.72 126.357
99.73 128
99.74 129.738
99.75 132.376
99.76 132
99.77 130.62
99.78 128.628
99.79 126.644
99.8 124.28
99.81 123.357
99.82 126.712
99.83 129.712
99.84 132
99.85 132
99.86 127.88
99.87 121.931
99.88 120.358
99.89 124.067
99.9 129.703
99.91 131
99.92 130.272
99.93 126.875
99.94 125.733
99.95 131.736
99.96 134.367
99.97 135
99.98 130.88
99.99 124.897
100 123.368
100.01 127.758
100.02 132.105
100.03 134.253
100.04 132.264
100.05 128.118
100.06 124.152
100.07 124.119
100.08 125.355
100.09 127.356
100.1 129.205
100.11 129.639
100.12 127.633
100.13 124.592
100.14 124.366
100.15 126.709
100.16 129
100.17 127.947
100.18 127
100.19 126.499
100.2 126
100.21 126.412
100.22 127
100.23 127.413
100.24 129.412
100.25 131.587
100.26 129.175
100.27 125.176
100.28 123.412
100.29 126.236
100.3 129.849
100.31 132
100.32 131.425
100.33 126.757
100.34 125
100.35 126.417
100.36 129.411
100.37 129.175
100.38 127
100.39 127.832
100.4 131.412
100.41 131.583
100.42 130
100.43 129
100.44 128
100.45 129.241
100.46 130.706
100.47 129
100.48 128
100.49 128
100.5 128.417
100.51 128
100.52 127.583
100.53 127.58
100.54 126
100.55 126.419
100.56 127
100.57 125.581
100.58 124
100.59 124.838
100.6 126.42
100.61 127.583
100.62 127.421
100.63 127.72
100.64 126.883
100.65 124.411
100.66 128.831
100.67 131.411
100.68 131.588
100.69 128.175
100.7 123.763
100.71 122.354
100.72 125.737
100.73 131.734
100.74 135.368
100.75 135.765
100.76 131.621
100.77 123.633
100.78 122.47
100.79 129.503
100.8 134
100.81 133.646
100.82 130.894
100.83 126.79
100.84 124.633
100.85 127.104
100.86 132.735
100.87 133.268
100.88 131.632
100.89 126.162
100.9 120
100.91 121.734
100.92 127.089
100.93 132.734
100.94 133.248
100.95 129.901
100.96 124.266
100.97 122
100.98 124.732
100.99 129.365
101 130
101.01 130
101.02 126.853
101.03 123
101.04 123.734
101.05 127.732
101.06 131.366
101.07 133.639
101.08 132.632
101.09 128.901
101.1 123.268
101.11 122.679
101.12 127.16
101.13 130.395
101.14 132
101.15 131.606
101.16 129.606
101.17 128
101.18 128
101.19 127.393
101.2 128.395
101.21 129
101.22 129
101.23 129.286
101.24 131
101.25 130.809
101.26 130
101.27 128.212
101.28 126.605
101.29 124.393
101.3 127.394
101.31 130.788
101.32 132
101.33 130.606
101.34 127
101.35 126
101.36 127.222
101.37 130
101.38 130
101.39 129.607
101.4 128.606
101.41 127
101.42 127.394
101.43 128
101.44 127.609
101.45 126
101.46 126.107
101.47 127.462
101.48 128.544
101.49 129
101.5 130
101.51 129.616
101.52 127.732
101.53 122.709
101.54 121.771
101.55 128.157
101.56 134.154
101.57 137.384
101.58 134.462
101.59 127.463
101.6 119.619
101.61 121.136
101.62 128.108
101.63 132.366
101.64 133.624
101.65 132.265
101.66 128.635
101.67 128.732
101.68 132.367
101.69 132.634
101.7 129.634
101.71 126.634
101.72 125.165
101.73 129.77
101.74 133.387
101.75 134
101.76 133.247
101.77 130.248
101.78 127.872
101.79 127
101.8 128.127
101.81 130
101.82 130.622
101.83 131.379
101.84 131.245
101.85 127.623
101.86 123.614
101.87 123.383
101.88 127.154
101.89 130.385
101.9 131
101.91 128.848
101.92 126.385
101.93 126.618
101.94 128.385
101.95 127.615
101.96 127
101.97 126.365
101.98 128.365
101.99 130.366
102 130.272
102.01 127.27
102.02 125
102.03 127.364
102.04 129
102.05 128.59
102.06 127
102.07 127
102.08 128.071
102.09 129
102.1 130.635
102.11 129
102.12 128
102.13 127.635
102.14 127
102.15 129.366
102.16 130.366
102.17 132
102.18 133
102.19 131.623
102.2 130.634
102.21 129.165
102.22 128
102.23 129.73
102.24 132.366
102.25 132
102.26 131.634
102.27 129
102.28 129
102.29 130
102.3 131.366
102.31 131
102.32 130
102.33 129.622
102.34 128.27
102.35 127
102.36 127
102.37 128
102.38 128.366
102.39 129
102.4 129
102.41 129.634
102.42 128.631
102.43 126
102.44 126.366
102.45 126
102.46 127
102.47 126.633
102.48 124.635
102.49 125.364
102.5 127
102.51 128.368
102.52 129
102.53 131
102.54 130.646
102.55 127.647
102.56 126.642
102.57 127.101
102.58 128
102.59 132
102.6 131.647
102.61 130.645
102.62 129
102.63 129
102.64 129.823
102.65 130.402
102.66 132
102.67 132
102.68 131
102.69 130.59
102.7 130
102.71 130.402
102.72 131.595
102.73 131
102.74 130.397
102.75 131
102.76 129.896
102.77 128
102.78 127.401
102.79 128.401
102.8 130.802
102.81 132.59
102.82 131.589
102.83 129.181
102.84 126.18
102.85 124.41
102.86 127.821
102.87 131.407
102.88 131.584
102.89 129
102.9 127.591
102.91 127
102.92 126.486
102.93 130
102.94 131
102.95 129.59
102.96 127.591
102.97 126
102.98 126.409
102.99 128.41
103 130.409
103.01 131
103.02 132
103.03 130.636
103.04 128.638
103.05 127.636
103.06 127.114
103.07 129.817
103.08 132.817
103.09 134
103.1 132.59
103.11 129.595
103.12 128.283
103.13 129.41
103.14 131
103.15 131
103.16 129.65
103.17 129.364
103.18 130
103.19 130
103.2 131
103.21 131
103.22 130
103.23 128.628
103.24 126.629
103.25 126.352
103.26 128.702
103.27 131.201
103.28 134
103.29 132.598
103.3 130.595
103.31 127.598
103.32 126
103.33 127.829
103.34 130.267
103.35 134
103.36 131.589
103.37 130.196
103.38 127.268
103.39 127.081
103.4 128.206
103.41 130.9
103.42 129
103.43 127.782
103.44 127
103.45 127.41
103.46 129.811
103.47 129
103.48 127.599
103.49 126
103.5 126.705
103.51 129.346
103.52 132
103.53 132.364
103.54 131.637
103.55 129
103.56 126.27
103.57 126.727
103.58 130.362
103.59 132.739
103.6 133.363
103.61 134
103.62 130.272
103.63 127.637
103.64 128
103.65 129.726
103.66 131
103.67 131
103.68 130.637
103.69 129.638
103.7 129.364
103.71 130.622
103.72 130
103.73 129
103.74 127.509
103.75 127.363
103.76 129.364
103.77 130
103.78 130
103.79 129
103.8 129
103.81 128
103.82 129
103.83 128
103.84 128.361
103.85 128
103.86 128
103.87 128.638
103.88 128.362
103.89 129.18
103.9 131
103.91 131.362
103.92 132
103.93 130.638
103.94 129
103.95 129
103.96 130.364
103.97 131.364
103.98 134
103.99 132
104 131.645
104.01 130.041
104.02 130.948
104.03 131
104.04 128.885
104.05 128
104.06 126.283
104.07 126.891
104.08 129.368
104.09 131.363
104.1 132
104.11 129.909
104.12 127
104.13 128
104.14 129.363
104.15 130
104.16 128.637
104.17 126.637
104.18 126
104.19 128.288
104.2 131.224
104.21 133
104.22 131.637
104.23 129.656
104.24 127.638
104.25 124.253
104.26 124.727
104.27 128.363
104.28 131.363
104.29 132
104.3 133.732
104.31 130.156
104.32 128.922
104.33 129.842
104.34 131
104.35 131
104.36 128.079
104.37 129.409
104.38 130.409
104.39 131.408
104.4 132
104.41 131.079
104.42 131
104.43 129.637
104.44 129
104.45 128.875
104.46 129
104.47 130
104.48 131.408
104.49 132
104.5 130.182
104.51 128.591
104.52 129.408
104.53 130
104.54 130.921
104.55 131
104.56 130.59
104.57 129
104.58 127.591
104.59 128.408
104.6 129.921
104.61 130.242
104.62 131
104.63 131
104.64 131
104.65 129.183
104.66 127.079
104.67 126.409
104.68 128.833
104.69 131.417
104.7 132
104.71 131
104.72 128.586
104.73 127
104.74 127.408
104.75 128.408
104.76 130
104.77 128.589
104.78 127.416
104.79 129.832
104.8 132.408
104.81 130.592
104.82 129.183
104.83 126
104.84 127.823
104.85 130.817
104.86 132.276
104.87 132.888
104.88 131.184
104.89 127.592
104.9 125.592
104.91 128.224
104.92 130.921
104.93 133
104.94 132
104.95 130.175
104.96 126.586
104.97 127
104.98 128.816
104.99 131.815
105 134.591
105.01 132.592
105.02 131.079
105.03 127.592
105.04 127.408
105.05 129.842
105.06 135
105.07 135.928
105.08 132.181
105.09 127.588
105.1 127.408
105.11 128.411
105.12 132.816
105.13 133.588
105.14 130.457
105.15 125.634
105.16 121
105.17 124.551
105.18 128.816
105.19 133.35
105.2 133.651
105.21 129.954
105.22 125.3
105.23 124.349
105.24 126.714
105.25 129.7
105.26 132
105.27 132
105.28 130
105.29 127.96
105.3 127
105.31 129.49
105.32 131.095
105.33 132
105.34 128.6
105.35 128
105.36 130
105.37 131
105.38 131
105.39 131
105.4 131
105.41 130
105.42 130
105.43 131.289
105.44 130.592
105.45 131
105.46 130
105.47 130
105.48 129.593
105.49 129.411
105.5 130.407
105.51 132
105.52 131
105.53 131
105.54 130.186
105.55 128
105.56 127
105.57 127
105.58 128.348
105.59 130.653
105.6 131.352
105.61 132
105.62 130.7
105.63 127.6
105.64 126.602
105.65 127.266
105.66 130.201
105.67 131.601
105.68 129.601
105.69 128
105.7 129
105.71 129.409
105.72 129.598
105.73 129
105.74 129
105.75 129
105.76 130.099
105.77 131
105.78 129.305
105.79 126
105.8 126.356
105.81 128.741
105.82 131.366
105.83 132.631
105.84 131
105.85 130.64
105.86 130
105.87 129
105.88 129
105.89 129.399
105.9 131
105.91 131.399
105.92 132
105.93 132.421
105.94 134
105.95 133.58
105.96 131.579
105.97 129
105.98 129
105.99 130
106 130.381
106.01 129.621
106.02 129
106.03 129.368
106.04 131
106.05 130.639
106.06 128.634
106.07 127
106.08 127
106.09 128
106.1 127.641
106.11 126.641
106.12 124
106.13 126.414
106.14 129.407
106.15 131.406
106.16 132
106.17 131
106.18 129.162
106.19 126.659
106.2 126.233
106.21 128.231
106.22 132.28
106.23 132.658
106.24 131.653
106.25 129.305
106.26 127.652
106.27 128.361
106.28 130.697
106.29 132.347
106.3 133
106.31 131.653
106.32 131
106.33 131
106.34 129.628
106.35 129
106.36 128.653
106.37 129.718
106.38 131
106.39 130.92
106.4 129.072
106.41 130.406
106.42 132
106.43 131.593
106.44 129.186
106.45 127
106.46 127.814
106.47 130.406
106.48 132.807
106.49 133.586
106.5 132.187
106.51 128.188
106.52 124.513
106.53 125.753
106.54 128.757
106.55 131.379
106.56 131.693
106.57 128.952
106.58 128
106.59 127.502
106.6 128.122
106.61 129
106.62 128
106.63 129
106.64 128.413
106.65 129.828
106.66 131
106.67 130.753
106.68 129.754
106.69 127.704
106.7 127.925
106.71 130.413
106.72 130.412
106.73 130.416
106.74 129.586
106.75 128
106.76 127.403
106.77 129.403
106.78 131.795
106.79 133
106.8 132
106.81 130.193
106.82 128
106.83 129.398
106.84 131
106.85 132
106.86 132
106.87 130.203
106.88 129
106.89 128
106.9 128.806
106.91 131.398
106.92 133
106.93 132.602
106.94 130.603
106.95 128.602
106.96 127.399
106.97 128
106.98 128.399
106.99 129
107 129
107.01 131.397
107.02 133
107.03 131.203
107.04 127.598
107.05 125.602
107.06 126.402
107.07 128
107.08 129
107.09 128
107.1 129
107.11 130
107.12 130.273
107.13 131.994
107.14 130.869
107.15 127.663
107.16 126
107.17 127.697
107.18 131
107.19 132
107.2 131.622
107.21 130.254
107.22 128.244
107.23 126
107.24 127.753
107.25 131.378
107.26 132
107.27 131.633
107.28 130.281
107.29 129
107.3 130
107.31 131
107.32 130.641
107.33 129
107.34 128.359
107.35 129.367
107.36 131
107.37 129.795
107.38 128
107.39 128.358
107.4 129
107.41 130.107
107.42 130
107.43 128.889
107.44 128.359
107.45 130.357
107.46 132.358
107.47 131.268
107.48 129.643
107.49 128.358
107.5 131.205
107.51 132
107.52 131.591
107.53 128.594
107.54 128
107.55 129
107.56 129.361
107.57 129.648
107.58 128.358
107.59 127.643
107.6 128.716
107.61 131.366
107.62 132
107.63 129.641
107.64 127.642
107.65 127
107.66 128.364
107.67 129.803
107.68 130.398
107.69 131
107.7 131.395
107.71 130.603
107.72 129
107.73 128.607
107.74 128.588
107.75 127.397
107.76 128
107.77 129
107.78 130.397
107.79 131
107.8 130.525
107.81 130
107.82 129.656
107.83 128
107.84 128
107.85 128.037
107.86 129.127
107.87 131
107.88 132
107.89 131.605
107.9 129.603
107.91 127.603
107.92 127
107.93 127.794
107.94 130.399
107.95 132
107.96 130.603
107.97 129.603
107.98 130.398
107.99 130.608
108 128.525
108.01 126.654
108.02 125.394
108.03 129.692
108.04 132.708
108.05 134
108.06 131.595
108.07 128.207
108.08 125
108.09 126.397
108.1 128
108.11 128.661
108.12 128.345
108.13 129
108.14 129
108.15 129.615
108.16 129
108.17 129
108.18 129
108.19 129.397
108.2 131.397
108.21 132.603
108.22 132
108.23 130.602
108.24 130
108.25 130.767
108.26 129
108.27 130.229
108.28 130
108.29 130
108.3 129.59
108.31 129.405
108.32 130
108.33 127.643
108.34 125.644
108.35 125.825
108.36 127
108.37 128.349
108.38 130
108.39 129.657
108.4 128.655
108.41 127
108.42 129
108.43 128
108.44 128
108.45 128.405
108.46 129.408
108.47 132.808
108.48 133.59
108.49 131.654
108.5 128.015
108.51 126.762
108.52 126.352
108.53 128.358
108.54 129.825
108.55 130.63
108.56 130
108.57 130.357
108.58 130.638
108.59 129
108.6 128
108.61 128.524
108.62 128
108.63 129
108.64 129
108.65 129
108.66 129
108.67 130.394
108.68 131
108.69 131.602
108.7 131
108.71 128.595
108.72 128
108.73 129
108.74 130
108.75 130.894
108.76 128.892
108.77 126.89
108.78 126.356
108.79 127.825
108.8 130.644
108.81 130.593
108.82 128.596
108.83 126.731
108.84 126
108.85 126.404
108.86 127.405
108.87 129
108.88 129.405
108.89 131
108.9 131
108.91 128.597
108.92 126
108.93 126.404
108.94 128.384
108.95 130.419
108.96 130.583
108.97 128.582
108.98 128
108.99 130
109 131.373
109.01 131.785
109.02 127.746
109.03 124.412
109.04 126.408
109.05 129.745
109.06 133.404
109.07 135
109.08 133.596
109.09 130.18
109.1 125.596
109.11 125.808
109.12 129.809
109.13 133
109.14 133
109.15 132.454
109.16 128.786
109.17 124
109.18 125.237
109.19 128.473
109.2 132
109.21 133.185
109.22 129.596
109.23 128.608
109.24 128
109.25 128
109.26 128
109.27 127.644
109.28 127.365
109.29 129.355
109.3 130
109.31 131
109.32 131
109.33 131
109.34 128.285
109.35 125.645
109.36 126.371
109.37 126
109.38 129.355
109.39 130
109.4 130.653
109.41 128.654
109.42 125.315
109.43 124.344
109.44 127.683
109.45 130
109.46 130.654
109.47 129
109.48 128
109.49 128
109.5 127.396
109.51 129
109.52 130
109.53 131.393
109.54 131
109.55 131
109.56 130
109.57 128.599
109.58 128
109.59 128
109.6 130
109.61 131
109.62 130
109.63 130
109.64 130
109.65 129
109.66 130
109.67 130.228
109.68 130.723
109.69 129
109.7 129
109.71 130.264
109.72 132
109.73 131
109.74 128.815
109.75 126
109.76 127
109.77 128
109.78 129.531
109.79 130.907
109.8 131
109.81 129.605
109.82 128
109.83 126
109.84 125.605
109.85 126.372
109.86 128.395
109.87 130.395
109.88 133
109.89 132.186
109.9 128.21
109.91 123.815
109.92 122.791
109.93 128.186
109.94 132.808
109.95 134
109.96 131.208
109.97 127.209
109.98 124.604
109.99 127.196
110 131.232
110.01 131.773
110.02 130
110.03 128.601
110.04 128.395
110.05 129
110.06 129.394
110.07 130
110.08 130.605
110.09 128.603
110.1 128.396
110.11 129.788
110.12 131
110.13 132
110.14 130.671
110.15 128.593
110.16 124.597
110.17 124
110.18 128.203
110.19 129.376
110.2 131
110.21 130.403
110.22 130
110.23 129
110.24 127.215
110.25 125
110.26 125.104
110.27 128.403
110.28 131
110.29 131.412
110.3 130.636
110.31 128.597
110.32 127.593
110.33 126.389
110.34 128
110.35 129.403
110.36 130
110.37 131
110.38 129
110.39 128.606
110.4 128.394
110.41 129
110.42 130.183
110.43 131
110.44 131
110.45 128.598
110.46 128.236
110.47 129
110.48 130
110.49 130.404
110.5 130.597
110.51 130
110.52 130
110.53 130.917
110.54 128.646
110.55 128
110.56 128
110.57 128
110.58 129.356
110.59 130.341
110.6 131
110.61 129
110.62 127.649
110.63 127.659
110.64 127.093
110.65 129
110.66 129.403
110.67 128.597
110.68 129
110.69 128
110.7 127.598
110.71 127
110.72 127.599
110.73 127.394
110.74 128.394
110.75 130
110.76 130
110.77 131
110.78 129.606
110.79 128.606
110.8 127
110.81 127
110.82 128.783
110.83 132
110.84 132
110.85 131
110.86 129.202
110.87 126.737
110.88 126.183
110.89 129.395
110.9 131.395
110.91 131
110.92 131
110.93 130.605
110.94 128.606
110.95 126.395
110.96 128.395
110.97 130.259
110.98 129.91
110.99 129.606
111 129.394
111.01 131
111.02 131
111.03 130.605
111.04 128.595
111.05 126
111.06 126.393
111.07 128.394
111.08 130.789
111.09 131.606
111.1 130.606
111.11 128.758
111.12 126.399
111.13 126.605
111.14 126
111.15 127.455
111.16 131.347
111.17 132.194
111.18 132.212
111.19 126.812
111.2 121.395
111.21 123.79
111.22 128.788
111.23 132.403
111.24 132.602
111.25 131.091
111.26 125.658
111.27 125.339
111.28 129.023
111.29 133
111.3 132.659
111.31 129.32
111.32 126.663
111.33 126.341
111.34 128.682
111.35 132.337
111.36 133.805
111.37 132.213
111.38 128.214
111.39 126
111.4 127.4
111.41 130.262
111.42 132.091
111.43 133.607
111.44 131.662
111.45 129.774
111.46 126.773
111.47 126
111.48 128.793
111.49 133.227
111.5 134.529
111.51 132.32
111.52 127.32
111.53 123.323
111.54 124.02
111.55 128.343
111.56 131.706
111.57 131.661
111.58 130.319
111.59 125.66
111.6 124
111.61 125.339
111.62 127
111.63 128.698
111.64 129.661
111.65 129
111.66 126.579
111.67 125.403
111.68 127.804
111.69 131.241
111.7 132.61
111.71 133.459
111.72 127.814
111.73 125.607
111.74 126.786
111.75 130.394
111.76 131
111.77 129.555
111.78 127
111.79 127.786
111.8 131.724
111.81 135
111.82 131.947
111.83 126.65
111.84 126.648
111.85 127.704
111.86 130.358
111.87 132.351
111.88 133
111.89 132.288
111.9 129
111.91 129
111.92 130
111.93 130
111.94 129.648
111.95 128
111.96 128
111.97 129
111.98 130
111.99 131
112 129.649
112.01 127
112.02 126
112.03 127.357
112.04 128.352
112.05 130.641
112.06 129.648
112.07 128.357
112.08 129
112.09 129
112.1 127.643
112.11 127
112.12 128
112.13 129.401
112.14 130.599
112.15 129.599
112.16 127.599
112.17 126
112.18 125
112.19 126.401
112.2 129.763
112.21 131.915
112.22 131.799
112.23 130.766
112.24 126.765
112.25 124.719
112.26 123.801
112.27 128.611
112.28 134.809
112.29 135.599
112.3 133.599
112.31 129.198
112.32 125.599
112.33 124.404
112.34 127.399
112.35 130.401
112.36 132
112.37 131.599
112.38 131
112.39 130.397
112.4 131
112.41 132.392
112.42 130.215
112.43 126.608
112.44 125
112.45 127.393
112.46 131.786
112.47 135
112.48 133.211
112.49 128.393
112.5 122.658
112.51 120.779
112.52 126.783
112.53 130.784
112.54 134.393
112.55 134.66
112.56 131.324
112.57 124.323
112.58 120.214
112.59 122.683
112.6 128.675
112.61 132.674
112.62 134
112.63 130.662
112.64 127.663
112.65 125.305
112.66 125.349
112.67 127.355
112.68 130.337
112.69 132.339
112.7 131.654
112.71 130.661
112.72 130
112.73 130
112.74 130
112.75 129.324
112.76 126.661
112.77 127
112.78 128.689
112.79 131
112.8 132
112.81 131.686
112.82 129.661
112.83 127.912
112.84 127
112.85 127.706
112.86 130.338
112.87 131
112.88 130.669
112.89 129
112.9 128
112.91 127
112.92 126.338
112.93 129.677
112.94 131.822
112.95 133.866
112.96 131.599
112.97 127.294
112.98 123.24
112.99 122.071
113 126.269
113.01 130.405
113.02 131.393
113.03 130.477
113.04 126.303
113.05 124.338
113.06 128.338
113.07 128.666
113.08 129.338
113.09 129.664
113.1 128.663
113.11 127
113.12 127.342
113.13 130.337
113.14 131.338
113.15 132
113.16 130.661
113.17 128.663
113.18 127.341
113.19 129
113.2 130.344
113.21 131.088
113.22 130.95
113.23 129
113.24 129
113.25 130.339
113.26 131.337
113.27 131
113.28 131
113.29 130
113.3 130.338
113.31 129.663
113.32 128.661
113.33 128.337
113.34 129
113.35 129.338
113.36 129.662
113.37 128.662
113.38 127
113.39 127
113.4 127.338
113.41 128
113.42 128
113.43 127.608
113.44 128
113.45 128.782
113.46 130.393
113.47 130.398
113.48 130
113.49 130
113.5 129
113.51 128.391
113.52 130
113.53 131
113.54 130
113.55 128
113.56 126.607
113.57 127
113.58 127.392
113.59 130.392
113.6 131
113.61 130.609
113.62 128.608
113.63 127
113.64 126
113.65 127.394
113.66 128.782
113.67 132
113.68 131.608
113.69 129.609
113.7 126.219
113.71 126.783
113.72 131.785
113.73 134.392
113.74 134.739
113.75 131.322
113.76 126.663
113.77 125
113.78 126.675
113.79 129.692
113.8 133
113.81 133
113.82 131.306
113.83 128.673
113.84 127.354
113.85 128
113.86 129.337
113.87 129.327
113.88 126.659
113.89 125.335
113.9 129.33
113.91 131
113.92 132
113.93 129.662
113.94 128.663
113.95 126
113.96 126
113.97 127.674
113.98 129
113.99 129
114 129.663
114.01 128.086
114.02 128.913
114.03 128
114.04 127.663
114.05 127.335
114.06 129.337
114.07 131.341
114.08 129.662
114.09 127.665
114.1 126.663
114.11 127.337
114.12 129.337
114.13 131
114.14 131
114.15 130.602
114.16 130
114.17 129
114.18 129
114.19 128.391
114.2 129
114.21 128.262
114.22 130
114.23 131.336
114.24 133
114.25 133.039
114.26 133.662
114.27 130.028
114.28 125.912
114.29 126.391
114.3 128.78
114.31 130.914
114.32 132
114.33 130.608
114.34 128.218
114.35 125.609
114.36 125.39
114.37 128
114.38 130
114.39 130.606
114.4 129.732
114.41 127.327
114.42 126
114.43 127.336
114.44 129
114.45 129
114.46 129
114.47 129
114.48 129.666
114.49 128.665
114.5 127.664
114.51 128.086
114.52 128.087
114.53 129
114.54 129.335
114.55 131
114.56 130.663
114.57 130
114.58 129.652
114.59 129.652
114.6 129
114.61 130
114.62 131
114.63 130.657
114.64 130
114.65 130.816
114.66 128.605
114.67 128
114.68 129.782
114.69 129
114.7 128.609
114.71 128.397
114.72 128.61
114.73 128.394
114.74 127.609
114.75 127.469
114.76 128
114.77 129.335
114.78 130.808
114.79 129.609
114.8 127
114.81 127
114.82 126
114.83 127.782
114.84 130
114.85 129.832
114.86 129
114.87 128.082
114.88 129
114.89 129
114.9 129
114.91 129.222
114.92 128
114.93 128
114.94 129.392
114.95 130.391
114.96 131
114.97 130
114.98 129.602
114.99 129
115 129.398
115.01 131
115.02 130
115.03 130.35
115.04 130.646
115.05 130
115.06 130
115.07 130
115.08 130
115.09 126.201
115.1 125.399
115.11 127.801
115.12 131.399
115.13 133
115.14 130.601
115.15 127.734
115.16 127
115.17 126.352
115.18 128.349
115.19 130.694
115.2 132
115.21 130.653
115.22 129.652
115.23 128
115.24 127
115.25 131.335
115.26 131.334
115.27 133.665
115.28 130.33
115.29 126.915
115.3 126.086
115.31 128.085
115.32 130
115.33 128.661
115.34 128
115.35 128.335
115.36 130.333
115.37 132.337
115.38 130.66
115.39 124.329
115.4 122.223
115.41 125.464
115.42 129.935
115.43 132.334
115.44 131.664
115.45 128.665
115.46 127
115.47 128.331
115.48 129
115.49 128.656
115.5 126.809
115.51 125
115.52 126.78
115.53 129.234
115.54 130.585
115.55 132
115.56 130.962
115.57 127.216
115.58 126
115.59 127.39
115.6 131.39
115.61 132
115.62 131.61
115.63 129
115.64 127.777
115.65 127.225
115.66 129
115.67 130
115.68 130.609
115.69 130.905
115.7 129
115.71 130
115.72 130.36
115.73 130
115.74 130
115.75 129
115.76 129
115.77 130.334
115.78 131.334
115.79 130.667
115.8 129.665
115.81 128
115.82 127.665
115.83 127
115.84 127.815
115.85 130.083
115.86 131.61
115.87 128.61
115.88 125.611
115.89 126
115.9 127.393
115.91 130.779
115.92 132
115.93 130.22
115.94 126.611
115.95 125.334
115.96 126.447
115.97 130.451
115.98 132.612
115.99 131.095
116 128.665
116.01 127
116.02 127.302
116.03 129.654
116.04 132
116.05 130.336
116.06 128.666
116.07 127.333
116.08 128
116.09 130.332
116.1 129
116.11 129
116.12 128.664
116.13 127.666
116.14 129
116.15 129
116.16 129
116.17 128.666
116.18 127
116.19 127.333
116.2 128.334
116.21 129.34
116.22 130
116.23 130
116.24 128.673
116.25 127
116.26 127.222
116.27 129.334
116.28 131
116.29 130
116.3 127.665
116.31 127
116.32 128.666
116.33 130.335
116.34 130.667
116.35 128.662
116.36 127.667
116.37 127.333
116.38 129.334
116.39 131
116.4 130
116.41 129
116.42 127.611
116.43 128
116.44 129.778
116.45 130
116.46 130.611
116.47 128.622
116.48 127.611
116.49 127.389
116.5 128
116.51 130.331
116.52 131
116.53 130.668
116.54 128.651
116.55 128
116.56 128.346
116.57 129.346
116.58 130.344
116.59 130.665
116.6 128.654
116.61 127.351
116.62 128
116.63 129.345
116.64 130.322
116.65 130.655
116.66 128.668
116.67 126.667
116.68 126.334
116.69 127.333
116.7 128.662
116.71 128.669
116.72 128
116.73 127.667
116.74 128
116.75 128
116.76 128
116.77 128
116.78 129
116.79 129
116.8 129.335
116.81 130.036
116.82 130.688
116.83 129
116.84 129.268
116.85 130.395
116.86 130
116.87 131
116.88 129.612
116.89 129
116.9 129
116.91 129
116.92 129.333
116.93 129
116.94 129
116.95 129
116.96 130
116.97 129
116.98 128.668
116.99 127.669
117 126
117.01 127.333
117.02 129.332
117.03 131
117.04 130.667
117.05 128.668
117.06 126.663
117.07 126.332
117.08 128.667
117.09 131.332
117.1 131.333
117.11 128.335
117.12 125.809
117.13 127.443
117.14 130.222
117.15 132.734
117.16 131
117.17 128.222
117.18 126.395
117.19 126
117.2 128
117.21 129.387
117.22 130
117.23 129
117.24 129.112
117.25 129.609
117.26 128.608
117.27 127.611
117.28 127.773
117.29 130
117.3 130
117.31 130
117.32 129.611
117.33 128.612
117.34 129
117.35 128.389
117.36 129
117.37 130
117.38 130
117.39 130.606
117.4 128.612
117.41 128
117.42 128.516
117.43 131.267
117.44 132
117.45 130.605
117.46 128.603
117.47 127
117.48 127.4
117.49 129.387
117.5 130.612
117.51 128.616
117.52 127
117.53 127
117.54 127.338
117.55 129
117.56 127.78
117.57 126.653
117.58 127
117.59 129
117.6 129.388
117.61 129.607
117.62 129
117.63 128
117.64 128
117.65 128
117.66 129
117.67 129.393
117.68 130
117.69 129
117.7 128
117.71 128.391
117.72 128.616
117.73 129.396
117.74 130.388
117.75 131
117.76 130.609
117.77 129
117.78 127.612
117.79 126.388
117.8 128.39
117.81 131
117.82 131.383
117.83 130.611
117.84 130.233
117.85 128.388
117.86 129.333
117.87 130.779
117.88 130
117.89 127.735
117.9 127.383
117.91 129.396
117.92 131.776
117.93 132.226
117.94 129.222
117.95 124.612
117.96 125.389
117.97 128.664
117.98 132
117.99 131.664
118 128.667
118.01 125.335
118.02 125.662
118.03 129.33
118.04 131
118.05 130.336
118.06 127.338
118.07 125
118.08 126.149
118.09 128.047
118.1 129
118.11 129
118.12 128.276
118.13 129.389
118.14 131
118.15 130.618
118.16 129.612
118.17 128
118.18 128
118.19 130
118.2 131
118.21 131
118.22 131
118.23 132
118.24 133.389
118.25 132.223
118.26 127.85
118.27 123.612
118.28 125.143
118.29 129.774
118.3 132.765
118.31 133.235
118.32 131.234
118.33 127
118.34 125.78
118.35 125.523
118.36 128.382
118.37 130.387
118.38 131
118.39 129
118.4 128.613
118.41 127.388
118.42 127
118.43 127
118.44 127
118.45 128
118.46 129
118.47 129
118.48 129
118.49 127.617
118.5 126
118.51 126.391
118.52 127.382
118.53 129
118.54 129.402
118.55 129
118.56 129
118.57 128.67
118.58 128
118.59 127.33
118.6 129.33
118.61 130.326
118.62 131
118.63 131
118.64 129.664
118.65 128.671
118.66 129.33
118.67 131
118.68 132
118.69 131.669
118.7 131
118.71 131
118.72 131
118.73 129.672
118.74 126.654
118.75 126.33
118.76 128.33
118.77 130.331
118.78 132
118.79 131.671
118.8 127.669
118.81 125.67
118.82 126.795
118.83 131
118.84 131.939
118.85 130
118.86 129.67
118.87 129.329
118.88 129
118.89 129
118.9 128.329
118.91 130
118.92 130
118.93 129
118.94 127
118.95 127
118.96 127
118.97 127
118.98 128
118.99 127
119 127.244
119.01 125.379
119.02 126.381
119.03 128.382
119.04 129
119.05 129
119.06 129
119.07 129
119.08 128.226
119.09 127.387
119.1 128
119.11 129.775
119.12 131
119.13 131
119.14 129.618
119.15 128.613
119.16 128.383
119.17 129
119.18 129.765
119.19 132
119.2 132
119.21 130.248
119.22 129
119.23 129
119.24 130.085
119.25 131
119.26 131
119.27 130.235
119.28 128
119.29 128
119.3 129.382
119.31 130.383
119.32 131.618
119.33 128.613
119.34 127
119.35 127.379
119.36 129.39
119.37 130
119.38 129.421
119.39 129
119.4 127.273
119.41 128
119.42 129.395
119.43 129.599
119.44 129
119.45 127.605
119.46 127
119.47 127.395
119.48 129
119.49 129.394
119.5 129.2
119.51 127
119.52 126.606
119.53 127.394
119.54 128.909
119.55 130
119.56 130.818
119.57 131
119.58 130
119.59 128.317
119.6 125.658
119.61 127.342
119.62 129.091
119.63 131
119.64 131
119.65 129.673
119.66 128
119.67 127.662
119.68 128.381
119.69 129
119.7 130
119.71 129
119.72 129
119.73 129
119.74 130
119.75 131
119.76 131
119.77 131
119.78 128.618
119.79 128
119.8 128.381
119.81 130.606
119.82 130.619
119.83 129
119.84 128.62
119.85 126.879
119.86 126.382
119.87 128.383
119.88 130.386
119.89 131
119.9 128.614
119.91 125.618
119.92 125
119.93 125.771
119.94 129.381
119.95 129
119.96 129.618
119.97 129
119.98 128.607
119.99 127.394
120 127
120.01 128.227
120.02 130
120.03 130.398
120.04 131
120.05 129.606
120.06 129
120.07 129
120.08 129
120.09 129.378
120.1 131
120.11 130
120.12 129
120.13 129
120.14 129.341
120.15 129.659
120.16 130
120.17 130
120.18 129.654
120.19 127.663
120.2 127
120.21 128.34
120.22 130.34
120.23 131
120.24 130.66
120.25 127.661
120.26 126.66
120.27 127.341
120.28 129.342
120.29 130
120.3 129
120.31 128
120.32 128.09
120.33 129
120.34 128.909
120.35 127.659
120.36 127
120.37 127.354
120.38 129.34
120.39 130
120.4 129.306
120.41 128
120.42 127
120.43 127
120.44 127.346
120.45 128.34
120.46 130.344
120.47 131
120.48 131
120.49 130
120.5 129
120.51 128.773
120.52 128
120.53 128
120.54 129.34
120.55 131
120.56 132
120.57 130.66
120.58 129.659
120.59 126.66
120.6 126
120.61 126.682
120.62 129.34
120.63 131
120.64 130.32
120.65 128.54
120.66 127.659
120.67 126.436
120.68 129.274
120.69 130.606
120.7 128
120.71 127
120.72 128
120.73 129
120.74 130
120.75 129
120.76 127.781
120.77 127
120.78 129.38
120.79 131
120.8 131
120.81 129.346
120.82 127.676
120.83 127.316
120.84 129
120.85 130
120.86 129.673
120.87 129.326
120.88 129
120.89 130
120.9 129
120.91 129.673
120.92 128
120.93 129
120.94 130.327
120.95 130
120.96 129.662
120.97 129.673
120.98 128
120.99 128
121 129.327
121.01 130
121.02 129.679
121.03 128
121.04 127.326
121.05 128.331
121.06 129
121.07 131
121.08 130.672
121.09 130
121.1 128.674
121.11 127.326
121.12 128
121.13 129
121.14 129
121.15 128.345
121.16 127
121.17 128
121.18 128.06
121.19 129
121.2 127.673
121.21 125.67
121.22 125
121.23 125.656
121.24 128.327
121.25 129.653
121.26 129.674
121.27 129
121.28 128.674
121.29 129
121.3 128.673
121.31 129
121.32 129
121.33 129.326
121.34 130
121.35 130
121.36 130
121.37 131.325
121.38 131
121.39 130.674
121.4 129
121.41 129
121.42 129
121.43 130
121.44 131
121.45 130.675
121.46 129.941
121.47 127.924
121.48 128
121.49 128.326
121.5 130.674
121.51 129
121.52 127.675
121.53 127
121.54 127.325
121.55 129.329
121.56 129
121.57 128.673
121.58 128
121.59 128.306
121.6 129.326
121.61 130
121.62 129
121.63 128.674
121.64 128
121.65 127.673
121.66 128.335
121.67 130
121.68 131
121.69 129.674
121.7 128.673
121.71 126.673
121.72 125.674
121.73 125.325
121.74 127
121.75 128.325
121.76 129
121.77 129
121.78 127.333
121.79 126
121.8 126
121.81 126.653
121.82 129.326
121.83 130.675
121.84 130
121.85 128.675
121.86 127
121.87 128.65
121.88 131.653
121.89 133.675
121.9 132.371
121.91 129.674
121.92 128
121.93 128.033
121.94 129.326
121.95 132
121.96 131.73
121.97 129.608
121.98 127.608
121.99 127.402
122 130.393
122.01 132.397
122.02 132.616
122.03 130.216
122.04 126.811
122.05 123
122.06 124.783
122.07 129.188
122.08 132
122.09 131.607
122.1 129.214
122.11 126.608
122.12 126.392
122.13 127.391
122.14 129
122.15 129
122.16 128
122.17 128.608
122.18 129
122.19 127.608
122.2 127.608
122.21 127.393
122.22 129
122.23 128.391
122.24 127.608
122.25 127
122.26 128
122.27 130.225
122.28 131
122.29 129.608
122.3 127.613
122.31 127
122.32 128
122.33 129.336
122.34 130.34
122.35 131
122.36 130.662
122.37 130
122.38 127.663
122.39 127.341
122.4 128.337
122.41 129.334
122.42 130.338
122.43 130.664
122.44 128.667
122.45 126
122.46 127
122.47 129.323
122.48 131
122.49 131
122.5 129.351
122.51 126.678
122.52 125.317
122.53 127.646
122.54 130
122.55 130.676
122.56 128.675
122.57 126.675
122.58 126
122.59 126.324
122.6 129.668
122.61 131.324
122.62 132.666
122.63 128.992
122.64 122.987
122.65 121.675
122.66 126.672
122.67 131.672
122.68 132.337
122.69 131.666
122.7 128.324
122.71 124.664
122.72 127.001
122.73 131.324
122.74 133
122.75 131.895
122.76 129.842
122.77 128.677
122.78 128
122.79 130.649
122.8 133.325
122.81 132.676
122.82 129.676
122.83 127.367
122.84 125
122.85 126.649
122.86 131.323
122.87 131.323
122.88 131.676
122.89 130.355
122.9 127.665
122.91 125.677
122.92 125.332
122.93 127.656
122.94 129.324
122.95 130
122.96 128.337
122.97 124.676
122.98 124.323
122.99 126.673
123 128.681
123.01 130
123.02 128.675
123.03 127.35
123.04 124.324
123.05 125.67
123.06 128
123.07 129.33
123.08 130
123.09 128.676
123.1 128
123.11 128
123.12 127
123.13 127.075
123.14 129
123.15 129.277
123.16 129.621
123.17 128
123.18 127
123.19 127
123.2 127.758
123.21 130.227
123.22 131
123.23 131.471
123.24 128.741
123.25 128.376
123.26 131.642
123.27 132.677
123.28 130.488
123.29 125.612
123.3 125.378
123.31 128.779
123.32 132.379
123.33 134
123.34 132.621
123.35 130.245
123.36 127.621
123.37 128.376
123.38 129
123.39 130
123.4 128.616
123.41 128
123.42 127.215
123.43 129
123.44 129
123.45 127.237
123.46 125
123.47 124.378
123.48 126.756
123.49 129.381
123.5 131
123.51 129
123.52 126.622
123.53 125.378
123.54 126.755
123.55 129.38
123.56 131
123.57 128.622
123.58 126.244
123.59 125.756
123.6 127
123.61 128.375
123.62 129
123.63 130
123.64 128.622
123.65 128
123.66 127
123.67 128
123.68 128.387
123.69 129.375
123.7 130.378
123.71 130
123.72 129
123.73 128.39
123.74 129
123.75 129
123.76 129
123.77 129
123.78 128
123.79 128
123.8 130
123.81 129.322
123.82 129
123.83 129
123.84 128
123.85 128.674
123.86 127
123.87 127.927
123.88 128.058
123.89 129.096
123.9 130
123.91 129.323
123.92 129
123.93 127.357
123.94 127
123.95 128.316
123.96 129.324
123.97 130
123.98 130
123.99 128.677
124 127.677
124.01 126.322
124.02 128
124.03 129.322
124.04 129.677
124.05 128
124.06 126.677
124.07 126.322
124.08 128.309
124.09 129.322
124.1 130
124.11 128.783
124.12 128
124.13 128.322
124.14 129.056
124.15 131
124.16 130
124.17 129.678
124.18 128
124.19 127.668
124.2 127.323
124.21 128
124.22 130
124.23 130.321
124.24 130.357
124.25 127.677
124.26 126.677
124.27 126
124.28 126.763
124.29 129.375
124.3 130
124.31 130.677
124.32 128.69
124.33 126
124.34 127
124.35 128.322
124.36 130.322
124.37 130.678
124.38 128.678
124.39 126.675
124.4 125.323
124.41 128.332
124.42 130
124.43 131
124.44 130
124.45 129.355
124.46 127.689
124.47 126
124.48 126.326
124.49 128.129
124.5 129.322
124.51 130
124.52 130
124.53 128.782
124.54 128
124.55 127.785
124.56 127.215
124.57 129.431
124.58 131
124.59 131.679
124.6 128.68
124.61 127
124.62 127.327
124.63 129.668
124.64 131.322
124.65 131
124.66 128.678
124.67 125.678
124.68 125.644
124.69 129.321
124.7 130.331
124.71 131
124.72 130.266
124.73 128.573
124.74 126.216
124.75 127
124.76 128.216
124.77 129
124.78 129
124.79 129
124.8 128.962
124.81 128
124.82 128
124.83 129.215
124.84 130
124.85 129
124.86 127
124.87 125.68
124.88 126.329
124.89 128
124.9 129
124.91 129
124.92 129.679
124.93 127.358
124.94 125.322
124.95 126
124.96 126
124.97 127.321
124.98 128
124.99 129
125 128.678
125.01 127.679
125.02 126
125.03 126.32
125.04 128.321
125.05 130.322
125.06 132
125.07 130.679
125.08 128.678
125.09 125.676
125.1 126.322
125.11 129.321
125.12 131.642
125.13 133.68
125.14 132
125.15 130.485
125.16 128.945
125.17 128.071
125.18 129.322
125.19 131
125.2 131
125.21 128.681
125.22 125.356
125.23 125.32
125.24 127.643
125.25 131
125.26 131.68
125.27 129.358
125.28 125.678
125.29 126
125.3 128.327
125.31 130.33
125.32 131
125.33 129.36
125.34 127
125.35 127.321
125.36 129
125.37 129
125.38 129.62
125.39 129
125.4 127.624
125.41 124.626
125.42 122.62
125.43 123.375
125.44 125.76
125.45 129.374
125.46 132.381
125.47 132.62
125.48 130.24
125.49 124.86
125.5 121
125.51 123.758
125.52 127.761
125.53 131.321
125.54 132
125.55 130.786
125.56 129.76
125.57 132
125.58 133
125.59 131.251
125.6 127.229
125.61 125.374
125.62 127.761
125.63 131.749
125.64 133.62
125.65 132.62
125.66 129.629
125.67 127.62
125.68 126.38
125.69 129.372
125.7 130.777
125.71 132
125.72 131.615
125.73 129.604
125.74 126.224
125.75 123.606
125.76 123.389
125.77 125.47
125.78 128.178
125.79 130.534
125.8 131
125.81 128.616
125.82 125.332
125.83 123
125.84 123.222
125.85 125.778
125.86 129.389
125.87 131
125.88 131
125.89 129.61
125.9 127.333
125.91 126.333
125.92 127.222
125.93 129.332
125.94 130.333
125.95 130.668
125.96 130
125.97 128.668
125.98 128
125.99 129
126 130
126.01 129.336
126.02 127.332
126.03 128.331
126.04 130
126.05 129.668
126.06 129.664
126.07 128.681
126.08 128
126.09 128
126.1 128.32
126.11 129.683
126.12 129
126.13 129
126.14 130
126.15 129
126.16 127.68
126.17 126
126.18 127
126.19 128.318
126.2 129.261
126.21 130
126.22 130
126.23 128
126.24 126.68
126.25 126.323
126.26 129
126.27 130
126.28 129.682
126.29 127.804
126.3 126
126.31 127
126.32 128.39
126.33 130
126.34 130
126.35 127.607
126.36 127
126.37 127.388
126.38 129
126.39 128.611
126.4 126.612
126.41 126
126.42 127.387
126.43 129
126.44 130
126.45 131
126.46 130
126.47 128.607
126.48 127
126.49 128.388
126.5 130
126.51 129.388
126.52 129.889
126.53 128.621
126.54 128
126.55 129
126.56 129.379
126.57 129
126.58 129.609
126.59 128
126.6 128
126.61 128
126.62 128
126.63 128.736
126.64 127
126.65 126
126.66 127.384
126.67 129.388
126.68 130
126.69 127.667
126.7 126.661
126.71 126.332
126.72 128.338
126.73 129
126.74 129
126.75 129
126.76 129
126.77 128.919
126.78 128
126.79 128
126.8 128.19
126.81 129.096
126.82 130
126.83 130
126.84 129
126.85 129
126.86 129.323
126.87 130.681
126.88 131
126.89 129.626
126.9 129
126.91 128
126.92 128.681
126.93 128
126.94 127.319
126.95 128.324
126.96 130
126.97 128.787
126.98 128
126.99 126.818
127 126.38
127.01 128.377
127.02 128.379
127.03 129.621
127.04 129
127.05 128.854
127.06 128.229
127.07 127.428
127.08 128
127.09 128.681
127.1 128.319
127.11 129
127.12 128.68
127.13 127
127.14 126.68
127.15 127.317
127.16 128
127.17 127.663
127.18 128
127.19 128.67
127.2 128
127.21 128.265
127.22 128.298
127.23 128
127.24 128
127.25 127.617
127.26 127.615
127.27 128.08
127.28 129
127.29 130
127.3 130
127.31 130
127.32 129.903
127.33 129
127.34 129
127.35 129.384
127.36 131
127.37 130
127.38 129
127.39 129
127.4 129
127.41 129.7
127.42 129.78
127.43 129
127.44 128.213
127.45 129
127.46 129
127.47 128.66
127.48 128
127.49 127
127.5 127
127.51 129
127.52 129.669
127.53 129
127.54 127.67
127.55 126
127.56 127.34
127.57 128.146
127.58 129
127.59 128.908
127.6 127
127.61 126.933
127.62 126
127.63 127.379
127.64 130
127.65 130
127.66 128.621
127.67 126.243
127.68 125.389
127.69 128
127.7 129.379
127.71 130
127.72 129
127.73 128
127.74 127.213
127.75 128
127.76 128.878
127.77 129
127.78 129.788
127.79 126.546
127.8 126
127.81 127.318
127.82 129.317
127.83 131
127.84 130.788
127.85 128.546
127.86 127.683
127.87 126.068
127.88 129.068
127.89 131.071
127.9 131.67
127.91 129.672
127.92 128
127.93 129
127.94 128.666
127.95 128.329
127.96 129.67
127.97 128
127.98 127
127.99 126.672
128 126
128.01 127
128.02 127
128.03 128.341
128.04 128.33
128.05 129.33
128.06 129.67
128.07 128.67
128.08 128
128.09 127
128.1 128
128.11 129
128.12 130.292
128.13 130.737
128.14 129.236
128.15 126.225
128.16 126.382
128.17 128.387
128.18 129
128.19 129
128.2 128
128.21 126.736
128.22 126.092
128.23 128.328
128.24 131.669
128.25 132
128.26 129.011
128.27 123.671
128.28 122.658
128.29 126.659
128.3 130.328
128.31 132
128.32 130.34
128.33 127.867
128.34 126.319
128.35 125.529
128.36 129.532
128.37 131
128.38 131.618
128.39 128
128.4 126.617
128.41 125.387
128.42 127.383
128.43 130.383
128.44 131.617
128.45 129.225
128.46 125.234
128.47 124.377
128.48 126.777
128.49 129.387
128.5 130.617
128.51 128.781
128.52 126.796
128.53 126
128.54 127.382
128.55 128
128.56 129.382
128.57 130
128.58 130
128.59 128.707
128.6 128
128.61 127
128.62 127.382
128.63 129
128.64 130
128.65 129
128.66 129
128.67 129
128.68 128.382
128.69 130
128.7 130.618
128.71 129.296
128.72 127
128.73 128
128.74 129
128.75 129
128.76 129
128.77 128.623
128.78 128
128.79 129
128.8 129.377
128.81 129.24
128.82 126.377
128.83 127
128.84 129
128.85 129
128.86 129
128.87 127.239
128.88 126
128.89 126.376
128.9 128
128.91 128.623
128.92 129
128.93 129
128.94 128
128.95 129
128.96 128.622
128.97 128
128.98 129.378
128.99 129.623
129 129
129.01 127.788
129.02 126.211
129.03 128.252
129.04 129
129.05 129.249
129.06 127.623
129.07 125
129.08 124.373
129.09 127.377
129.1 130.377
129.11 131.377
129.12 133.246
129.13 130.623
129.14 126.836
129.15 124
129.16 125.377
129.17 128.377
129.18 132.131
129.19 134.385
129.2 133.914
129.21 130.061
129.22 126
129.23 125.684
129.24 125.632
129.25 128
129.26 128.662
129.27 127.673
129.28 126.669
129.29 127.219
129.3 128.759
129.31 128.923
129.32 126.912
129.33 125.074
129.34 126
129.35 128.091
129.36 129.902
129.37 128.23
129.38 129
129.39 128
129.4 128
129.41 127
129.42 126.398
129.43 127.398
129.44 129.702
129.45 132
129.46 132
129.47 130.655
129.48 127.306
129.49 125
129.5 126.692
129.51 129.346
129.52 131.347
129.53 132
129.54 129.653
129.55 128.077
129.56 125
129.57 125.694
129.58 128.348
129.59 129.277
129.6 131
129.61 130.522
129.62 129
129.63 128
129.64 128
129.65 128
129.66 129
129.67 129
129.68 129.377
129.69 129.376
129.7 129.625
129.71 128
129.72 127.624
129.73 127.376
129.74 128
129.75 129
129.76 129
129.77 128
129.78 127.916
129.79 127
129.8 126.315
129.81 127.685
129.82 126
129.83 126
129.84 127.21
129.85 128
129.86 128.907
129.87 128
129.88 128
129.89 127
129.9 127.064
129.91 128
129.92 127
129.93 128
129.94 128
129.95 129.376
129.96 132
129.97 131.647
129.98 129.603
129.99 126.615
130 126
130.01 127.393
130.02 129.383
130.03 131
130.04 129.712
130.05 129
130.06 129
130.07 129
130.08 129
130.09 129
130.1 128.619
130.11 126.784
130.12 127
130.13 128.517
130.14 129.62
130.15 129
130.16 127.619
130.17 126
130.18 127.38
130.19 128.386
130.2 129.431
