99.33 154.759
99.34 146.369
99.35 142.607
99.36 151.802
99.37 154.35
99.38 158.651
99.39 154.32
99.4 151.747
99.41 148.157
99.42 139
99.43 155.287
99.44 149.585
99.45 155.522
99.46 152
99.47 145
99.48 157.37
99.49 145.734
99.5 154.478
99.51 156.79
99.52 149.061
99.53 152.522
99.54 148.046
99.55 147.954
99.56 157.28
99.57 153.736
99.58 156.261
99.59 154.158
99.6 146.269
99.61 150.631
99.62 144.524
99.63 154.945
99.64 155.631
99.65 154.899
99.66 157.631
99.67 148.107
99.68 149.108
99.69 151.264
99.7 151
99.71 160.103
99.72 154.287
99.73 150.898
99.74 146.844
99.75 147.365
99.76 144.952
99.77 153.482
99.78 152.372
99.79 152.067
99.8 162.081
99.81 155.213
99.82 157.425
99.83 154.219
99.84 150.464
99.85 155.213
99.86 149.373
99.87 167.138
99.88 156.567
99.89 150.933
99.9 154.593
99.91 142.576
99.92 153.908
99.93 155.5
99.94 154.733
99.95 155.057
99.96 141.834
99.97 151
99.98 145.759
99.99 152.412
100 162.264
100.01 151.967
100.02 145.473
100.03 143.385
100.04 146.736
100.05 148.294
100.06 148.076
100.07 157
100.08 154.482
100.09 153.506
100.1 146.409
100.11 148.917
100.12 151.304
100.13 157.166
100.14 157.298
100.15 147.646
100.16 152.928
100.17 151.159
100.18 153.884
100.19 146.501
100.2 151.121
100.21 153.709
100.22 156.117
100.23 148.065
100.24 146.113
100.25 146.587
100.26 150.711
100.27 158.176
100.28 156.588
100.29 152.648
100.3 148.528
100.31 148.156
100.32 146.724
100.33 155.027
100.34 150.883
100.35 157
100.36 148
100.37 154.238
100.38 150.503
100.39 143.337
100.4 150.708
100.41 144.913
100.42 152.121
100.43 150.883
100.44 148
100.45 150.241
100.46 146.825
100.47 150.494
100.48 152.364
100.49 150.584
100.5 153.086
100.51 153.762
100.52 152.749
100.53 152.84
100.54 152.581
100.55 150.258
100.56 154.74
100.57 153.769
100.58 154.16
100.59 156.905
100.6 148.101
100.61 156.333
100.62 150.206
100.63 157.318
100.64 156.933
100.65 157.355
100.66 160.169
100.67 145.766
100.68 148.062
100.69 152.413
100.7 160.237
100.71 164.293
100.72 154.422
100.73 148
100.74 141.105
100.75 145
100.76 152.631
100.77 154.611
100.78 165.428
100.79 149.249
100.8 146.364
100.81 145.937
100.82 150
100.83 153.1
100.84 154.898
100.85 156.104
100.86 148.794
100.87 142.268
100.88 145.946
100.89 149.059
100.9 153.833
100.91 163.397
100.92 153.459
100.93 153.367
100.94 145.495
100.95 153.198
100.96 154.835
100.97 153.378
100.98 155.17
100.99 151.175
101 146.265
101.01 147.489
101.02 150.147
101.03 152.301
101.04 159.43
101.05 149.902
101.06 148.733
101.07 150.558
101.08 149.47
101.09 156.733
101.1 153.463
101.11 157.34
101.12 154.454
101.13 150.421
101.14 147.394
101.15 145.606
101.16 151.394
101.17 151.577
101.18 155.211
101.19 154.393
101.2 156.395
101.21 148.818
101.22 148.211
101.23 147.572
101.24 149.434
101.25 159.234
101.26 150.779
101.27 150.031
101.28 155.184
101.29 148
101.3 149.849
101.31 144.97
101.32 146.212
101.33 152.394
101.34 152.577
101.35 158.213
101.36 150.113
101.37 151
101.38 152
101.39 150.214
101.4 150.574
101.41 156
101.42 155.788
101.43 148.819
101.44 152.828
101.45 149.106
101.46 150.893
101.47 153.462
101.48 151.633
101.49 153.154
101.5 153.074
101.51 152.769
101.52 159.403
101.53 157
101.54 163
101.55 156.528
101.56 144.23
101.57 143.768
101.58 149.615
101.59 155.384
101.6 157.763
101.61 161.243
101.62 157.261
101.63 149
101.64 147.497
101.65 149.102
101.66 154.19
101.67 161.903
101.68 151.167
101.69 151.097
101.7 147
101.71 145.731
101.72 150.338
101.73 149.845
101.74 147.387
101.75 147.75
101.76 148.118
101.77 145.376
101.78 154.128
101.79 150.747
101.8 153.507
101.81 152
101.82 144.979
101.83 144.413
101.84 149.85
101.85 148.519
101.86 155.386
101.87 153.318
101.88 146.309
101.89 152.536
101.9 142.696
101.91 153.159
101.92 146.924
101.93 154
101.94 154.541
101.95 148.846
101.96 154.098
101.97 148.905
101.98 152.824
101.99 150.902
102 152.545
102.01 151.285
102.02 156.807
102.03 155.179
102.04 150.819
102.05 155.896
102.06 152.05
102.07 153
102.08 158.714
102.09 152.129
102.1 154.177
102.11 153.272
102.12 150.1
102.13 159.553
102.14 156.86
102.15 157.172
102.16 151.366
102.17 147.814
102.18 147.194
102.19 154.494
102.2 150.268
102.21 150.67
102.22 153.634
102.23 148.635
102.24 153.733
102.25 147.27
102.26 151.268
102.27 153.462
102.28 151.537
102.29 150.826
102.3 151.901
102.31 143.636
102.32 148
102.33 146.245
102.34 146
102.35 155.848
102.36 150.365
102.37 153.378
102.38 151.462
102.39 152.327
102.4 150.011
102.41 151.34
102.42 153.738
102.43 158.908
102.44 151.732
102.45 152.906
102.46 155.169
102.47 148
102.48 156
102.49 154.185
102.5 153.908
102.51 155.473
102.52 153.938
102.53 151.944
102.54 154
102.55 153.705
102.56 159.642
102.57 152.202
102.58 154.713
102.59 152.102
102.6 149.647
102.61 156.515
102.62 147.415
102.63 151.054
102.64 157.117
102.65 150.016
102.66 152.969
102.67 149.594
102.68 147.215
102.69 152.132
102.7 150.444
102.71 154.803
102.72 151.785
102.73 150
102.74 146.987
102.75 152.543
102.76 153.313
102.77 158.223
102.78 150.797
102.79 152.797
102.8 146.005
102.81 147.537
102.82 149.466
102.83 151.771
102.84 154.23
102.85 154.361
102.86 153.179
102.87 149.849
102.88 149.845
102.89 149.873
102.9 147.409
102.91 162.781
102.92 152.7
102.93 155.665
102.94 150.181
102.95 149.276
102.96 150.773
102.97 159.24
102.98 158.363
102.99 152.771
103 153.182
103.01 144.628
103.02 153
103.03 148.273
103.04 154.174
103.05 156.181
103.06 154
103.07 153.408
103.08 147.409
103.09 145.59
103.1 149
103.11 150.429
103.12 156.152
103.13 153.82
103.14 155
103.15 150.763
103.16 149.299
103.17 152.456
103.18 152.095
103.19 150.311
103.2 151.209
103.21 147.636
103.22 152.914
103.23 153
103.24 158.147
103.25 152.703
103.26 150.702
103.27 149.987
103.28 146.852
103.29 148.794
103.3 153.405
103.31 149.412
103.32 154.19
103.33 148.171
103.34 146.065
103.35 151.411
103.36 142.822
103.37 155.402
103.38 150.409
103.39 158.758
103.4 150.206
103.41 150.8
103.42 148.059
103.43 157
103.44 153.228
103.45 155.952
103.46 154.217
103.47 146.599
103.48 152.801
103.49 153.688
103.5 158.705
103.51 148.575
103.52 152.891
103.53 148.636
103.54 153.274
103.55 152.354
103.56 160.889
103.57 147.181
103.58 149.827
103.59 151.523
103.6 147.542
103.61 155.307
103.62 148.642
103.63 152.183
103.64 152.733
103.65 150.451
103.66 150.365
103.67 148
103.68 148.91
103.69 154.362
103.7 154.091
103.71 149.355
103.72 149.974
103.73 154.856
103.74 149.982
103.75 156.363
103.76 153.819
103.77 151.322
103.78 152.377
103.79 153.665
103.8 150.815
103.81 155.276
103.82 158.378
103.83 152.512
103.84 157.916
103.85 154.256
103.86 155.273
103.87 156.376
103.88 152.724
103.89 148.18
103.9 149
103.91 148.894
103.92 152.886
103.93 146.086
103.94 153.089
103.95 153.709
103.96 150.181
103.97 146.909
103.98 153.188
103.99 145.906
104 156.801
104.01 146.164
104.02 149.79
104.03 145.504
104.04 151.655
104.05 153.609
104.06 154.413
104.07 151.672
104.08 148.422
104.09 149.179
104.1 146.273
104.11 151.091
104.12 153.276
104.13 153.848
104.14 146.91
104.15 148.3
104.16 156.004
104.17 155.725
104.18 156.274
104.19 153.135
104.2 145.56
104.21 150
104.22 153.45
104.23 151
104.24 155.893
104.25 159.133
104.26 154.544
104.27 152.184
104.28 150.737
104.29 142.708
104.3 157.796
104.31 146.313
104.32 164.217
104.33 150.158
104.34 150.354
104.35 158.612
104.36 144.631
104.37 155.409
104.38 150.634
104.39 158.042
104.4 150.226
104.41 152.921
104.42 148.396
104.43 146.09
104.44 158
104.45 153.25
104.46 153.663
104.47 152.328
104.48 149.223
104.49 150.408
104.5 148.546
104.51 151.817
104.52 154.592
104.53 148.367
104.54 152.444
104.55 149.73
104.56 149.229
104.57 151.818
104.58 150.957
104.59 153.448
104.6 155.158
104.61 148.725
104.62 151.033
104.63 150.727
104.64 151.82
104.65 149
104.66 151.764
104.67 155.183
104.68 150
104.69 149.087
104.7 153.841
104.71 151.081
104.72 152.586
104.73 153
104.74 152.632
104.75 152.96
104.76 150.039
104.77 158.766
104.78 148.416
104.79 151.92
104.8 147.491
104.81 153.592
104.82 160.324
104.83 150.677
104.84 160.53
104.85 144.55
104.86 146.209
104.87 151
104.88 150.184
104.89 158.075
104.9 160.101
104.91 154.081
104.92 156.316
104.93 149.262
104.94 156.225
104.95 155.937
104.96 156.656
104.97 158.592
104.98 152.736
104.99 144.407
105 148.366
105.01 143.038
105.02 157.051
105.03 151.224
105.04 154.449
105.05 153.395
105.06 141.593
105.07 149.353
105.08 143.684
105.09 155.588
105.1 156
105.11 146.589
105.12 151.776
105.13 143
105.14 152.358
105.15 153.244
105.16 156.353
105.17 153.714
105.18 157.092
105.19 143.701
105.2 145.047
105.21 154.651
105.22 155.05
105.23 160.604
105.24 153.286
105.25 150.45
105.26 147.739
105.27 148.813
105.28 152.699
105.29 155.96
105.3 155.262
105.31 154.078
105.32 146.095
105.33 153.454
105.34 149.199
105.35 155.297
105.36 151.6
105.37 154.4
105.38 155.8
105.39 146.6
105.4 149.784
105.41 148.52
105.42 155.038
105.43 152.154
105.44 149.368
105.45 157.629
105.46 149.407
105.47 148.222
105.48 155.149
105.49 147.698
105.5 153.148
105.51 155.37
105.52 148.032
105.53 150
105.54 151.779
105.55 150.258
105.56 154.187
105.57 154.523
105.58 153.739
105.59 154.792
105.6 147.172
105.61 150.805
105.62 152.3
105.63 155.6
105.64 155.008
105.65 151.734
105.66 153.101
105.67 148.402
105.68 150.396
105.69 151.804
105.7 148.414
105.71 155.591
105.72 157.196
105.73 155
105.74 150.203
105.75 152.698
105.76 152.594
105.77 152.391
105.78 157.043
105.79 158.654
105.8 154.576
105.81 157.259
105.82 148.902
105.83 151.631
105.84 150.803
105.85 150.561
105.86 150.546
105.87 154.776
105.88 156.774
105.89 149.392
105.9 148.619
105.91 148.39
105.92 153.607
105.93 146.685
105.94 152.574
105.95 145.16
105.96 145
105.97 146
105.98 142.421
105.99 150.496
106 151.048
106.01 153.621
106.02 154.62
106.03 146.632
106.04 151.721
106.05 151.361
106.06 151.366
106.07 152.64
106.08 152.186
106.09 147.952
106.1 150.207
106.11 153.718
106.12 150.721
106.13 155.514
106.14 150.813
106.15 152.813
106.16 150.594
106.17 156.814
106.18 155.243
106.19 154.956
106.2 155.932
106.21 152.463
106.22 145.118
106.23 149.026
106.24 152
106.25 156
106.26 155.087
106.27 155.474
106.28 154.045
106.29 148
106.3 150.257
106.31 149.695
106.32 158.043
106.33 156
106.34 153.51
106.35 151.631
106.36 148.958
106.37 151.948
106.38 154.843
106.39 156.523
106.4 155.144
106.41 146.594
106.42 146.653
106.43 150.373
106.44 149.814
106.45 156
106.46 153.627
106.47 149.187
106.48 148.807
106.49 146.345
106.5 148.438
106.51 153.781
106.52 156.46
106.53 157
106.54 150.243
106.55 150.136
106.56 153.465
106.57 147.239
106.58 152.483
106.59 149.996
106.6 150.122
106.61 150.413
106.62 147.662
106.63 159.348
106.64 151.35
106.65 153.241
106.66 147.938
106.67 153.753
106.68 158
106.69 152.113
106.7 155.55
106.71 148.52
106.72 149.469
106.73 152.416
106.74 151.929
106.75 155.594
106.76 154.58
106.77 150.193
106.78 148.192
106.79 151.841
106.8 149.59
106.81 154.79
106.82 152
106.83 151.194
106.84 150.21
106.85 148.592
106.86 150
106.87 147.203
106.88 160.387
106.89 156.214
106.9 151.403
106.91 147.204
106.92 141.797
106.93 150.797
106.94 147.19
106.95 152.795
106.96 155.399
106.97 151.797
106.98 154
106.99 154
107 145.63
107.01 154.823
107.02 149
107.03 154.994
107.04 157.985
107.05 149.195
107.06 157.197
107.07 146.818
107.08 151.996
107.09 155.659
107.1 148
107.11 150.959
107.12 150.273
107.13 157.956
107.14 152.261
107.15 154.663
107.16 157.244
107.17 151.742
107.18 155.227
107.19 152.638
107.2 154.352
107.21 147.507
107.22 155.891
107.23 152.868
107.24 154.624
107.25 149.378
107.26 150
107.27 152.633
107.28 152.281
107.29 155.43
107.3 150.492
107.31 149.867
107.32 153.565
107.33 156
107.34 152.359
107.35 154.367
107.36 155.659
107.37 152.386
107.38 151.488
107.39 153.642
107.4 148.844
107.41 152.071
107.42 148.781
107.43 160.557
107.44 151.23
107.45 144.856
107.46 152.01
107.47 150.901
107.48 153.643
107.49 149.568
107.5 151.41
107.51 146.487
107.52 152
107.53 152.218
107.54 151.245
107.55 151.073
107.56 152.722
107.57 157.888
107.58 150.432
107.59 155.86
107.6 149.79
107.61 144.803
107.62 144.72
107.63 152.794
107.64 154.283
107.65 156.642
107.66 151.909
107.67 152.621
107.68 151.187
107.69 148.189
107.7 146.371
107.71 151.808
107.72 152.388
107.73 156.074
107.74 149
107.75 151.777
107.76 151.219
107.77 147.381
107.78 155.795
107.79 149.387
107.8 153.9
107.81 151.312
107.82 149.656
107.83 151.723
107.84 151.654
107.85 150.075
107.86 152.38
107.87 148.489
107.88 150
107.89 153.814
107.9 149
107.91 157.587
107.92 154.014
107.93 152.381
107.94 155.006
107.95 150.585
107.96 151.205
107.97 147.218
107.98 143.567
107.99 153.041
108 148.95
108.01 161.383
108.02 157.029
108.03 149
108.04 145.77
108.05 152.094
108.06 155.834
108.07 154.396
108.08 154.205
108.09 151.587
108.1 155.81
108.11 149.322
108.12 152.795
108.13 150.966
108.14 147.853
108.15 155.69
108.16 154.206
108.17 156.206
108.18 151.602
108.19 149.191
108.2 148.821
108.21 149.794
108.22 148.988
108.23 148.008
108.24 151.397
108.25 147.767
108.26 146.189
108.27 155.312
108.28 147.604
108.29 154.777
108.3 153.77
108.31 148.81
108.32 156.958
108.33 148
108.34 157.068
108.35 157.349
108.36 149.729
108.37 155.301
108.38 148.393
108.39 151.687
108.4 154.345
108.41 150
108.42 156.704
108.43 149.382
108.44 160.366
108.45 152.215
108.46 150.185
108.47 147.404
108.48 145.82
108.49 150.078
108.5 152.553
108.51 150.953
108.52 156.409
108.53 151.851
108.54 152.124
108.55 152.889
108.56 147.423
108.57 153
108.58 149.638
108.59 155.203
108.6 153.804
108.61 152.049
108.62 148.54
108.63 148.625
108.64 151.793
108.65 157.206
108.66 152.499
108.67 150.363
108.68 145.397
108.69 149.611
108.7 148.885
108.71 151
108.72 155
108.73 149.115
108.74 145.073
108.75 153.682
108.76 150.217
108.77 153.767
108.78 152.577
108.79 150.825
108.8 148.218
108.81 150.814
108.82 156.404
108.83 150.269
108.84 157.647
108.85 153.191
108.86 152
108.87 152.186
108.88 147.19
108.89 152.83
108.9 149.809
108.91 156
108.92 158.82
108.93 153.191
108.94 153.232
108.95 151.419
108.96 155.67
108.97 157.494
108.98 155.087
108.99 155.136
109 143.12
109.01 149.644
109.02 159.073
109.03 153.946
109.04 157.694
109.05 146.117
109.06 149.596
109.07 150.214
109.08 146.981
109.09 155.59
109.1 157.193
109.11 153.404
109.12 149.382
109.13 149.209
109.14 145
109.15 149.546
109.16 157.214
109.17 155.429
109.18 160.154
109.19 147.945
109.2 147.98
109.21 153
109.22 145.211
109.23 156
109.24 149.572
109.25 152.354
109.26 153.937
109.27 147.356
109.28 150.082
109.29 147.418
109.3 147.526
109.31 154.674
109.32 145.713
109.33 151.829
109.34 148.358
109.35 154.094
109.36 151.709
109.37 153.184
109.38 157.773
109.39 151.205
109.4 153.042
109.41 154.728
109.42 151.602
109.43 158.688
109.44 153.952
109.45 147.655
109.46 155.575
109.47 149.373
109.48 149.315
109.49 154.28
109.5 155.792
109.51 154.836
109.52 147.813
109.53 156.965
109.54 147.225
109.55 155.382
109.56 153.211
109.57 156.394
109.58 156.768
109.59 147.418
109.6 146.235
109.61 153.563
109.62 149.58
109.63 155.236
109.64 152.186
109.65 148.647
109.66 155.765
109.67 148.228
109.68 154
109.69 153.395
109.7 154
109.71 149.945
109.72 151
109.73 149.394
109.74 149.907
109.75 154.397
109.76 150.421
109.77 153
109.78 155.796
109.79 150.444
109.8 150.166
109.81 150.421
109.82 153.353
109.83 157.209
109.84 156.628
109.85 156.979
109.86 153.047
109.87 144.42
109.88 144.792
109.89 149.034
109.9 158.395
109.91 156.185
109.92 161.23
109.93 146.419
109.94 147.596
109.95 147.762
109.96 150.396
109.97 155.187
109.98 158.622
109.99 158
110 150.913
110.01 147.09
110.02 144.453
110.03 151
110.04 150.184
110.05 153.606
110.06 153
110.07 151.211
110.08 151.605
110.09 145.206
110.1 154.769
110.11 146.212
110.12 150.396
110.13 153.394
110.14 145.013
110.15 156.101
110.16 151.582
110.17 149.834
110.18 150.595
110.19 152
110.2 157.409
110.21 149
110.22 151.226
110.23 148.409
110.24 153
110.25 156.017
110.26 154.377
110.27 154.42
110.28 150.387
110.29 150.235
110.3 153.545
110.31 151.597
110.32 155.593
110.33 152.166
110.34 151.984
110.35 155.63
110.36 148.389
110.37 156.806
110.38 149.398
110.39 154.029
110.4 151.155
110.41 152.813
110.42 148.366
110.43 150.852
110.44 155.181
110.45 149.794
110.46 156.473
110.47 145.236
110.48 154.307
110.49 152.826
110.5 147.193
110.51 152.21
110.52 151.583
110.53 145.25
110.54 152.354
110.55 152.936
110.56 150.061
110.57 152
110.58 150.781
110.59 146.024
110.6 154.547
110.61 154.053
110.62 150
110.63 154.613
110.64 148.654
110.65 153.987
110.66 150.611
110.67 149.776
110.68 155
110.69 150.014
110.7 153.206
110.71 153
110.72 154.592
110.73 151.367
110.74 153.817
110.75 156.028
110.76 147
110.77 152.606
110.78 153
110.79 151.394
110.8 155
110.81 154.211
110.82 149.434
110.83 149.605
110.84 147.395
110.85 153.791
110.86 154
110.87 157.211
110.88 151.733
110.89 151.633
110.9 146.762
110.91 149
110.92 151.394
110.93 146.21
110.94 156.971
110.95 151.395
110.96 152.449
110.97 147.328
110.98 150.73
110.99 157.818
111 148
111.01 151
111.02 150.815
111.03 147.184
111.04 150.81
111.05 154.422
111.06 148.787
111.07 151.606
111.08 149.606
111.09 148.394
111.1 151.183
111.11 156.516
111.12 153.596
111.13 155.418
111.14 154.818
111.15 150.682
111.16 152.532
111.17 136.944
111.18 157.394
111.19 160.584
111.2 154.368
111.21 158.21
111.22 152.637
111.23 147
111.24 148.194
111.25 157.274
111.26 155.658
111.27 162
111.28 151
111.29 146.887
111.3 145.413
111.31 151.68
111.32 156.346
111.33 157.977
111.34 155.386
111.35 150.978
111.36 143.611
111.37 147.575
111.38 153.786
111.39 155.573
111.4 158.8
111.41 151.738
111.42 150.456
111.43 144.82
111.44 142.013
111.45 153
111.46 153
111.47 155.082
111.48 153.15
111.49 142
111.5 143
111.51 148.359
111.52 148.68
111.53 161.339
111.54 154.68
111.55 154.57
111.56 149.824
111.57 142.322
111.58 151.681
111.59 151.34
111.6 157.981
111.61 157.661
111.62 153.98
111.63 151.349
111.64 146.964
111.65 153.746
111.66 158.738
111.67 153.805
111.68 156.393
111.69 144.517
111.7 147.883
111.71 152.297
111.72 154.536
111.73 157
111.74 151
111.75 155.03
111.76 156.697
111.77 155.775
111.78 153.358
111.79 149.889
111.8 140.184
111.81 153.357
111.82 151.298
111.83 149.3
111.84 158.181
111.85 154.465
111.86 150.063
111.87 151.649
111.88 144.591
111.89 150.356
111.9 151.809
111.91 154.485
111.92 146.765
111.93 148.086
111.94 155.127
111.95 152.758
111.96 149.941
111.97 146.352
111.98 155.352
111.99 151.595
112 148.46
112.01 152.407
112.02 148.245
112.03 153.853
112.04 147
112.05 147.564
112.06 156.943
112.07 148.428
112.08 148.361
112.09 149.157
112.1 152.286
112.11 155.398
112.12 157.402
112.13 148.797
112.14 153.99
112.15 150.211
112.16 155.995
112.17 155.797
112.18 153.594
112.19 152.599
112.2 152.093
112.21 142.595
112.22 145.799
112.23 155.344
112.24 154.235
112.25 162.438
112.26 161
112.27 153.389
112.28 149.618
112.29 140.791
112.3 146.009
112.31 158.798
112.32 156.204
112.33 157.212
112.34 155.015
112.35 139.595
112.36 144.258
112.37 151
112.38 155.594
112.39 153.191
112.4 155.036
112.41 152.608
112.42 141.43
112.43 154.923
112.44 157.899
112.45 146.607
112.46 154.822
112.47 147.607
112.48 144.368
112.49 156.992
112.5 150.798
112.51 156.272
112.52 152.826
112.53 147.96
112.54 149.067
112.55 145.717
112.56 151.804
112.57 164.195
112.58 149.072
112.59 157.244
112.6 154.638
112.61 145.046
112.62 153
112.63 149.029
112.64 153.349
112.65 155.61
112.66 156.349
112.67 152.157
112.68 143.674
112.69 151.695
112.7 148.654
112.71 154.047
112.72 151.608
112.73 151.677
112.74 150.95
112.75 149
112.76 151.054
112.77 159.642
112.78 152.033
112.79 156.631
112.8 148.984
112.81 144.941
112.82 152.355
112.83 151.824
112.84 154.624
112.85 156.764
112.86 148.338
112.87 146.323
112.88 151.675
112.89 146.678
112.9 150.641
112.91 153.706
112.92 155.648
112.93 152.661
112.94 144.6
112.95 146.733
112.96 149
112.97 151.119
112.98 159.174
112.99 157.071
113 151.359
113.01 151.786
113.02 146.393
113.03 151.693
113.04 152.485
113.05 161.985
113.06 156.973
113.07 148.001
113.08 155.676
113.09 146.982
113.1 151.36
113.11 157.327
113.12 151.974
113.13 158
113.14 149.677
113.15 149.337
113.16 152
113.17 153.988
113.18 153.977
113.19 153.325
113.2 150
113.21 152.442
113.22 150.95
113.23 149.173
113.24 147.679
113.25 149.661
113.26 149.337
113.27 148.65
113.28 151.369
113.29 145.627
113.3 151.367
113.31 149.674
113.32 154.646
113.33 151.337
113.34 148.973
113.35 151.689
113.36 150.649
113.37 153.69
113.38 152.986
113.39 151.652
113.4 150.662
113.41 150.663
113.42 152.773
113.43 152.608
113.44 154.013
113.45 149.174
113.46 146.822
113.47 149.59
113.48 148.609
113.49 152.608
113.5 156
113.51 151.783
113.52 151
113.53 149.601
113.54 151
113.55 151.375
113.56 154.822
113.57 159.392
113.58 151.431
113.59 155.784
113.6 147.309
113.61 146.74
113.62 151.608
113.63 157.79
113.64 156.426
113.65 156
113.66 151
113.67 150.038
113.68 147.177
113.69 153.739
113.7 161.048
113.71 160.566
113.72 150.646
113.73 146.608
113.74 143.261
113.75 147.034
113.76 155.02
113.77 158.33
113.78 157.026
113.79 154.541
113.8 146.967
113.81 144.689
113.82 147.918
113.83 150.946
113.84 156.876
113.85 153
113.86 152.02
113.87 156.98
113.88 147.705
113.89 152.331
113.9 147.33
113.91 146.029
113.92 156.305
113.93 148.675
113.94 155.674
113.95 149.994
113.96 149.35
113.97 153.326
113.98 149.326
113.99 150.336
114 157.674
114.01 149.774
114.02 154.825
114.03 148.825
114.04 154.012
114.05 150
114.06 151.654
114.07 151.068
114.08 154.325
114.09 158.67
114.1 152.651
114.11 153.023
114.12 149.651
114.13 146.768
114.14 153.568
114.15 153.018
114.16 153.078
114.17 151.408
114.18 152.609
114.19 147.782
114.2 151.525
114.21 151.738
114.22 152
114.23 151
114.24 149.992
114.25 141.387
114.26 151.675
114.27 148.43
114.28 150.265
114.29 158.435
114.3 151.39
114.31 148.345
114.32 145.788
114.33 152
114.34 153.174
114.35 155.217
114.36 154.903
114.37 153.632
114.38 150
114.39 148.788
114.4 152.876
114.41 153.98
114.42 152
114.43 156.336
114.44 152.336
114.45 150.685
114.46 155.647
114.47 146.664
114.48 157.996
114.49 147.674
114.5 158.977
114.51 152.686
114.52 144.087
114.53 153.464
114.54 151.653
114.55 147.335
114.56 149.674
114.57 151.635
114.58 148.957
114.59 153.043
114.6 149.957
114.61 153.822
114.62 146.114
114.63 149.97
114.64 148.672
114.65 154.078
114.66 149.579
114.67 150.081
114.68 145.908
114.69 149.743
114.7 157.218
114.71 146.397
114.72 151.61
114.73 153.155
114.74 152.828
114.75 154.812
114.76 155.275
114.77 148.329
114.78 149.808
114.79 151.349
114.8 155.415
114.81 150.955
114.82 155.78
114.83 156.045
114.84 146.996
114.85 154.006
114.86 155.477
114.87 153.082
114.88 153.011
114.89 154
114.9 157.609
114.91 155.109
114.92 152.309
114.93 152.609
114.94 151.785
114.95 151.173
114.96 155.217
114.97 149.734
114.98 153.406
114.99 151.399
115 149.398
115.01 153.727
115.02 151.463
115.03 151.098
115.04 155.23
115.05 152.386
115.06 152.537
115.07 147.742
115.08 155.196
115.09 161
115.1 153.802
115.11 157
115.12 147.607
115.13 149.799
115.14 148.993
115.15 153.406
115.16 155.395
115.17 155.109
115.18 158.114
115.19 146.43
115.2 145.563
115.21 144.041
115.22 159.045
115.23 152.782
115.24 142.537
115.25 161.343
115.26 135
115.27 151.676
115.28 145.335
115.29 152.915
115.3 156.914
115.31 149.831
115.32 152.761
115.33 150.968
115.34 147.672
115.35 142.665
115.36 148.333
115.37 143.01
115.38 150.995
115.39 158.699
115.4 156.097
115.41 146.695
115.42 151.662
115.43 145.334
115.44 150.315
115.45 156.019
115.46 157.966
115.47 150.325
115.48 148
115.49 153.688
115.5 146.953
115.51 156.561
115.52 152.39
115.53 154.828
115.54 147.489
115.55 153.068
115.56 148.23
115.57 152.649
115.58 156.39
115.59 152.439
115.6 156.171
115.61 151.78
115.62 155.441
115.63 150.358
115.64 153.216
115.65 150.8
115.66 157.442
115.67 151.805
115.68 151.173
115.69 153.905
115.7 150.335
115.71 152
115.72 149.719
115.73 151.667
115.74 153.997
115.75 154.112
115.76 151.997
115.77 153.999
115.78 146.669
115.79 150.667
115.8 154.009
115.81 150.326
115.82 162.347
115.83 153.663
115.84 151.446
115.85 146.833
115.86 151.048
115.87 153.286
115.88 155.886
115.89 156.725
115.9 151.641
115.91 147
115.92 151.168
115.93 151.83
115.94 153.611
115.95 156.334
115.96 151.223
115.97 152.324
115.98 145.388
115.99 149.618
116 152
116.01 151.333
116.02 150.207
116.03 150.404
116.04 148.004
116.05 147.668
116.06 157.995
116.07 147.998
116.08 150.989
116.09 154.327
116.1 148.601
116.11 152.336
116.12 152.336
116.13 151.002
116.14 152.668
116.15 154
116.16 148.667
116.17 152.665
116.18 153.337
116.19 152
116.2 152.666
116.21 149.039
116.22 152.183
116.23 152.337
116.24 151.654
116.25 155.333
116.26 156.222
116.27 149.002
116.28 151.667
116.29 153.665
116.3 153.665
116.31 152.337
116.32 153.332
116.33 149.673
116.34 155.672
116.35 150.351
116.36 155.001
116.37 151.998
116.38 151
116.39 152.666
116.4 148.953
116.41 156.61
116.42 151.223
116.43 158.211
116.44 150.333
116.45 145.449
116.46 154.331
116.47 151
116.48 155.223
116.49 152.557
116.5 155.905
116.51 150.339
116.52 145.002
116.53 151.668
116.54 153.349
116.55 152
116.56 153.616
116.57 148
116.58 147.656
116.59 148.662
116.6 150.346
116.61 152.351
116.62 149.655
116.63 155.725
116.64 147.678
116.65 149
116.66 152.665
116.67 153.002
116.68 154.669
116.69 151.667
116.7 153.971
116.71 153.331
116.72 149.346
116.73 154.335
116.74 154.832
116.75 157.664
116.76 149.672
116.77 154.109
116.78 153
116.79 149.553
116.8 152.662
116.81 146.326
116.82 155
116.83 148.95
116.84 147.535
116.85 152.395
116.86 148.223
116.87 152.178
116.88 149.941
116.89 151.619
116.9 150.333
116.91 154.333
116.92 149
116.93 154.007
116.94 153.369
116.95 151.341
116.96 150.305
116.97 146.665
116.98 154.668
116.99 153.331
117 154.662
117.01 152
117.02 149
117.03 149.33
117.04 152.333
117.05 151.332
117.06 157.675
117.07 153.332
117.08 147.666
117.09 146.986
117.1 150.666
117.11 151.997
117.12 154.662
117.13 154.329
117.14 149.222
117.15 155.61
117.16 150.876
117.17 151.055
117.18 154.763
117.19 155.439
117.2 153.778
117.21 151.162
117.22 150.611
117.23 148.723
117.24 154.442
117.25 150.782
117.26 153.784
117.27 153.833
117.28 152.319
117.29 152.925
117.3 151.534
117.31 154.166
117.32 151.888
117.33 151.777
117.34 153.814
117.35 151.055
117.36 153.116
117.37 148.516
117.38 148.611
117.39 153.819
117.4 148
117.41 154.091
117.42 145.549
117.43 149.2
117.44 149
117.45 151.977
117.46 155.206
117.47 153.413
117.48 149.4
117.49 152.162
117.5 148.836
117.51 153.384
117.52 152.165
117.53 151
117.54 153.65
117.55 147.885
117.56 152.22
117.57 155
117.58 151.974
117.59 157.612
117.6 148.492
117.61 153.461
117.62 152.363
117.63 151.447
117.64 152.388
117.65 153.062
117.66 152.616
117.67 151.753
117.68 150.449
117.69 151.612
117.7 156.539
117.71 150.909
117.72 155.773
117.73 153.396
117.74 152.777
117.75 147.149
117.76 152.652
117.77 152.717
117.78 154.612
117.79 151.612
117.8 153
117.81 149.198
117.82 148.833
117.83 150.445
117.84 155.698
117.85 153.107
117.86 149.67
117.87 150.442
117.88 149.764
117.89 155.676
117.9 147.297
117.91 148.604
117.92 147.776
117.93 151.226
117.94 155.556
117.95 153.835
117.96 154.389
117.97 144.66
117.98 150.338
117.99 152.672
118 150.329
118.01 159.337
118.02 149.655
118.03 150.34
118.04 146.657
118.05 154.005
118.06 154.338
118.07 159.669
118.08 158.406
118.09 152.187
118.1 156.697
118.11 153.548
118.12 148.551
118.13 147
118.14 152.92
118.15 150.618
118.16 154.55
118.17 152.558
118.18 151.231
118.19 148.604
118.2 148.978
118.21 149.631
118.22 148.573
118.23 153.418
118.24 148.556
118.25 145.777
118.26 155.383
118.27 149.776
118.28 153.143
118.29 146.289
118.3 152.444
118.31 146.176
118.32 150.617
118.33 148.098
118.34 155.458
118.35 151.523
118.36 149.473
118.37 146.16
118.38 153.618
118.39 151.609
118.4 154.838
118.41 147.94
118.42 151.225
118.43 154.468
118.44 150.561
118.45 155.387
118.46 153.474
118.47 150.163
118.48 154.449
118.49 150.149
118.5 155.226
118.51 157.564
118.52 153.526
118.53 156.893
118.54 151.811
118.55 155.482
118.56 154.791
118.57 151.011
118.58 153.981
118.59 154.67
118.6 154.35
118.61 153.958
118.62 150.047
118.63 152.317
118.64 150.673
118.65 155.707
118.66 151.311
118.67 153.011
118.68 151.983
118.69 154.351
118.7 150.34
118.71 146.651
118.72 151.348
118.73 156.295
118.74 158.307
118.75 156.019
118.76 152.34
118.77 153.008
118.78 148.008
118.79 148.659
118.8 150.645
118.81 158.011
118.82 152
118.83 148.449
118.84 146
118.85 146.97
118.86 147.71
118.87 147.259
118.88 151.377
118.89 150.314
118.9 151.315
118.91 152.022
118.92 144.996
118.93 152.964
118.94 151.013
118.95 154.349
118.96 151.593
118.97 152.288
118.98 153.908
118.99 145
119 154.354
119.01 152.165
119.02 154.715
119.03 152
119.04 152.91
119.05 154.689
119.06 151.237
119.07 151.183
119.08 154.451
119.09 154.936
119.1 152.061
119.11 152.488
119.12 153.65
119.13 150.09
119.14 151
119.15 153.68
119.16 149.679
119.17 157.628
119.18 147.678
119.19 151.484
119.2 149.297
119.21 155.376
119.22 152.705
119.23 147.135
119.24 151.83
119.25 149.617
119.26 149.511
119.27 155.705
119.28 155.53
119.29 148.865
119.3 152.09
119.31 146.53
119.32 152
119.33 151.546
119.34 155.47
119.35 153.379
119.36 148.61
119.37 152.903
119.38 150.211
119.39 150.683
119.4 148.456
119.41 157.239
119.42 153.789
119.43 148.198
119.44 153.369
119.45 152.236
119.46 153.763
119.47 152.21
119.48 153.815
119.49 150.576
119.5 155.2
119.51 153.183
119.52 152.817
119.53 151
119.54 150.091
119.55 149.05
119.56 152.637
119.57 149.289
119.58 151.658
119.59 158
119.6 155.947
119.61 152.658
119.62 151
119.63 152.73
119.64 148.465
119.65 153
119.66 154.313
119.67 156.944
119.68 148.762
119.69 149.968
119.7 150.782
119.71 149
119.72 158.389
119.73 151.51
119.74 149.953
119.75 151
119.76 146.09
119.77 149.731
119.78 149.909
119.79 156.765
119.8 152.239
119.81 148.454
119.82 150
119.83 149.518
119.84 151.478
119.85 148.603
119.86 156.147
119.87 154.792
119.88 151.614
119.89 153.834
119.9 148.542
119.91 155.382
119.92 156.763
119.93 153.843
119.94 158.712
119.95 146.62
119.96 156.528
119.97 145.612
119.98 155
119.99 155.578
120 152.4
120.01 155.137
120.02 151.447
120.03 151.398
120.04 150.759
120.05 149.031
120.06 152.398
120.07 152.213
120.08 153.606
120.09 150
120.1 154.213
120.11 148.192
120.12 152
120.13 152.909
120.14 150.363
120.15 151.275
120.16 151.381
120.17 148
120.18 154.308
120.19 154.024
120.2 152.937
120.21 149.021
120.22 151.299
120.23 147.379
120.24 155.302
120.25 152.679
120.26 151.979
120.27 152.318
120.28 149.342
120.29 150
120.3 148.453
120.31 152.302
120.32 153.18
120.33 152.091
120.34 153.726
120.35 152.659
120.36 151.681
120.37 151.292
120.38 156
120.39 150.022
120.4 156.222
120.41 152.352
120.42 150.031
120.43 157.639
120.44 150.963
120.45 150.34
120.46 148.688
120.47 148.66
120.48 151.34
120.49 150.656
120.5 148.686
120.51 152.092
120.52 151.34
120.53 152.375
120.54 152.301
120.55 148.297
120.56 147.072
120.57 150.958
120.58 150.066
120.59 152.98
120.6 155.704
120.61 147.682
120.62 151.302
120.63 148.382
120.64 156.279
120.65 150.54
120.66 152.043
120.67 151.128
120.68 148.453
120.69 157.031
120.7 151.148
120.71 154.202
120.72 150
120.73 154.394
120.74 151.611
120.75 150.323
120.76 151.876
120.77 155.655
120.78 149.141
120.79 153.24
120.8 153
120.81 152.692
120.82 154.27
120.83 151.368
120.84 154.011
120.85 148.962
120.86 155.02
120.87 149.326
120.88 149.673
120.89 153.017
120.9 152.363
120.91 153.327
120.92 148.328
120.93 150.672
120.94 152.347
120.95 149.947
120.96 151.648
120.97 153.673
120.98 150.672
120.99 154.041
121 146.327
121.01 149.981
121.02 152.679
121.03 151.632
121.04 153.305
121.05 147.014
121.06 146.982
121.07 147.02
121.08 148.672
121.09 151.628
121.1 153.369
121.11 152.611
121.12 151.251
121.13 148.657
121.14 151.978
121.15 155.018
121.16 151.227
121.17 158.849
121.18 146.299
121.19 157.253
121.2 154.288
121.21 148.67
121.22 161.327
121.23 150.983
121.24 157.365
121.25 151
121.26 154
121.27 151.327
121.28 152.674
121.29 152.935
121.3 154.04
121.31 154.326
121.32 153.064
121.33 152.63
121.34 154.035
121.35 150.674
121.36 151.663
121.37 150.627
121.38 148.674
121.39 154.326
121.4 150
121.41 151.381
121.42 150.612
121.43 151.695
121.44 148.651
121.45 152.05
121.46 147.644
121.47 157.542
121.48 157.856
121.49 144.305
121.5 157.069
121.51 144.273
121.52 154.35
121.53 153.326
121.54 151.025
121.55 153
121.56 148.326
121.57 150.347
121.58 150.674
121.59 152.528
121.6 151
121.61 149.675
121.62 146.327
121.63 154.021
121.64 147.985
121.65 157.734
121.66 147.674
121.67 147.332
121.68 152.305
121.69 146.696
121.7 154.613
121.71 151.367
121.72 158.674
121.73 150.626
121.74 158.475
121.75 154.65
121.76 150.673
121.77 150.956
121.78 156.998
121.79 157.303
121.8 154.046
121.81 155.305
121.82 153.718
121.83 148.325
121.84 151.739
121.85 157.3
121.86 159.673
121.87 155.049
121.88 146.673
121.89 151.024
121.9 146.886
121.91 153.653
121.92 156.63
121.93 148.933
121.94 148.631
121.95 153.368
121.96 146.809
121.97 155.04
121.98 151.351
121.99 154.402
122 155.29
122.01 140.794
122.02 149.537
122.03 149.649
122.04 154.172
122.05 160.65
122.06 146.349
122.07 146.773
122.08 148.867
122.09 150.535
122.1 149.429
122.11 152.608
122.12 150.783
122.13 152.172
122.14 150
122.15 152.253
122.16 146.355
122.17 152.863
122.18 152.744
122.19 153.431
122.2 156.784
122.21 144.607
122.22 156.042
122.23 148.349
122.24 155
122.25 156.612
122.26 149.646
122.27 148.325
122.28 146.167
122.29 153.038
122.3 154.225
122.31 149.04
122.32 156.268
122.33 152.336
122.34 150.34
122.35 149.282
122.36 147.662
122.37 149.35
122.38 153.349
122.39 154.682
122.4 148.651
122.41 148.336
122.42 148.662
122.43 147.664
122.44 154.001
122.45 157.031
122.46 155.939
122.47 148.261
122.48 152.382
122.49 149.984
122.5 155.325
122.51 152.645
122.52 157.461
122.53 148.584
122.54 145.62
122.55 155.973
122.56 149.349
122.57 157.675
122.58 158.259
122.59 153.407
122.6 157.336
122.61 147.405
122.62 149.004
122.63 156.992
122.64 162.325
122.65 159.675
122.66 153.977
122.67 153
122.68 141.022
122.69 152.331
122.7 156.973
122.71 154.671
122.72 162
122.73 146.734
122.74 145.173
122.75 149.316
122.76 146.763
122.77 156.646
122.78 153.377
122.79 151.623
122.8 146.7
122.81 146.352
122.82 143.297
122.83 157
122.84 151.324
122.85 155
122.86 153.386
122.87 140.323
122.88 147
122.89 145.709
122.9 151.69
122.91 152.031
122.92 156.008
122.93 151.64
122.94 146.028
122.95 151.648
122.96 152.332
122.97 152.622
122.98 158.354
122.99 150.673
123 150
123.01 149.721
123.02 143.974
123.03 158.699
123.04 151.648
123.05 153.335
123.06 150.703
123.07 146.982
123.08 158.65
123.09 151.704
123.1 157.267
123.11 157.705
123.12 155
123.13 161.476
123.14 152.919
123.15 144.384
123.16 153.348
123.17 153.739
123.18 155.24
123.19 156
123.2 154
123.21 153.413
123.22 149.721
123.23 156
123.24 154.034
123.25 159.376
123.26 152.037
123.27 146.353
123.28 150.769
123.29 149.776
123.3 155.135
123.31 151.273
123.32 150.621
123.33 145.891
123.34 148.723
123.35 146.266
123.36 155
123.37 153.624
123.38 148.378
123.39 153.892
123.4 153.463
123.41 149.29
123.42 149.785
123.43 148.96
123.44 146.512
123.45 153.618
123.46 153.511
123.47 154.729
123.48 150.268
123.49 145.858
123.5 146.864
123.51 149.647
123.52 154.865
123.53 156
123.54 150.887
123.55 148.479
123.56 150.377
123.57 147.378
123.58 156.109
123.59 151.534
123.6 153.736
123.61 153.001
123.62 152.099
123.63 148.767
123.64 147.867
123.65 154.266
123.66 152.384
123.67 154.499
123.68 149.325
123.69 151.874
123.7 150.134
123.71 151
123.72 151.712
123.73 149.952
123.74 151.152
123.75 150.679
123.76 153.646
123.77 156
123.78 150
123.79 149.022
123.8 153.966
123.81 147.935
123.82 153.063
123.83 150.613
123.84 150.737
123.85 156.977
123.86 152.736
123.87 158.71
123.88 152.058
123.89 147
123.9 151.352
123.91 153.645
123.92 151.326
123.93 154.466
123.94 152.647
123.95 148.736
123.96 150.294
123.97 150
123.98 152.969
123.99 151.323
124 158.032
124.01 154.356
124.02 151.383
124.03 151.322
124.04 147
124.05 153.938
124.06 154.323
124.07 157.356
124.08 151.766
124.09 147.967
124.1 146.966
124.11 149.435
124.12 155
124.13 154.61
124.14 151.719
124.15 153.856
124.16 145.186
124.17 151.747
124.18 147.264
124.19 154.675
124.2 157.263
124.21 152.71
124.22 150.322
124.23 146.642
124.24 152
124.25 145.968
124.26 155.387
124.27 158.548
124.28 153.381
124.29 152.874
124.3 148.304
124.31 151.646
124.32 152.863
124.33 157.335
124.34 155.711
124.35 152
124.36 148.643
124.37 153.713
124.38 149.034
124.39 152.298
124.4 156
124.41 153.339
124.42 152.678
124.43 153.325
124.44 147.968
124.45 152.71
124.46 156.311
124.47 154.61
124.48 156.326
124.49 155.843
124.5 148.322
124.51 148.893
124.52 152
124.53 153
124.54 157.786
124.55 154.57
124.56 150.215
124.57 149.354
124.58 148
124.59 152.286
124.6 151.36
124.61 157
124.62 152.673
124.63 147
124.64 148.643
124.65 146.648
124.66 150.322
124.67 156.287
124.68 158.356
124.69 151.716
124.7 144.331
124.71 149.679
124.72 144.595
124.73 154.787
124.74 150.51
124.75 152.501
124.76 154.567
124.77 148.427
124.78 151.525
124.79 143.778
124.8 152.887
124.81 150.238
124.82 152.139
124.83 149.142
124.84 146
124.85 150.357
124.86 146.634
124.87 154
124.88 152.341
124.89 152.648
124.9 155.427
124.91 148.967
124.92 154.037
124.93 150.283
124.94 153.61
124.95 153.686
124.96 152.67
124.97 154.566
124.98 150.114
124.99 153.642
125 153.967
125.01 155
125.02 157.207
125.03 156.116
125.04 156.321
125.05 149.747
125.06 149.61
125.07 151.789
125.08 153.287
125.09 152.619
125.1 154.103
125.11 154.716
125.12 145.925
125.13 151.482
125.14 149.222
125.15 154.712
125.16 160.89
125.17 152.071
125.18 150.356
125.19 147.034
125.2 149.246
125.21 152
125.22 156.391
125.23 157.32
125.24 147.714
125.25 148.92
125.26 145.757
125.27 148.569
125.28 153.678
125.29 155.432
125.3 151.327
125.31 153.679
125.32 148.641
125.33 150.36
125.34 154.657
125.35 148
125.36 152.679
125.37 145.539
125.38 152.582
125.39 146.04
125.4 153.624
125.41 161.121
125.42 152.86
125.43 164.875
125.44 156.72
125.45 154.879
125.46 150.572
125.47 139.9
125.48 156.14
125.49 151.14
125.5 160.375
125.51 162.621
125.52 147.193
125.53 153.244
125.54 147.57
125.55 152.495
125.56 156.9
125.57 153.739
125.58 151.139
125.59 148.501
125.6 148.386
125.61 153.374
125.62 151.716
125.63 148.37
125.64 151.102
125.65 148.38
125.66 151.629
125.67 151.759
125.68 149.14
125.69 154.277
125.7 146.109
125.71 147.5
125.72 150.385
125.73 148.373
125.74 154.612
125.75 156.574
125.76 156.666
125.77 149.765
125.78 151.356
125.79 149.466
125.8 148.268
125.81 148.921
125.82 157
125.83 157
125.84 158.89
125.85 153
125.86 151
125.87 145.271
125.88 149.942
125.89 151.78
125.9 154.334
125.91 157.667
125.92 151.556
125.93 150
125.94 145.666
125.95 150.668
125.96 154.697
125.97 150.668
125.98 156.003
125.99 153.341
126 145.661
126.01 153.675
126.02 148.661
126.03 151.676
126.04 152.663
126.05 155.005
126.06 155.32
126.07 150.361
126.08 148
126.09 151.363
126.1 152.96
126.11 153.781
126.12 151.639
126.13 153
126.14 147.959
126.15 149.318
126.16 154.04
126.17 150.6
126.18 155.319
126.19 154.682
126.2 150.307
126.21 153.324
126.22 148.282
126.23 150
126.24 155.68
126.25 147.616
126.26 150.68
126.27 149.32
126.28 147
126.29 157.196
126.3 152
126.31 151.389
126.32 150.61
126.33 150.384
126.34 151.11
126.35 154.428
126.36 155.555
126.37 146.448
126.38 148.223
126.39 150.113
126.4 156.287
126.41 149.765
126.42 156.45
126.43 151.834
126.44 151.383
126.45 153.392
126.46 150
126.47 151.607
126.48 151.941
126.49 153
126.5 150.448
126.51 147.776
126.52 155.444
126.53 147.758
126.54 152.76
126.55 153.856
126.56 150.275
126.57 152
126.58 153.827
126.59 153.553
126.6 154.676
126.61 152.559
126.62 150.665
126.63 156.209
126.64 151.716
126.65 155.672
126.66 152.769
126.67 150.06
126.68 151.804
126.69 151
126.7 158.629
126.71 149.991
126.72 156.312
126.73 153
126.74 153.098
126.75 154.736
126.76 149.817
126.77 152.838
126.78 154.101
126.79 155.157
126.8 150.81
126.81 150.191
126.82 148.318
126.83 149.958
126.84 151.683
126.85 152.684
126.86 151.323
126.87 149.765
126.88 148.731
126.89 149
126.9 152.588
126.91 149.339
126.92 155.681
126.93 153.591
126.94 149.319
126.95 154.73
126.96 143.919
126.97 151.148
126.98 153.455
126.99 146.91
127 151.48
127.01 152.377
127.02 144.516
127.03 152
127.04 148.621
127.05 151.437
127.06 153.312
127.07 154.572
127.08 151.28
127.09 153.087
127.1 148.23
127.11 151.181
127.12 156.32
127.13 148.971
127.14 153.401
127.15 153.952
127.16 151
127.17 153.337
127.18 153.347
127.19 153.321
127.2 153
127.21 155.265
127.22 153.192
127.23 154.838
127.24 149.604
127.25 152.149
127.26 158.92
127.27 150.241
127.28 153.226
127.29 153.225
127.3 149.549
127.31 152.063
127.32 150.386
127.33 151.84
127.34 151
127.35 151.384
127.36 151.616
127.37 148.961
127.38 153.882
127.39 149
127.4 151
127.41 149.599
127.42 150.559
127.43 151.878
127.44 153.85
127.45 148.906
127.46 149.926
127.47 153.282
127.48 147.086
127.49 155.695
127.5 150.085
127.51 149.67
127.52 152.006
127.53 150.99
127.54 149
127.55 154.33
127.56 152.681
127.57 149.707
127.58 152.269
127.59 152.539
127.6 148.329
127.61 161.664
127.62 151.136
127.63 151.621
127.64 151.106
127.65 147.534
127.66 156.347
127.67 156
127.68 152.778
127.69 156.318
127.7 149.272
127.71 153.972
127.72 148.851
127.73 152.636
127.74 151.639
127.75 155.367
127.76 152.122
127.77 148.788
127.78 158.363
127.79 155
127.8 155.656
127.81 157.727
127.82 150.317
127.83 149.414
127.84 147
127.85 154.269
127.86 155.366
127.87 147.137
127.88 152.932
127.89 147
127.9 145.991
127.91 154
127.92 151.33
127.93 152.67
127.94 150.334
127.95 155.329
127.96 152.022
127.97 148.65
127.98 157.689
127.99 148.985
128 156.98
128.01 150.33
128.02 151.914
128.03 150.341
128.04 145.34
128.05 149.979
128.06 150.679
128.07 152
128.08 153.659
128.09 155.35
128.1 149.321
128.11 153.68
128.12 143.584
128.13 152.21
128.14 152.147
128.15 150.162
128.16 156.558
128.17 144.387
128.18 148.284
128.19 152.672
128.2 146.74
128.21 161
128.22 154.725
128.23 148.687
128.24 146.331
128.25 141.971
128.26 158.011
128.27 157.647
128.28 157.671
128.29 152.362
128.3 146.314
128.31 148.671
128.32 150
128.33 151.266
128.34 151.979
128.35 159.177
128.36 145.595
128.37 143.617
128.38 152.382
128.39 144.548
128.4 161.531
128.41 151.838
128.42 155
128.43 152.703
128.44 147.705
128.45 153.261
128.46 152.086
128.47 156.886
128.48 157.223
128.49 147.839
128.5 152.234
128.51 150.656
128.52 155.796
128.53 154.588
128.54 153.618
128.55 156.915
128.56 152.526
128.57 151.467
128.58 148.765
128.59 155
128.6 150.261
128.61 153.547
128.62 156.382
128.63 148.935
128.64 148.68
128.65 152.625
128.66 155.055
128.67 153.902
128.68 152.91
128.69 150.059
128.7 151.382
128.71 150.593
128.72 154.86
128.73 151.053
128.74 149
128.75 150.755
128.76 148.866
128.77 150.755
128.78 150.51
128.79 151.802
128.8 144.901
128.81 158.822
128.82 153.639
128.83 152.503
128.84 151.244
128.85 148.889
128.86 151
128.87 152.902
128.88 156.11
128.89 152.121
128.9 151.745
128.91 150.868
128.92 149.491
128.93 148.51
128.94 149.508
128.95 158.714
128.96 148.378
128.97 154.754
128.98 153.354
128.99 145.641
129 150.292
129.01 156
129.02 151.211
129.03 154.741
129.04 150.516
129.05 151.122
129.06 156.754
129.07 154.073
129.08 159
129.09 156.114
129.1 149.377
129.11 140.754
129.12 148.985
129.13 147.019
129.14 149
129.15 159.641
129.16 151.377
129.17 155.984
129.18 144.739
129.19 140.696
129.2 147.086
129.21 156.061
129.22 153.475
129.23 161.26
129.24 146.579
129.25 147.738
129.26 149.648
129.27 147.963
129.28 158.35
129.29 153.656
129.3 153.724
129.31 151.77
129.32 152.265
129.33 152.926
129.34 151.938
129.35 155.545
129.36 152.804
129.37 153.115
129.38 156.483
129.39 145.764
129.4 151.239
129.41 150.992
129.42 152.204
129.43 154.602
129.44 151
129.45 150.962
129.46 149.35
129.47 149.38
129.48 152.653
129.49 155
129.5 156.617
129.51 149.308
129.52 152.041
129.53 149.347
129.54 147.347
129.55 155.385
129.56 149.653
129.57 154.735
129.58 156.608
129.59 149.723
129.6 151.181
129.61 151.328
129.62 146.596
129.63 152
129.64 150
129.65 151.396
129.66 151.205
129.67 148.219
129.68 152.623
129.69 146.752
129.7 150.625
129.71 151.128
129.72 151.248
129.73 150.752
129.74 149.247
129.75 153.848
129.76 149.753
129.77 149.372
129.78 152.251
129.79 153.314
129.8 151.315
129.81 158.685
129.82 149.514
129.83 158.109
129.84 153.21
129.85 149.629
129.86 153.721
129.87 145.491
129.88 156
129.89 153.612
129.9 148.514
129.91 158.087
129.92 152.695
129.93 155.244
129.94 151.494
129.95 153
129.96 150.856
129.97 150.706
129.98 158.603
129.99 150.615
130 150.843
130.01 155.215
130.02 147.149
130.03 152.864
130.04 150.712
130.05 150.619
130.06 153.091
130.07 152.635
130.08 154.38
130.09 149.434
130.1 153.806
130.11 156.918
130.12 153.542
130.13 153.776
130.14 148.239
130.15 152.762
130.16 152.238
130.17 152.144
130.18 155.48
130.19 152.386
130.2 147.293
