84.42 132
84.43 120.633
84.44 122
84.45 122
84.46 121
84.47 119.49
84.48 117.41
84.49 117
84.5 119.591
84.51 121.591
84.52 121
84.53 120.49
84.54 119
84.55 119
84.56 119
84.57 119
84.58 120
84.59 119.408
84.6 118.592
84.61 119
84.62 119
84.63 119
84.64 117.406
84.65 115.556
84.66 115.51
84.67 117.592
84.68 119
84.69 118.572
84.7 115.148
84.71 115.597
84.72 115
84.73 116
84.74 117
84.75 118
84.76 117.587
84.77 116.409
84.78 115
84.79 115.592
84.8 116.408
84.81 115.592
84.82 116.638
84.83 117
84.84 118
84.85 116.362
84.86 114.636
84.87 115.593
84.88 116.59
84.89 117.592
84.9 119
84.91 118.408
84.92 116.408
84.93 116
84.94 116.363
84.95 115.64
84.96 118.279
84.97 121.638
84.98 121.361
84.99 117.745
85 114.507
85.01 113.585
85.02 118.253
85.03 121.62
85.04 122.38
85.05 118.766
85.06 114.761
85.07 114.614
85.08 116.619
85.09 118.495
85.1 120
85.11 117.841
85.12 114.842
85.13 114.158
85.14 116.579
85.15 117
85.16 117
85.17 115.844
85.18 115
85.19 116
85.2 116.496
85.21 116
85.22 115.305
85.23 112.26
85.24 112
85.25 114.695
85.26 115.605
85.27 116
85.28 115.381
85.29 113
85.3 113
85.31 114.618
85.32 113.377
85.33 113
85.34 115.579
85.35 118
85.36 115.126
85.37 112.496
85.38 114.142
85.39 116.475
85.4 116
85.41 116
85.42 116.486
85.43 115.428
85.44 114.43
85.45 114.571
85.46 117.146
85.47 120
85.48 118.511
85.49 115.189
85.5 111.596
85.51 115.716
85.52 119
85.53 118.429
85.54 117.572
85.55 117.431
85.56 115.423
85.57 115
85.58 115
85.59 116.562
85.6 118
85.61 117.429
85.62 115.412
85.63 113.414
85.64 114.46
85.65 115.765
85.66 111.764
85.67 112.317
85.68 116.62
85.69 118
85.7 116.597
85.71 114.363
85.72 113.647
85.73 115
85.74 115.619
85.75 116
85.76 116
85.77 114.378
85.78 115
85.79 113.383
85.8 114.233
85.81 117.617
85.82 117
85.83 113.763
85.84 112.619
85.85 114.156
85.86 116.619
85.87 115.763
85.88 113
85.89 113
85.9 116.238
85.91 116.381
85.92 112.382
85.93 112
85.94 112
85.95 113.222
85.96 115
85.97 114.356
85.98 115.365
85.99 116
86 114.654
86.01 113.578
86.02 113.429
86.03 116.705
86.04 119
86.05 116.423
86.06 115
86.07 113.859
86.08 113.726
86.09 118.159
86.1 117.239
86.11 115.687
86.12 117
86.13 116
86.14 117
86.15 117.394
86.16 116
86.17 117.683
86.18 116.306
86.19 114.572
86.2 116.142
86.21 117
86.22 117
86.23 117
86.24 116.414
86.25 117.586
86.26 117
86.27 115
86.28 115
86.29 116.628
86.3 118
86.31 118
86.32 116.371
86.33 114.371
86.34 115.419
86.35 117.862
86.36 119
86.37 118
86.38 117
86.39 117.414
86.4 116.58
86.41 118.568
86.42 119
86.43 117.426
86.44 117.57
86.45 117.571
86.46 119.569
86.47 119.526
86.48 118.426
86.49 118
86.5 118
86.51 118
86.52 120.766
86.53 122
86.54 121.386
86.55 119
86.56 118
86.57 119.609
86.58 122.608
86.59 123
86.6 125
86.61 124.395
86.62 123
86.63 124.616
86.64 125
86.65 126.615
86.66 128
86.67 128
86.68 128
86.69 126.422
86.7 125
86.71 125
86.72 126
86.73 128
86.74 128.606
86.75 129
86.76 127.396
86.77 126
86.78 126
86.79 127
86.8 128.622
86.81 129
86.82 128
86.83 127.299
86.84 126
86.85 126.622
86.86 127.616
86.87 128
86.88 128
86.89 127.43
86.9 126.357
86.91 127
86.92 125.396
86.93 126.609
86.94 127
86.95 128
86.96 127.417
86.97 127
86.98 126
86.99 126
87 127.617
87.01 128
87.02 128
87.03 127.383
87.04 127
87.05 126.306
87.06 127
87.07 127
87.08 128
87.09 127.379
87.1 126.383
87.11 126.589
87.12 128
87.13 128
87.14 127.382
87.15 125.383
87.16 125.578
87.17 128
87.18 128
87.19 129
87.2 127.853
87.21 126
87.22 127
87.23 127
87.24 127.594
87.25 128
87.26 128
87.27 126.388
87.28 125
87.29 126
87.3 126
87.31 125.402
87.32 126.404
87.33 128.483
87.34 129
87.35 127.43
87.36 126
87.37 125
87.38 125.57
87.39 126.571
87.4 128
87.41 127.43
87.42 127
87.43 126.416
87.44 126
87.45 127
87.46 127
87.47 126.597
87.48 127.596
87.49 128
87.5 127.41
87.51 127
87.52 127
87.53 127.407
87.54 127
87.55 128.59
87.56 129.421
87.57 128
87.58 128
87.59 127.397
87.6 125.397
87.61 126.604
87.62 127
87.63 128.603
87.64 128.396
87.65 127.598
87.66 127.684
87.67 128.607
87.68 128.605
87.69 129
87.7 128.391
87.71 127.397
87.72 128
87.73 128.604
87.74 129.602
87.75 129.518
87.76 129
87.77 127.645
87.78 128
87.79 128.601
87.8 129
87.81 127.469
87.82 128
87.83 128
87.84 130
87.85 130
87.86 129.57
87.87 130
87.88 130
87.89 130.582
87.9 130.431
87.91 128.431
87.92 128.57
87.93 129.431
87.94 129.569
87.95 130.431
87.96 130
87.97 130
87.98 130.422
87.99 130
88 131
88.01 130
88.02 130.584
88.03 130.416
88.04 129
88.05 130
88.06 130.41
88.07 131.592
88.08 132
88.09 131.763
88.1 129.494
88.11 128.385
88.12 129.942
88.13 132
88.14 131
88.15 132
88.16 131.41
88.17 131
88.18 131
88.19 130.41
88.2 130.59
88.21 130.731
88.22 131.635
88.23 131.365
88.24 128.73
88.25 129.265
88.26 131.635
88.27 131.155
88.28 129
88.29 130.268
88.3 132.638
88.31 131.716
88.32 129.728
88.33 128
88.34 128
88.35 131.273
88.36 133
88.37 130.365
88.38 129.615
88.39 130.385
88.4 131
88.41 129.386
88.42 129
88.43 131.234
88.44 134
88.45 131.723
88.46 130.797
88.47 129
88.48 131.602
88.49 131.398
88.5 130
88.51 130.602
88.52 131.393
88.53 131
88.54 130
88.55 129.602
88.56 130
88.57 130.366
88.58 132.341
88.59 131.294
88.6 129.074
88.61 130
88.62 128.534
88.63 128.589
88.64 129.589
88.65 131
88.66 131
88.67 129
88.68 128
88.69 128.589
88.7 130
88.71 130
88.72 131.589
88.73 131.412
88.74 131
88.75 130
88.76 131
88.77 131
88.78 129.823
88.79 129.589
88.8 132.173
88.81 133.824
88.82 131.411
88.83 131
88.84 130
88.85 131.589
88.86 134
88.87 133.411
88.88 132
88.89 132
88.9 131
88.91 132.589
88.92 133
88.93 131
88.94 132.426
88.95 133
88.96 133
88.97 133
88.98 132
88.99 132
89 131.412
89.01 133.183
89.02 135
89.03 132.413
89.04 131
89.05 131
89.06 131.353
89.07 132.882
89.08 132.344
89.09 130.511
89.1 131.615
89.11 132.388
89.12 131
89.13 131
89.14 131.386
89.15 131.599
89.16 133
89.17 131.387
89.18 129
89.19 130
89.2 132.603
89.21 133.391
89.22 130.449
89.23 129
89.24 129
89.25 131.198
89.26 132
89.27 131.396
89.28 131
89.29 131
89.3 131
89.31 130
89.32 130
89.33 130
89.34 132.228
89.35 134
89.36 131.801
89.37 129
89.38 129
89.39 130
89.4 131.614
89.41 131
89.42 129.387
89.43 129
89.44 129.626
89.45 131
89.46 130.377
89.47 130.408
89.48 132.701
89.49 131.387
89.5 129.386
89.51 128
89.52 130.226
89.53 134.182
89.54 135.4
89.55 132.78
89.56 130.399
89.57 130
89.58 132.211
89.59 134
89.6 134
89.61 134
89.62 133
89.63 133
89.64 132.418
89.65 132.575
89.66 132.425
89.67 132
89.68 135.226
89.69 135.388
89.7 132.774
89.71 130
89.72 131.618
89.73 133.412
89.74 134
89.75 133.51
89.76 133
89.77 133.424
89.78 132
89.79 134
89.8 133
89.81 133.258
89.82 134
89.83 132.416
89.84 130.378
89.85 129.61
89.86 131.614
89.87 134
89.88 134
89.89 130.161
89.9 130.227
89.91 131.613
89.92 133
89.93 132.386
89.94 131
89.95 131.613
89.96 132.613
89.97 132.387
89.98 132
89.99 131
90 131.613
90.01 133.614
90.02 133.387
90.03 132
90.04 132
90.05 132
90.06 133
90.07 133
90.08 133.431
90.09 135
90.1 133.387
90.11 131.389
90.12 131.62
90.13 134.614
90.14 135
90.15 135
90.16 134.592
90.17 134
90.18 133.387
90.19 132
90.2 133
90.21 134.612
90.22 135
90.23 135
90.24 132.774
90.25 131
90.26 132.611
90.27 134
90.28 133
90.29 132
90.3 131.502
90.31 132.408
90.32 133.409
90.33 132.425
90.34 132.345
90.35 133.863
90.36 134.769
90.37 130.311
90.38 129
90.39 132.225
90.4 133.387
90.41 134.613
90.42 132.774
90.43 130
90.44 130.612
90.45 132.612
90.46 132.388
90.47 132
90.48 132
90.49 134.612
90.5 134.612
90.51 133.388
90.52 132.389
90.53 131
90.54 131
90.55 132.612
90.56 133
90.57 133
90.58 134
90.59 133
90.6 133.612
90.61 133.388
90.62 131.389
90.63 132
90.64 132
90.65 133.225
90.66 135.39
90.67 134.389
90.68 132.384
90.69 132
90.7 131
90.71 131
90.72 132.361
90.73 134
90.74 134.611
90.75 134.385
90.76 131.388
90.77 131
90.78 132
90.79 132.575
90.8 133.431
90.81 133
90.82 133
90.83 132
90.84 132
90.85 132
90.86 132.574
90.87 134
90.88 133.425
90.89 132
90.9 132.579
90.91 134
90.92 134
90.93 133.389
90.94 132
90.95 132.611
90.96 134.39
90.97 134
90.98 132.389
90.99 133
91 133.148
91.01 135
91.02 132.778
91.03 131
91.04 133.247
91.05 136
91.06 135
91.07 132.738
91.08 131
91.09 131.705
91.1 134.262
91.11 134
91.12 134
91.13 135
91.14 134.37
91.15 131.738
91.16 131
91.17 132
91.18 134
91.19 134.37
91.2 133.382
91.21 131.639
91.22 132
91.23 132
91.24 132
91.25 132.384
91.26 132.389
91.27 132.611
91.28 132
91.29 133.611
91.3 134
91.31 131.39
91.32 130.611
91.33 132.611
91.34 134
91.35 132.388
91.36 131
91.37 130.574
91.38 132
91.39 133
91.4 133.426
91.41 133
91.42 133
91.43 132
91.44 132.566
91.45 132.568
91.46 133
91.47 133
91.48 133
91.49 132
91.5 132
91.51 132.434
91.52 132
91.53 133.565
91.54 135
91.55 133.601
91.56 132
91.57 131
91.58 131.57
91.59 134.566
91.6 135.434
91.61 134
91.62 133
91.63 133
91.64 133.775
91.65 134
91.66 134
91.67 134
91.68 134
91.69 134
91.7 133
91.71 133.622
91.72 134
91.73 134
91.74 133
91.75 133.621
91.76 136.627
91.77 135.379
91.78 132.678
91.79 130
91.8 131.621
91.81 133.627
91.82 134.378
91.83 133.379
91.84 133.379
91.85 132.379
91.86 131
91.87 132.622
91.88 133
91.89 133
91.9 133
91.91 132.38
91.92 132.378
91.93 130.372
91.94 130
91.95 131
91.96 131.61
91.97 134
91.98 133.312
91.99 132.391
92 132
92.01 132
92.02 132
92.03 132.61
92.04 134
92.05 133.391
92.06 132.39
92.07 131.391
92.08 131.608
92.09 133.617
92.1 133.397
92.11 135
92.12 135
92.13 134.131
92.14 134.395
92.15 132
92.16 132
92.17 132.602
92.18 134.597
92.19 133.794
92.2 133.58
92.21 134.605
92.22 134
92.23 133.382
92.24 130.634
92.25 131.373
92.26 132.171
92.27 135
92.28 135.369
92.29 133.372
92.3 132
92.31 130.369
92.32 131.62
92.33 133
92.34 134
92.35 134
92.36 133
92.37 134
92.38 133.164
92.39 132.375
92.4 132
92.41 131
92.42 132.586
92.43 135
92.44 136
92.45 133.783
92.46 129.778
92.47 128.61
92.48 131.217
92.49 134
92.5 134
92.51 134
92.52 133.399
92.53 133.595
92.54 134
92.55 131.403
92.56 129
92.57 129.595
92.58 133.209
92.59 136
92.6 133.214
92.61 130.403
92.62 129.594
92.63 132.599
92.64 134
92.65 134
92.66 132.032
92.67 128.653
92.68 129.86
92.69 132.955
92.7 134
92.71 131.436
92.72 130
92.73 131.555
92.74 134
92.75 134.522
92.76 132.436
92.77 131
92.78 131
92.79 132.564
92.8 134
92.81 133
92.82 134
92.83 134
92.84 134.436
92.85 133
92.86 133
92.87 132
92.88 131.586
92.89 133.586
92.9 134.352
92.91 135.879
92.92 134.452
92.93 130.627
92.94 128.594
92.95 128
92.96 129
92.97 131.216
92.98 135.217
92.99 135.6
93 134.807
93.01 128.217
93.02 125.403
93.03 128.192
93.04 133.191
93.05 134
93.06 132.389
93.07 131
93.08 129.392
93.09 130.608
93.1 128.597
93.11 128.572
93.12 131.572
93.13 135.573
93.14 135.603
93.15 132.808
93.16 128.57
93.17 126.564
93.18 130.127
93.19 133.564
93.2 134
93.21 133.436
93.22 132
93.23 132
93.24 132
93.25 131.436
93.26 130.57
93.27 131.564
93.28 134.126
93.29 136
93.3 135.435
93.31 131.871
93.32 128.436
93.33 130.125
93.34 132
93.35 133
93.36 134
93.37 133.564
93.38 136
93.39 135.437
93.4 130.312
93.41 127
93.42 128.703
93.43 135.127
93.44 137
93.45 135.286
93.46 130.437
93.47 128
93.48 129.563
93.49 131.564
93.5 132
93.51 133.564
93.52 134
93.53 135.563
93.54 132.873
93.55 128.548
93.56 126.425
93.57 128.846
93.58 132
93.59 133.589
93.6 133.41
93.61 131.41
93.62 129
93.63 130.59
93.64 132
93.65 131
93.66 131
93.67 131
93.68 130.41
93.69 131
93.7 130
93.71 131
93.72 132
93.73 133
93.74 132
93.75 130.366
93.76 130.634
93.77 133.27
93.78 134
93.79 132.41
93.8 129.41
93.81 128
93.82 130.179
93.83 132
93.84 133.41
93.85 132.41
93.86 131.411
93.87 130
93.88 129.589
93.89 131
93.9 131.575
93.91 133.416
93.92 134.578
93.93 134.415
93.94 131.827
93.95 129.504
93.96 129.411
93.97 132.415
93.98 134.571
93.99 135.572
94 135.429
94.01 132.855
94.02 130.572
94.03 131
94.04 132.576
94.05 133
94.06 133
94.07 131.429
94.08 130.429
94.09 129.422
94.1 130.578
94.11 132.573
94.12 135
94.13 134.429
94.14 133
94.15 131.384
94.16 131
94.17 129.788
94.18 130.208
94.19 131.762
94.2 131.602
94.21 130.488
94.22 132.503
94.23 134
94.24 132.012
94.25 130.59
94.26 131
94.27 131
94.28 130.423
94.29 129.422
94.3 127.43
94.31 128.571
94.32 132.17
94.33 134.584
94.34 134.831
94.35 131.413
94.36 128.562
94.37 128.499
94.38 129.571
94.39 131.567
94.4 132
94.41 131
94.42 129.431
94.43 129.563
94.44 130
94.45 131
94.46 132.562
94.47 134
94.48 133
94.49 131
94.5 129.432
94.51 129.427
94.52 131.476
94.53 133
94.54 134
94.55 135.575
94.56 134.417
94.57 131.43
94.58 129.581
94.59 130.562
94.6 133.829
94.61 135
94.62 134.406
94.63 133
94.64 133
94.65 133
94.66 132
94.67 132
94.68 132
94.69 132
94.7 131
94.71 131
94.72 131
94.73 131.479
94.74 132
94.75 132.581
94.76 131.423
94.77 131
94.78 131
94.79 130.578
94.8 131.362
94.81 132.578
94.82 133
94.83 132.844
94.84 131
94.85 131
94.86 130.422
94.87 130
94.88 132.577
94.89 133
94.9 132.414
94.91 131
94.92 131
94.93 131
94.94 131
94.95 130.632
94.96 131.576
94.97 132.512
94.98 132
94.99 131.596
95 131
95.01 131.57
95.02 132
95.03 133
95.04 132
95.05 131.425
95.06 131.624
95.07 132.364
95.08 131
95.09 131
95.1 133.567
95.11 135
95.12 135
95.13 132.375
95.14 129.75
95.15 128.372
95.16 129.625
95.17 131.624
95.18 133.563
95.19 134.412
95.2 132.209
95.21 129.258
95.22 129
95.23 130
95.24 130
95.25 131
95.26 132
95.27 133
95.28 131.21
95.29 129.207
95.3 129
95.31 130.682
95.32 133.343
95.33 135
95.34 132.417
95.35 130.209
95.36 129.789
95.37 131
95.38 133.825
95.39 135
95.4 134.188
95.41 131.191
95.42 129.193
95.43 130
95.44 132.614
95.45 133.813
95.46 134
95.47 132.523
95.48 130.158
95.49 131.633
95.5 132.624
95.51 133.624
95.52 132.375
95.53 131
95.54 131
95.55 131.615
95.56 132
95.57 131
95.58 132.624
95.59 132.633
95.6 132
95.61 131.376
95.62 130.624
95.63 132.624
95.64 133
95.65 133
95.66 132
95.67 130.376
95.68 129
95.69 129.625
95.7 132.25
95.71 134
95.72 135
95.73 132.747
95.74 128.749
95.75 127
95.76 128.79
95.77 133.395
95.78 134.477
95.79 134
95.8 132
95.81 131.369
95.82 132.631
95.83 131.369
95.84 128.368
95.85 130.636
95.86 131
95.87 132.631
95.88 132.369
95.89 131
95.9 130
95.91 129.368
95.92 129.631
95.93 131
95.94 131.631
95.95 131
95.96 131
95.97 130
95.98 130.631
95.99 133.633
96 135.251
96.01 137
96.02 132.418
96.03 129.419
96.04 129.791
96.05 131.791
96.06 133.79
96.07 133.21
96.08 133.205
96.09 132.398
96.1 131
96.11 131
96.12 131.686
96.13 131.806
96.14 133
96.15 131.157
96.16 130.211
96.17 130
96.18 131
96.19 132.794
96.2 132.385
96.21 132
96.22 131
96.23 130
96.24 130.789
96.25 131
96.26 131
96.27 131.211
96.28 130.21
96.29 129.206
96.3 130.781
96.31 131
96.32 130.21
96.33 129
96.34 129
96.35 130.79
96.36 131.787
96.37 131
96.38 130.21
96.39 128.169
96.4 128
96.41 129.791
96.42 132.572
96.43 133.192
96.44 131.195
96.45 129.807
96.46 131
96.47 132
96.48 131
96.49 130
96.5 131.802
96.51 134
96.52 134
96.53 133.177
96.54 131
96.55 130.384
96.56 130
96.57 129.34
96.58 131
96.59 131.791
96.6 132.789
96.61 132.211
96.62 132
96.63 132
96.64 129.424
96.65 128
96.66 126
96.67 127.789
96.68 131.578
96.69 133.803
96.7 133.212
96.71 130.419
96.72 127.196
96.73 126.58
96.74 128.337
96.75 129.595
96.76 131.412
96.77 131.324
96.78 129
96.79 130
96.8 130
96.81 129.375
96.82 129
96.83 128
96.84 128.625
96.85 130.485
96.86 132.473
96.87 132.377
96.88 130.376
96.89 129
96.9 128
96.91 129
96.92 131
96.93 131.638
96.94 133
96.95 134
96.96 132
96.97 129.37
96.98 130.266
96.99 131.631
97 133.634
97.01 133.377
97.02 131.515
97.03 130.528
97.04 130.623
97.05 132.394
97.06 134
97.07 133
97.08 131.376
97.09 128.377
97.1 128.622
97.11 129.622
97.12 132.623
97.13 134
97.14 132.212
97.15 130.212
97.16 128
97.17 126.213
97.18 128.591
97.19 129.607
97.2 132
97.21 132
97.22 129.377
97.23 127.372
97.24 126.623
97.25 128.247
97.26 131.633
97.27 133
97.28 131.753
97.29 127.753
97.3 126
97.31 127
97.32 130.786
97.33 133.576
97.34 133.212
97.35 131.424
97.36 127.423
97.37 127
97.38 128.785
97.39 131.582
97.4 135
97.41 134.789
97.42 131.405
97.43 128.212
97.44 125.212
97.45 126.789
97.46 132.356
97.47 136.788
97.48 136.214
97.49 130.626
97.5 127.212
97.51 127.788
97.52 129.584
97.53 132.577
97.54 133
97.55 132.209
97.56 131
97.57 130.213
97.58 130
97.59 131
97.6 131.787
97.61 131.197
97.62 131
97.63 130
97.64 128.215
97.65 129
97.66 130.789
97.67 130.788
97.68 130.212
97.69 128.214
97.7 127.786
97.71 129.792
97.72 130.786
97.73 132
97.74 131.528
97.75 130.328
97.76 127
97.77 127
97.78 128.572
97.79 130.788
97.8 131.786
97.81 130.424
97.82 130.788
97.83 130
97.84 129.199
97.85 128.788
97.86 130.57
97.87 131.787
97.88 131.786
97.89 131.42
97.9 129.427
97.91 128
97.92 128.786
97.93 130
97.94 131
97.95 132
97.96 131
97.97 129.181
97.98 129
97.99 129.788
98 130.788
98.01 131
98.02 130.332
98.03 130
98.04 130.833
98.05 132
98.06 131
98.07 131
98.08 131
98.09 131
98.1 130.372
98.11 129.624
98.12 128.375
98.13 128
98.14 128.246
98.15 130
98.16 131
98.17 129.217
98.18 126.602
98.19 126.471
98.2 127.622
98.21 130.623
98.22 131.624
98.23 130.375
98.24 128.377
98.25 127
98.26 127
98.27 128.622
98.28 132.864
98.29 134.377
98.3 132.755
98.31 127.747
98.32 125
98.33 128.245
98.34 131.623
98.35 135.244
98.36 133.739
98.37 129.759
98.38 126
98.39 127.243
98.4 131.253
98.41 134.622
98.42 134.378
98.43 130.133
98.44 124.759
98.45 125.251
98.46 128.243
98.47 130.622
98.48 131
98.49 130.377
98.5 130.628
98.51 130.378
98.52 130
98.53 130
98.54 130.623
98.55 131
98.56 130.378
98.57 127.378
98.58 127.375
98.59 128.622
98.6 131.245
98.61 131.378
98.62 129.379
98.63 128
98.64 128.393
98.65 129
98.66 129.52
98.67 128.371
98.68 127.372
98.69 128
98.7 129.629
98.71 131
98.72 131
98.73 129.747
98.74 128
98.75 128
98.76 129.632
98.77 131
98.78 132
98.79 132
98.8 129.374
98.81 128
98.82 128.622
98.83 130.627
98.84 131.623
98.85 131
98.86 131
98.87 131
98.88 131
98.89 130
98.9 131
98.91 131.622
98.92 131
98.93 130
98.94 130.625
98.95 131
98.96 132
98.97 132
98.98 129.757
98.99 129
99 129.62
99.01 130
99.02 130.626
99.03 130.379
99.04 129
99.05 129
99.06 129
99.07 128.37
99.08 127.379
99.09 127.624
99.1 129
99.11 130
99.12 131.622
99.13 129.757
99.14 125.746
99.15 124.621
99.16 127.624
99.17 131.25
99.18 133
99.19 130.746
99.2 127.732
99.21 126.379
99.22 126.632
99.23 129.811
99.24 132.964
99.25 134.366
99.26 131.201
99.27 127.6
99.28 127
99.29 128.631
99.3 132.019
99.31 134.85
99.32 135
