149.07 153.942
149.08 154.113
149.09 149.923
149.1 156.674
149.11 152.42
149.12 152.045
149.13 151.717
149.14 152.627
149.15 156.04
149.16 148.155
149.17 151.729
149.18 149.589
149.19 153.363
149.2 149.682
149.21 157.365
149.22 153
149.23 154.044
149.24 151.683
149.25 151.144
149.26 148.224
149.27 153.583
149.28 159.126
149.29 145.591
149.3 149.237
149.31 152.14
149.32 148.588
149.33 152.372
149.34 151.047
149.35 151.956
149.36 151.322
149.37 152.955
149.38 148.682
149.39 148.957
149.4 150.363
149.41 155.363
149.42 154.709
149.43 152.795
149.44 155.035
149.45 152.654
149.46 149.326
149.47 147.271
149.48 155.033
149.49 153.298
149.5 149.694
149.51 147.96
149.52 154.037
149.53 150.691
149.54 153.589
149.55 157.028
149.56 150.312
149.57 153.359
149.58 149.091
149.59 154.517
149.6 154.559
149.61 154.688
149.62 153.52
149.63 154.237
149.64 149.458
149.65 146.723
149.66 156.838
149.67 152.331
149.68 157.954
149.69 153.774
149.7 146.869
149.71 148.936
149.72 150.754
149.73 154.25
149.74 156.348
149.75 151
149.76 148.937
149.77 152.374
149.78 149.377
149.79 154.714
149.8 154.873
149.81 150.888
149.82 149.24
149.83 150.376
149.84 150.312
149.85 153.641
149.86 149.378
149.87 152.067
149.88 153.312
149.89 154.065
149.9 148.458
149.91 151.339
149.92 147
149.93 152.064
149.94 149.25
149.95 154.032
149.96 146.655
149.97 152.671
149.98 148.346
149.99 148.656
150 157.777
150.01 148.915
150.02 153.767
150.03 153
150.04 152.042
150.05 153
150.06 154.405
150.07 153
150.08 153.476
150.09 151.596
150.1 152.476
150.11 148.32
150.12 151.363
150.13 154.636
150.14 157.319
150.15 150.956
150.16 147.558
150.17 153.078
150.18 145.956
150.19 153.044
150.2 157.406
150.21 147.554
150.22 149.646
150.23 153.597
150.24 155.043
150.25 157.765
150.26 152.312
150.27 156.795
150.28 156.597
150.29 161.362
150.3 156.232
150.31 154.596
150.32 145.988
150.33 147.166
150.34 153.373
150.35 152.596
150.36 154.762
150.37 154.319
150.38 149.556
150.39 154.448
150.4 143.361
150.41 151.68
150.42 150.277
150.43 150.639
150.44 150.044
150.45 149.6
150.46 146.098
150.47 155.6
150.48 153.381
150.49 146.983
150.5 152.321
150.51 144.985
150.52 155.656
150.53 153.33
150.54 148.991
150.55 149.408
150.56 150.982
150.57 151.385
150.58 153.943
150.59 155.403
150.6 154.594
150.61 151.672
150.62 158
150.63 155.672
150.64 152.994
150.65 159.328
150.66 146.971
150.67 147.984
150.68 154.331
150.69 154.902
150.7 165.679
150.71 153.059
150.72 154
150.73 151.627
150.74 148.681
150.75 156.312
150.76 156.726
150.77 154.278
150.78 150.196
150.79 152.455
150.8 150.487
150.81 154.408
150.82 153.64
150.83 150.873
150.84 147
150.85 151
150.86 147
150.87 152
150.88 155.721
150.89 158.52
150.9 157.488
150.91 153.033
150.92 152.657
150.93 146.329
150.94 153.027
150.95 155.344
150.96 160
150.97 152.312
150.98 152.969
150.99 146.866
151 146.127
151.01 151.672
151.02 157.728
151.03 152.948
151.04 152.293
151.05 151.687
151.06 148.639
151.07 150.016
151.08 154.315
151.09 162.382
151.1 148.987
151.11 155.968
151.12 150.344
151.13 152.317
151.14 154.701
151.15 152.328
151.16 152.972
151.17 149.342
151.18 150.658
151.19 150
151.2 150.678
151.21 148.658
151.22 155.672
151.23 146.009
151.24 151.632
151.25 150.373
151.26 144.626
151.27 150.027
151.28 147.864
151.29 154.706
151.3 153.016
151.31 153.383
151.32 154.84
151.33 149.035
151.34 147.97
151.35 152.755
151.36 153.027
151.37 152.487
151.38 152.215
151.39 150
151.4 151.512
151.41 151.22
151.42 152
151.43 155.485
151.44 152.276
151.45 152.426
151.46 149.809
151.47 152.334
151.48 149.081
151.49 156.798
151.5 157.232
151.51 148.232
151.52 153.232
151.53 150.768
151.54 150.232
151.55 153
151.56 149.286
151.57 159.509
151.58 149
151.59 152.757
151.6 153.727
151.61 152.244
151.62 152.716
151.63 153.935
151.64 149.029
151.65 147.314
151.66 153.19
151.67 152.33
151.68 147.696
151.69 151.872
151.7 147
151.71 148
151.72 147
151.73 152.698
151.74 154.656
151.75 153
151.76 150.343
151.77 146
151.78 150.697
151.79 150.988
151.8 154.343
151.81 150.328
151.82 149.015
151.83 151
151.84 152
151.85 149.646
151.86 150.253
151.87 150.986
151.88 152.908
151.89 148.663
151.9 156.07
151.91 152.971
151.92 157.382
151.93 154.329
151.94 151.292
151.95 154.48
151.96 149.561
151.97 155.702
151.98 156.232
151.99 155.658
152 156.683
152.01 150.643
152.02 151
152.03 150.631
152.04 155.807
152.05 152.526
152.06 155.32
152.07 153.33
152.08 148
152.09 151.709
152.1 154.259
152.11 154.329
152.12 157.668
152.13 147.305
152.14 151.329
152.15 155.08
152.16 148.31
152.17 158.365
152.18 149.638
152.19 150.341
152.2 148.978
152.21 148
152.22 148.683
152.23 153.137
152.24 149.31
152.25 157
152.26 144.279
152.27 152.338
152.28 148.353
152.29 142.991
152.3 157.035
152.31 147.989
152.32 159.67
152.33 153.269
152.34 153.352
152.35 153.66
152.36 148.873
152.37 151.75
152.38 150.014
152.39 155.692
152.4 157.012
152.41 151.32
152.42 154.68
152.43 152.34
152.44 153.341
152.45 159.021
152.46 149.977
152.47 155.34
152.48 155.329
152.49 148.341
152.5 154.681
152.51 149.984
152.52 155.324
152.53 152
152.54 148.513
152.55 152
152.56 149.671
152.57 148.66
152.58 153.498
152.59 152.015
152.6 150.137
152.61 149
152.62 146.32
152.63 150.67
152.64 147.327
152.65 159.008
152.66 152.154
152.67 151.313
152.68 152.67
152.69 147.32
152.7 149.621
152.71 150.651
152.72 153.008
152.73 156.324
152.74 150.437
152.75 147.752
152.76 152
152.77 150.754
152.78 154.067
152.79 143.493
152.8 157.479
152.81 151.519
152.82 159.927
152.83 153.526
152.84 145.418
152.85 155.578
152.86 151.527
152.87 151.482
152.88 149.84
152.89 153.436
152.9 149.987
152.91 161.598
152.92 149.696
152.93 158
152.94 154.764
152.95 148.47
152.96 156.833
152.97 151.701
152.98 153.367
152.99 153.806
153 151.534
153.01 152
153.02 153.921
153.03 150.534
153.04 155.536
153.05 149
153.06 155.238
153.07 146.701
153.08 148.535
153.09 151.207
153.1 149.421
153.11 147.929
153.12 157.886
153.13 150.644
153.14 148.315
153.15 144.35
153.16 153.067
153.17 152
153.18 155.052
153.19 153.889
153.2 150.455
153.21 152.069
153.22 152.642
153.23 153.641
153.24 155.435
153.25 151.935
153.26 151.577
153.27 148.558
153.28 154.416
153.29 155.489
153.3 152.622
153.31 149.724
153.32 154.231
153.33 147.242
153.34 151.715
153.35 154.485
153.36 152.015
153.37 151.725
153.38 153.524
153.39 149.181
153.4 153
153.41 155.491
153.42 151.735
153.43 153.526
153.44 153
153.45 154.246
153.46 150.484
153.47 153
153.48 152
153.49 151.489
153.5 151.014
153.51 151.754
153.52 150.512
153.53 151.751
153.54 154.509
153.55 149.239
153.56 148.486
153.57 154.534
153.58 148.241
153.59 154.013
153.6 143.978
153.61 152.008
153.62 147
153.63 148.231
153.64 154.606
153.65 156.032
153.66 149.39
153.67 152.233
153.68 151.767
153.69 144.555
153.7 153.126
153.71 153.456
153.72 157.541
153.73 152.707
153.74 150.242
153.75 151.818
153.76 149.167
153.77 152.352
153.78 164.081
153.79 151.417
153.8 151.765
153.81 151
153.82 151.265
153.83 151.468
153.84 152.421
153.85 157.266
153.86 154.246
153.87 154.724
153.88 149.217
153.89 147.771
153.9 153.785
153.91 155.487
153.92 154.074
153.93 157
153.94 148.43
153.95 154.23
153.96 150.567
153.97 151.228
153.98 151
153.99 152.229
154 154.072
154.01 143.833
154.02 156.912
154.03 149.86
154.04 153.394
154.05 151.094
154.06 146.467
154.07 150.766
154.08 151.434
154.09 149.738
154.1 151.476
154.11 147
154.12 152
154.13 151.753
154.14 151.492
154.15 152.966
154.16 151.497
154.17 151.657
154.18 151.337
154.19 152
154.2 153.718
154.21 155.248
154.22 151.762
154.23 152.23
154.24 149.275
154.25 151.242
154.26 158.74
154.27 151.785
154.28 156.507
154.29 155.988
154.3 149.602
154.31 154.505
154.32 150.488
154.33 158.752
154.34 150.258
154.35 152.506
154.36 155.139
154.37 146.674
154.38 153.043
154.39 149.394
154.4 153.464
154.41 156.812
154.42 145.662
154.43 151.337
154.44 150.341
154.45 151.975
154.46 154.519
154.47 151.243
154.48 151.875
154.49 149.639
154.5 151.253
154.51 152.008
154.52 153.224
154.53 160.009
154.54 148.924
154.55 145.238
154.56 149.235
154.57 148
154.58 153.521
154.59 153.285
154.6 156.991
154.61 146.993
154.62 152.022
154.63 143.546
154.64 148.752
154.65 153.017
154.66 155.729
154.67 155.256
154.68 157.834
154.69 152.26
154.7 156.232
154.71 143.497
154.72 144.503
154.73 154.239
154.74 148.773
154.75 142.98
154.76 166.039
154.77 142.954
154.78 150.013
154.79 151.389
154.8 146.564
154.81 151.009
154.82 158.475
154.83 153.758
154.84 151.499
154.85 150.011
154.86 159.332
154.87 148.976
154.88 151.343
154.89 156.675
154.9 151.663
154.91 157.668
154.92 149.494
154.93 152.661
154.94 151.355
154.95 154.583
154.96 154.7
154.97 150.324
154.98 148.647
154.99 150.318
155 150.676
155.01 153.678
155.02 159.324
155.03 151.55
155.04 157.059
155.05 153
155.06 149.972
155.07 153.831
155.08 148.93
155.09 152
155.1 154.353
155.11 147.622
155.12 150.351
155.13 147.646
155.14 144.843
155.15 153.491
155.16 150.605
155.17 156.262
155.18 153.351
155.19 147.513
155.2 149.265
155.21 144
155.22 150.676
155.23 153.623
155.24 151.379
155.25 150.324
155.26 148.919
155.27 151.789
155.28 150.972
155.29 150.619
155.3 148.374
155.31 143.211
155.32 136.362
155.33 149.117
155.34 148.126
155.35 156.061
155.36 163.687
155.37 138.439
155.38 147.875
155.39 143.256
155.4 137.625
155.41 161.618
155.42 146.375
155.43 156.439
155.44 149.374
155.45 148.375
155.46 145.242
155.47 152.312
155.48 151.189
155.49 147.285
155.5 161.372
155.51 146.514
155.52 152.472
155.53 143.313
155.54 149.563
155.55 152.343
155.56 149.748
155.57 151.775
155.58 152.248
155.59 143.312
155.6 149.813
155.61 150.625
155.62 150
155.63 150.62
155.64 148.061
155.65 146.902
155.66 141.873
155.67 143.507
155.68 152.073
155.69 165.319
155.7 154.302
155.71 153.242
155.72 146.748
155.73 135.903
155.74 151.57
155.75 154.047
155.76 158.729
155.77 157.614
155.78 151.318
155.79 147
155.8 140.496
155.81 143.001
155.82 157.203
155.83 150.002
155.84 154
155.85 154.543
155.86 150.183
155.87 151.895
155.88 149.869
155.89 155.821
155.9 147.688
155.91 157.172
155.92 150.465
155.93 155
155.94 150.298
155.95 151.045
155.96 154.35
155.97 150.274
155.98 151.281
155.99 152.025
156 147.752
156.01 146.947
156.02 151.675
156.03 150.708
156.04 162.846
156.05 156.279
156.06 155
156.07 148.351
156.08 148.232
156.09 149.402
156.1 153
156.11 155.09
156.12 150.933
156.13 156.497
156.14 155.273
156.15 153.579
156.16 153.362
156.17 157.059
156.18 155.667
156.19 152.667
156.2 159.445
156.21 159.029
156.22 152.853
156.23 164.881
156.24 150.947
156.25 144.746
156.26 155.533
156.27 152.882
156.28 153
156.29 156.756
156.3 149.101
156.31 150
156.32 155.628
156.33 149.595
156.34 153.136
156.35 150.932
156.36 149.118
156.37 150.333
156.38 147.349
156.39 152.997
156.4 155.724
156.41 148.279
156.42 150
156.43 146.327
156.44 146.334
156.45 153.663
156.46 157.874
156.47 151.339
156.48 150.712
156.49 148.937
156.5 147.508
156.51 153.666
156.52 150.005
156.53 151.667
156.54 151
156.55 150.59
156.56 154.014
156.57 155.803
156.58 155.005
156.59 151.455
156.6 148.332
156.61 146.667
156.62 152.489
156.63 152
156.64 154.331
156.65 153.003
156.66 148.667
156.67 150.664
156.68 146.712
156.69 148
156.7 155.683
156.71 155.407
156.72 154.558
156.73 157.369
156.74 150.023
156.75 152.893
156.76 149.047
156.77 154.652
156.78 154.977
156.79 157.025
156.8 154.267
156.81 149.592
156.82 147.453
156.83 152.801
156.84 154.39
156.85 154.953
156.86 150.584
156.87 150.498
156.88 144.243
156.89 150.007
156.9 150
156.91 149.263
156.92 153.517
156.93 148.8
156.94 146.001
156.95 154.333
156.96 150
156.97 152.255
156.98 143.77
156.99 158.238
157 150.752
157.01 155
157.02 152.5
157.03 145.953
157.04 151.5
157.05 145.749
157.06 153.75
157.07 158.996
157.08 155.749
157.09 153.797
157.1 152.428
157.11 150.399
157.12 152
157.13 156.447
157.14 155
157.15 153.332
157.16 156.995
157.17 148.508
157.18 151.998
157.19 155.599
157.2 156.314
157.21 151.67
157.22 148.335
157.23 153.998
157.24 147.667
157.25 150.003
157.26 152.996
157.27 152.224
157.28 151.998
157.29 150.975
157.3 149.981
157.31 147.673
157.32 152.552
157.33 150.499
157.34 153.335
157.35 150.987
157.36 155.335
157.37 151.007
157.38 156.327
157.39 151.335
157.4 148.307
157.41 150.487
157.42 154.008
157.43 153.17
157.44 154.854
157.45 149.283
157.46 147.992
157.47 150.002
157.48 145.662
157.49 152.486
157.5 152.239
157.51 154.696
157.52 152.65
157.53 150.347
157.54 157
157.55 150.04
157.56 153.654
157.57 153.974
157.58 150.399
157.59 156.326
157.6 150
157.61 155.645
157.62 149.048
157.63 149.98
157.64 151.577
157.65 152.027
157.66 155.043
157.67 149.935
157.68 155.062
157.69 153.963
157.7 154.305
157.71 146.56
157.72 148.994
157.73 146.33
157.74 151.333
157.75 153
157.76 154.58
157.77 153.021
157.78 155.304
157.79 154.327
157.8 153.64
157.81 151.695
157.82 147.326
157.83 146.673
157.84 153.306
157.85 157.329
157.86 154
157.87 154.34
157.88 149.336
157.89 150.32
157.9 148.006
157.91 152.976
157.92 154.679
157.93 153.335
157.94 157
157.95 152
157.96 149.665
157.97 153.987
157.98 145.664
157.99 154.329
158 149.334
158.01 149.597
158.02 153.493
158.03 146.747
158.04 152.748
158.05 145.758
158.06 153.239
158.07 151.243
158.08 152.493
158.09 154
158.1 148.748
158.11 151
158.12 152.987
158.13 154.168
158.14 154.72
158.15 156.038
158.16 149.187
158.17 152
158.18 154
158.19 152.516
158.2 152.484
158.21 149.391
158.22 145.643
158.23 154.644
158.24 150.451
158.25 153.001
158.26 149.953
158.27 151.367
158.28 150.308
158.29 149.344
158.3 153.673
158.31 150.326
158.32 153
158.33 148.345
158.34 151.978
158.35 154.041
158.36 150.658
158.37 156.019
158.38 152.986
158.39 151.103
158.4 154.468
158.41 151.694
158.42 148
158.43 151.98
158.44 152.091
158.45 152.963
158.46 156.447
158.47 149.327
158.48 152.306
158.49 154.835
158.5 152.962
158.51 156.791
158.52 155.966
158.53 150.022
158.54 156.216
158.55 149.983
158.56 152
158.57 150.327
158.58 151.655
158.59 152.692
158.6 149.641
158.61 151
158.62 147.693
158.63 151.306
158.64 149.673
158.65 152
158.66 150.327
158.67 146
158.68 152.731
158.69 147.373
158.7 147.939
158.71 157.05
158.72 151.981
158.73 151.975
158.74 151.327
158.75 149.673
158.76 151.673
158.77 157.942
158.78 150.673
158.79 154.328
158.8 150.289
158.81 153.048
158.82 149.974
158.83 152.301
158.84 156.468
158.85 152.365
158.86 149.736
158.87 151.27
158.88 148.567
158.89 158.628
158.9 151.988
158.91 147.481
158.92 156.758
158.93 151.482
158.94 158.996
158.95 151.393
158.96 155.956
158.97 144.02
158.98 155.036
158.99 155.672
159 153.949
159.01 155.032
159.02 146.969
159.03 151.033
159.04 150.672
159.05 150.686
159.06 157.328
159.07 151.315
159.08 151.022
159.09 149
159.1 144.474
159.11 149.515
159.12 151.687
159.13 149.673
159.14 149.645
159.15 148
159.16 154.702
159.17 151.937
159.18 154.947
159.19 152.353
159.2 153.682
159.21 150
159.22 146.642
159.23 149.685
159.24 155.672
159.25 155
159.26 157.028
159.27 154.663
159.28 153
159.29 153.637
159.3 152.357
159.31 154.566
159.32 159.72
159.33 160.642
159.34 151.32
159.35 158.64
159.36 150
159.37 151.642
159.38 152.679
159.39 149.713
159.4 154.113
159.41 150.206
159.42 152.425
159.43 150.63
159.44 153
159.45 152.964
159.46 150
159.47 152.685
159.48 152.155
159.49 150.321
159.5 156.981
159.51 153.929
159.52 152.208
159.53 153.675
159.54 147.737
159.55 153.628
159.56 152.677
159.57 153.329
159.58 151.645
159.59 154.451
159.6 153
159.61 154
159.62 152.678
159.63 151.658
159.64 154
159.65 152.694
159.66 155
159.67 153.989
159.68 158.357
159.69 156.329
159.7 150.968
159.71 153
159.72 151.651
159.73 153.013
159.74 154.352
159.75 162.357
159.76 154.596
159.77 153.011
159.78 149.312
159.79 149.578
159.8 150.496
159.81 154.504
159.82 153.029
159.83 151.3
159.84 156.695
159.85 150.919
159.86 150.355
159.87 147.658
159.88 155.679
159.89 149.449
159.9 161
159.91 153.65
159.92 153.138
159.93 145.727
159.94 151.93
159.95 149.582
159.96 156.661
159.97 154.648
159.98 155.105
159.99 153.652
160 150.242
160.01 153.518
160.02 155.914
160.03 157.06
160.04 157.922
160.05 150.632
160.06 153.342
160.07 146
160.08 150.307
160.09 155.671
160.1 149.575
160.11 155.99
160.12 148.48
160.13 146.343
160.14 147.33
160.15 147.026
160.16 148.656
160.17 152.577
160.18 150.836
160.19 150.2
160.2 147.491
160.21 148.048
160.22 149.701
160.23 150.034
160.24 147.765
160.25 149.747
160.26 148.23
160.27 149.495
160.28 157.234
160.29 150.744
160.3 152.509
160.31 153.226
160.32 149.881
160.33 153.733
160.34 156.026
160.35 149.733
160.36 157.49
160.37 146.733
160.38 148.978
160.39 155.121
160.4 147.483
160.41 155.756
160.42 151
160.43 150
160.44 148.699
160.45 152.266
160.46 154.832
160.47 156.246
160.48 153
160.49 152.93
160.5 150.489
160.51 149.252
160.52 155
160.53 154.222
160.54 158.038
160.55 155.256
160.56 155
160.57 149.025
160.58 150.98
160.59 152.77
160.6 155.256
160.61 156.223
160.62 157.997
160.63 151.329
160.64 151
160.65 154
160.66 150.663
160.67 159
160.68 155.329
160.69 154.377
160.7 154.312
160.71 149.338
160.72 151.012
160.73 151.665
160.74 158.991
160.75 153.34
160.76 152.353
160.77 150.991
160.78 148.035
160.79 148.883
160.8 151.99
160.81 150.996
160.82 153.653
160.83 148.119
160.84 151.283
160.85 149.476
160.86 151.685
160.87 153.488
160.88 152.988
160.89 152.405
160.9 147.025
160.91 150.483
160.92 148.012
160.93 152.512
160.94 150.337
160.95 149.364
160.96 152.01
160.97 149.662
160.98 150.338
160.99 152.649
161 150.357
161.01 148.676
161.02 148.323
161.03 150.686
161.04 151.309
161.05 149.333
161.06 152.675
161.07 149.661
161.08 153.012
161.09 149.662
161.1 149.657
161.11 153.309
161.12 152.669
161.13 153.694
161.14 152.676
161.15 152.667
161.16 145.677
161.17 148.337
161.18 151.988
161.19 151.006
161.2 158.76
161.21 150.73
161.22 146.012
161.23 147.502
161.24 148
161.25 154.973
161.26 152.427
161.27 156
161.28 156.497
161.29 149.491
161.3 155.229
161.31 151.514
161.32 152.228
161.33 153
161.34 152.647
161.35 157.677
161.36 153.354
161.37 152.356
161.38 152.658
161.39 153.015
161.4 155.67
161.41 152.679
161.42 153.676
161.43 151.323
161.44 153.678
161.45 151.662
161.46 150.658
161.47 152.354
161.48 151.988
161.49 151.865
161.5 152.256
161.51 149.259
161.52 152.486
161.53 155.742
161.54 152.801
161.55 155.982
161.56 147.774
161.57 150.338
161.58 153
161.59 150.661
161.6 155.608
161.61 153.354
161.62 148.324
161.63 151.34
161.64 149.351
161.65 145.322
161.66 156.334
161.67 148.689
161.68 150.982
161.69 152.322
161.7 148.694
161.71 148.653
161.72 151.678
161.73 149.701
161.74 158.501
161.75 147.99
161.76 155.165
161.77 151.034
161.78 153.64
161.79 150.353
161.8 151.987
161.81 155.645
161.82 149.345
161.83 149.644
161.84 154
161.85 151.338
161.86 158.661
161.87 151.011
161.88 150.335
161.89 150.664
161.9 148.495
161.91 153
161.92 147.494
161.93 156.501
161.94 150
161.95 153.408
161.96 157.192
161.97 151.01
161.98 150.661
161.99 148.328
162 152.57
162.01 153.188
162.02 146.067
162.03 158.194
162.04 149.508
162.05 154.833
162.06 157.07
162.07 158.168
162.08 153.033
162.09 154.943
162.1 150.492
162.11 151.676
162.12 151.678
162.13 155.957
162.14 153.042
162.15 150
162.16 153.187
162.17 151.714
162.18 153.308
162.19 152.97
162.2 149.323
162.21 146.661
162.22 156.323
162.23 147.663
162.24 158
162.25 149
162.26 147.287
162.27 155.646
162.28 150.035
162.29 155.97
162.3 152
162.31 147.991
162.32 154.353
162.33 147.661
162.34 150.66
162.35 150.441
162.36 148.022
162.37 151.689
162.38 150
162.39 151.484
162.4 149.482
162.41 151.216
162.42 152.405
162.43 150.472
162.44 155.03
162.45 153
162.46 152
162.47 152.268
162.48 152.661
162.49 154.109
162.5 150.02
162.51 152.715
162.52 154.938
162.53 154.712
162.54 152.662
162.55 156.321
162.56 149.359
162.57 149.322
162.58 153.662
162.59 155.99
162.6 157.963
162.61 151.014
162.62 149.333
162.63 154.679
162.64 150.3
162.65 157.356
162.66 152.981
162.67 150.678
162.68 152
162.69 152.328
162.7 149.703
162.71 152.321
162.72 148.661
162.73 153
162.74 147
162.75 150.361
162.76 149.279
162.77 153.052
162.78 154.961
162.79 149
162.8 153.332
162.81 152.642
162.82 149.734
162.83 153.987
162.84 151
162.85 154.18
162.86 151.696
162.87 150
162.88 151.982
162.89 150.36
162.9 154.686
162.91 150.404
162.92 156.339
162.93 152.68
162.94 153.059
162.95 149.771
162.96 151.49
162.97 150.719
162.98 151.294
162.99 154.68
163 150.339
163.01 149.651
163.02 154.681
163.03 147.681
163.04 154.327
163.05 150.703
163.06 149.32
163.07 145.68
163.08 149.661
163.09 151
163.1 149.675
163.11 153.444
163.12 145.318
163.13 149.68
163.14 153.704
163.15 147.72
163.16 152.935
163.17 151.406
163.18 149.961
163.19 147.364
163.2 153
163.21 150.676
163.22 155.714
163.23 154.26
163.24 151.678
163.25 153.358
163.26 149.982
163.27 147.957
163.28 153.04
163.29 157.27
163.3 151.68
163.31 155.041
163.32 150
163.33 150
163.34 152.959
163.35 154.368
163.36 147
163.37 153.339
163.38 155.103
163.39 158.68
163.4 152.99
163.41 154
163.42 153.52
163.43 145.399
163.44 150.981
163.45 155.258
163.46 164.13
163.47 158.743
163.48 159.024
163.49 151.584
163.5 152.26
163.51 154.437
163.52 158.777
163.53 161.921
163.54 158.301
163.55 156.52
163.56 146.046
163.57 149.424
163.58 149.698
163.59 159.961
163.6 159.262
163.61 161.679
163.62 155.68
163.63 148.659
163.64 150.66
163.65 149.434
163.66 157.465
163.67 152.018
163.68 153.66
163.69 145.79
163.7 148.763
163.71 146.535
163.72 151.678
163.73 147.021
163.74 150.561
163.75 149.001
163.76 145.5
163.77 145.819
163.78 151.332
163.79 147.669
163.8 145.654
163.81 149.333
163.82 144.668
163.83 149
163.84 151.336
163.85 148.334
163.86 152.675
163.87 150.664
163.88 147
163.89 152.497
163.9 148.323
163.91 152
163.92 150.708
163.93 146.636
163.94 150.64
163.95 152.699
163.96 153.297
163.97 151.629
163.98 152.665
163.99 145.997
164 149.665
164.01 149.001
164.02 153.3
164.03 154.336
164.04 153.978
164.05 158.334
164.06 150.004
164.07 152.992
164.08 152.779
164.09 156.995
164.1 155.522
164.11 158.685
164.12 149.508
164.13 150.952
164.14 152.738
164.15 155.946
164.16 156.736
164.17 153.992
164.18 151.989
164.19 144.638
164.2 150.647
164.21 153.958
164.22 157.336
164.23 157.637
164.24 151.396
164.25 147.662
164.26 152.664
164.27 151
164.28 155.095
164.29 158.169
164.3 150.827
164.31 156.682
164.32 148.563
164.33 153.048
164.34 151.227
164.35 155.468
164.36 158
164.37 157.045
164.38 150.214
164.39 152.762
164.4 142.216
164.41 152.743
164.42 152.262
164.43 147.263
164.44 159.848
164.45 152
164.46 154.632
164.47 150.704
164.48 153.317
164.49 145.248
164.5 152.306
164.51 151.104
164.52 152.052
164.53 159.696
164.54 149.553
164.55 148.006
164.56 154.485
164.57 149.737
164.58 155.738
164.59 155.468
164.6 146.046
164.61 148.431
164.62 148.502
164.63 151.436
164.64 154.983
164.65 146.317
164.66 152.525
164.67 145.209
164.68 142.263
164.69 147.971
164.7 146.487
164.71 151.025
164.72 155.956
164.73 159
164.74 147.736
164.75 149.923
164.76 151.337
164.77 148.636
164.78 152.932
164.79 154.615
164.8 149.666
164.81 151.996
164.82 143.999
164.83 154.664
164.84 152.333
164.85 154.667
164.86 162.997
164.87 148.005
164.88 160.984
164.89 148.06
164.9 146.319
164.91 146.756
164.92 147.571
164.93 151.893
164.94 159.476
164.95 157.526
164.96 154.221
164.97 152.738
164.98 154.989
164.99 142.976
165 151.131
165.01 154.245
165.02 153.041
165.03 153.981
165.04 155.026
165.05 152
165.06 153.048
165.07 154.037
165.08 155.737
165.09 153.804
165.1 150.735
165.11 146.714
165.12 149.5
165.13 151.999
165.14 154.569
165.15 152.315
165.16 150.673
165.17 151.426
165.18 147.564
165.19 149.894
165.2 149.026
165.21 155.541
165.22 155.293
165.23 149.732
165.24 147.018
165.25 145.878
165.26 146.017
165.27 152
165.28 158.621
165.29 156.313
165.3 152.743
165.31 150.117
165.32 149.603
165.33 150.664
165.34 154.309
165.35 151.489
165.36 155.525
165.37 147.001
165.38 154.66
165.39 148.332
165.4 151
165.41 152.888
165.42 150.49
165.43 152.311
165.44 150.992
165.45 146.542
165.46 148.748
165.47 148.005
165.48 155.482
165.49 148.486
165.5 154.205
165.51 150.013
165.52 154.8
165.53 150.005
165.54 155.668
165.55 152.331
165.56 152.967
165.57 154.142
165.58 149.01
165.59 149.257
165.6 153.987
165.61 154.756
165.62 156.256
165.63 151.758
165.64 152.096
165.65 150.991
165.66 150.499
165.67 158.39
165.68 158.247
165.69 156.252
165.7 152.246
165.71 149.026
165.72 145.139
165.73 158
165.74 156.501
165.75 158.503
165.76 149.015
165.77 149
165.78 151.492
165.79 149.201
165.8 155.739
165.81 156.253
165.82 149.508
165.83 152.669
165.84 150
165.85 146.673
165.86 149.972
165.87 154.026
165.88 153.582
165.89 151.781
165.9 151
165.91 148.362
165.92 148.503
165.93 147.851
165.94 151
165.95 146.005
165.96 149.014
165.97 154.485
165.98 148.518
165.99 150.418
166 146.506
166.01 150.517
166.02 150.019
166.03 161.441
166.04 148.594
166.05 154.566
166.06 150.459
166.07 149.891
166.08 148.02
166.09 151.514
166.1 153
166.11 152.066
166.12 149.866
166.13 150.128
166.14 152.61
166.15 156.507
166.16 155.262
166.17 152.443
166.18 144.971
166.19 147.529
166.2 153.175
166.21 162
166.22 156.474
166.23 151.811
166.24 156
166.25 145.027
166.26 152.949
166.27 151.659
166.28 163.032
166.29 159.545
166.3 153.401
166.31 145.456
166.32 142.015
166.33 147.882
166.34 155.978
166.35 155
166.36 157.283
166.37 153.489
166.38 149.342
166.39 147.027
166.4 153.304
166.41 152.663
166.42 154
166.43 152.34
166.44 145
166.45 147.714
166.46 150.082
166.47 152.017
166.48 161.023
166.49 152.665
166.5 154.672
166.51 144.668
166.52 156.65
166.53 148.339
166.54 156.334
166.55 155.659
166.56 146.292
166.57 151.32
166.58 150.67
166.59 151.326
166.6 149.641
166.61 148.99
166.62 154
166.63 153
166.64 150
166.65 152.655
166.66 149.986
166.67 150.989
166.68 151.655
166.69 151
166.7 149.676
166.71 153.007
166.72 154.021
166.73 151.01
166.74 154.665
166.75 154.658
166.76 148.665
166.77 149.338
166.78 153.995
166.79 148.021
166.8 151.322
166.81 149.477
166.82 157.764
166.83 152.503
166.84 148.019
166.85 150.994
166.86 150.664
166.87 153.328
166.88 156.322
166.89 155.315
166.9 152.345
166.91 152.653
166.92 146.652
166.93 148.664
166.94 151.987
166.95 152.571
166.96 153.49
166.97 151.51
166.98 152.664
166.99 154.874
167 152.57
167.01 149.523
167.02 148
167.03 155.956
167.04 149.782
167.05 154.708
167.06 157.253
167.07 150.742
167.08 150.768
167.09 151.436
167.1 144.975
167.11 154.148
167.12 150.656
167.13 154.318
167.14 152.601
167.15 149.315
167.16 149.06
167.17 152.393
167.18 149.035
167.19 148.614
167.2 153.971
167.21 151.656
167.22 154.282
167.23 150.995
167.24 153.139
167.25 151.498
167.26 152.502
167.27 145.985
167.28 147.588
167.29 152.953
167.3 149
167.31 150.254
167.32 152.253
167.33 151.761
167.34 150.477
167.35 154.749
167.36 150.758
167.37 153.231
167.38 156.95
167.39 152.065
167.4 158.52
167.41 153.335
167.42 147.967
167.43 152.636
167.44 150
167.45 152.684
167.46 155.986
167.47 150.01
167.48 154.255
167.49 148.308
167.5 160.147
167.51 151.598
167.52 154.219
167.53 152.734
167.54 146.326
167.55 156.867
167.56 150.12
167.57 156.468
167.58 153.454
167.59 153
167.6 151.335
167.61 154.42
167.62 153.676
167.63 151.458
167.64 154.935
167.65 154.342
167.66 151.687
167.67 158.9
167.68 151.467
167.69 143.208
167.7 152.543
167.71 147.484
167.72 151
167.73 150.384
167.74 151.583
167.75 157.222
167.76 156.655
167.77 148.034
167.78 149.313
167.79 145.691
167.8 149.312
167.81 154.252
167.82 144.449
167.83 154.922
167.84 152.023
167.85 144.515
167.86 152.647
167.87 147.312
167.88 151.648
167.89 153.067
167.9 147.563
167.91 146.489
167.92 149
167.93 145.267
167.94 158.4
167.95 151.533
167.96 152.063
167.97 158.2
167.98 145.468
167.99 155.802
168 151.465
168.01 155
168.02 150.581
168.03 145.626
168.04 156.437
168.05 153.043
168.06 156.955
168.07 153.544
168.08 150.979
168.09 151.581
168.1 149.354
168.11 152.679
168.12 152.715
168.13 152
168.14 156.412
168.15 156
168.16 153.655
168.17 156.934
168.18 153.312
168.19 155.031
168.2 157.967
168.21 153.414
168.22 151
168.23 151.584
168.24 153.459
168.25 157.127
168.26 147.189
168.27 154.256
168.28 152
168.29 150.064
168.3 154.276
168.31 150.068
168.32 151.964
168.33 150
168.34 150.377
168.35 151.567
168.36 159.338
168.37 146.34
168.38 148.252
168.39 152.054
168.4 143.903
168.41 150.591
168.42 148.859
168.43 149.604
168.44 150
168.45 148.521
168.46 156.986
168.47 148.463
168.48 151.178
168.49 154.429
168.5 153
