226.01 153.037
226.02 151.671
226.03 148.665
226.04 158.967
226.05 148.052
226.06 149.921
226.07 153.38
226.08 154
226.09 150.268
226.1 148.304
226.11 150.614
226.12 147.256
226.13 154.19
226.14 153.504
226.15 154.183
226.16 151.448
226.17 148.673
226.18 149.688
226.19 147.873
226.2 152.461
226.21 152.565
226.22 146.313
226.23 154.128
226.24 149.9
226.25 152.721
226.26 150.312
226.27 150
226.28 154.063
226.29 150.946
226.3 151.759
226.31 152.004
226.32 149.594
226.33 153.311
226.34 154.419
226.35 153.628
226.36 154.444
226.37 155.878
226.38 152
226.39 148.938
226.4 152
226.41 154.881
226.42 154.065
226.43 153.799
226.44 150.936
226.45 148.688
226.46 154.248
226.47 154.063
226.48 154.761
226.49 148.313
226.5 150.061
226.51 145.864
226.52 150
226.53 147.003
226.54 148.492
226.55 151.807
226.56 154.809
226.57 148.188
226.58 149.631
226.59 151.311
226.6 142.599
226.61 155.442
226.62 150.938
226.63 147.824
226.64 145
226.65 150.877
226.66 149.756
226.67 153.625
226.68 157.874
226.69 147.766
226.7 149.237
226.71 148.296
226.72 153
226.73 158.456
226.74 154.292
226.75 156.379
226.76 151.74
226.77 151.37
226.78 151.074
226.79 154.027
226.8 156.655
226.81 155.001
226.82 154.618
226.83 154.377
226.84 153.007
226.85 152.274
226.86 155.677
226.87 155.029
226.88 155.587
226.89 151.381
226.9 152.705
226.91 153.293
226.92 156
226.93 153.617
226.94 151.401
226.95 154.028
226.96 154.677
226.97 152
226.98 150
226.99 152.259
227 150.514
227.01 155.098
227.02 154
227.03 147.556
227.04 149.925
227.05 150.042
227.06 148.866
227.07 150.856
227.08 151.529
227.09 154
227.1 154.678
227.11 147.629
227.12 148.382
227.13 148.297
227.14 152.324
227.15 155.676
227.16 153.345
227.17 146.292
227.18 148.698
227.19 147.207
227.2 147.91
227.21 153.686
227.22 150.689
227.23 153
227.24 149.626
227.25 151.747
227.26 147.375
227.27 151.374
227.28 151.66
227.29 153.135
227.3 154.159
227.31 148.88
227.32 148.877
227.33 152.373
227.34 150.621
227.35 154.127
227.36 155.206
227.37 152.288
227.38 153
227.39 146.252
227.4 149.639
227.41 151.872
227.42 153.625
227.43 152.38
227.44 153.067
227.45 152.311
227.46 150.311
227.47 153.68
227.48 151.622
227.49 153.625
227.5 156.69
227.51 152.357
227.52 149.621
227.53 148.311
227.54 150.321
227.55 152.689
227.56 154.931
227.57 151.348
227.58 154.068
227.59 149.622
227.6 156.468
227.61 150.381
227.62 152.133
227.63 151.337
227.64 153.639
227.65 151.748
227.66 153.892
227.67 148.751
227.68 148.945
227.69 152.825
227.7 149.414
227.71 155.132
227.72 152.924
227.73 145.757
227.74 150.886
227.75 148.756
227.76 151.69
227.77 155.21
227.78 150.681
227.79 150.45
227.8 149.984
227.81 147.67
227.82 153.668
227.83 150.37
227.84 154.671
227.85 152.335
227.86 149
227.87 151.334
227.88 146.671
227.89 149.014
227.9 153.67
227.91 152.334
227.92 151.667
227.93 148
227.94 148
227.95 151.003
227.96 148.334
227.97 155.332
227.98 151.001
227.99 153
228 149.329
228.01 153
228.02 152.893
228.03 153.777
228.04 155.612
228.05 153.611
228.06 152
228.07 150.777
228.08 154.058
228.09 145.553
228.1 155.225
228.11 155.165
228.12 150.223
228.13 153.612
228.14 148.388
228.15 155.165
228.16 154.388
228.17 156.407
228.18 157.916
228.19 152.665
228.2 150.221
228.21 156
228.22 150.617
228.23 154.881
228.24 154.999
228.25 153
228.26 150.746
228.27 156.519
228.28 151.484
228.29 154.522
228.3 153.119
228.31 158.865
228.32 151.514
228.33 153.175
228.34 150.236
228.35 146.182
228.36 158.664
228.37 150
228.38 153.007
228.39 147.586
228.4 146.412
228.41 152.359
228.42 148.06
228.43 150.356
228.44 148.952
228.45 147.067
228.46 148.565
228.47 146.689
228.48 149.491
228.49 152.655
228.5 148.989
228.51 149.828
228.52 149.841
228.53 149.175
228.54 147.965
228.55 150.749
228.56 155.316
228.57 150.401
228.58 154.44
228.59 156.186
228.6 150.599
228.61 153.401
228.62 147.993
228.63 146.187
228.64 155.715
228.65 149.231
228.66 157.099
228.67 155.947
228.68 149.093
228.69 158.927
228.7 148.791
228.71 145.588
228.72 157.027
228.73 158.737
228.74 154.342
228.75 151.197
228.76 148.003
228.77 151.916
228.78 151.692
228.79 153.712
228.8 156.938
228.81 152.906
228.82 151.744
228.83 148.488
228.84 148.123
228.85 155
228.86 156
228.87 156.733
228.88 148.825
228.89 152.176
228.9 152
228.91 148.23
228.92 155.189
228.93 155.615
228.94 152.683
228.95 148.695
228.96 147
228.97 150.547
228.98 148.692
228.99 155.986
229 152.777
229.01 150.786
229.02 156.799
229.03 149.05
229.04 149.984
229.05 149.598
229.06 152.077
229.07 159.212
229.08 146.646
229.09 149.897
229.1 151.151
229.11 149.511
229.12 152.372
229.13 150.992
229.14 152.833
229.15 150.891
229.16 155.447
229.17 148
229.18 152.367
229.19 153.615
229.2 152.93
229.21 154.384
229.22 150
229.23 153.259
229.24 151.375
229.25 152.309
229.26 151
229.27 155.614
229.28 154.1
229.29 149.954
229.3 148.303
229.31 150.613
229.32 148.615
229.33 153.565
229.34 152.849
229.35 148.631
229.36 155.97
229.37 150.787
229.38 147.205
229.39 148.568
229.4 151.076
229.41 149.178
229.42 154.316
229.43 150.08
229.44 148.001
229.45 154.306
229.46 148.052
229.47 154.507
229.48 152.844
229.49 150.376
229.5 154.373
229.51 152.243
229.52 153.139
229.53 152.861
229.54 150.102
229.55 153.901
229.56 151.615
229.57 155.62
229.58 150.847
229.59 151.241
229.6 153.139
229.61 152.488
229.62 157.078
229.63 154.286
229.64 154.704
229.65 154
229.66 154.941
229.67 150.352
229.68 148
229.69 155.103
229.7 152.574
229.71 151.649
229.72 152
229.73 149.138
229.74 147.813
229.75 152
229.76 151.599
229.77 156.803
229.78 152.238
229.79 146.715
229.8 150.252
229.81 149.515
229.82 152.266
229.83 152.376
229.84 151.888
229.85 150.118
229.86 149.531
229.87 147.51
229.88 149
229.89 151.941
229.9 154.836
229.91 153.604
229.92 153
229.93 149.492
229.94 154.45
229.95 150.069
229.96 151.79
229.97 150.07
229.98 147.422
229.99 157.728
230 154
230.01 153.863
230.02 148.022
230.03 148.856
230.04 147.687
230.05 152
230.06 158.211
230.07 148.491
230.08 158.303
230.09 151.318
230.1 153.745
230.11 154.14
230.12 153.896
230.13 151
230.14 149.241
230.15 149.759
230.16 150.864
230.17 151.533
230.18 156.242
230.19 155
230.2 146.485
230.21 151.765
230.22 152.228
230.23 152.622
230.24 157.896
230.25 154.832
230.26 149.474
230.27 154.818
230.28 147
230.29 153.335
230.3 156.549
230.31 155.553
230.32 154.865
230.33 148.745
230.34 149.126
230.35 150.866
230.36 149.529
230.37 154.218
230.38 153.216
230.39 151
230.4 152.608
230.41 147.781
230.42 155.642
230.43 151.053
230.44 152.609
230.45 154.029
230.46 147.329
230.47 154.325
230.48 148.011
230.49 152.662
230.5 150.001
230.51 149.67
230.52 152.838
230.53 149.318
230.54 151.543
230.55 149.808
230.56 148.379
230.57 145.242
230.58 150.552
230.59 158
230.6 152.171
230.61 150.4
230.62 151.561
230.63 148.74
230.64 150.61
230.65 156.897
230.66 154.102
230.67 152
230.68 152.381
230.69 153.107
230.7 147
230.71 148.614
230.72 154.158
230.73 160.965
230.74 151
230.75 154
230.76 149.49
230.77 147
230.78 149.689
230.79 157.414
230.8 149.971
230.81 154.423
230.82 148.683
230.83 150.317
230.84 146.685
230.85 153.656
230.86 155
230.87 147.629
230.88 152
230.89 150.171
230.9 146.218
230.91 153.685
230.92 149.014
230.93 156.317
230.94 151.672
230.95 148.215
230.96 150.42
230.97 146.318
230.98 152.584
230.99 151.684
231 154.708
231.01 151.51
231.02 151.353
231.03 147.541
231.04 149.917
231.05 151.409
231.06 147.629
231.07 149.853
231.08 153.408
231.09 147.812
231.1 149.416
231.11 150.2
231.12 153.131
231.13 154.135
231.14 150.74
231.15 152.513
231.16 154
231.17 151.864
231.18 149.891
231.19 150.377
231.2 156
231.21 151.377
231.22 155.323
231.23 147.378
231.24 153.512
231.25 157.891
231.26 151.623
231.27 157.267
231.28 149.132
231.29 153.608
231.3 152.119
231.31 156.662
231.32 154.796
231.33 154.51
231.34 153.088
231.35 151.866
231.36 149.243
231.37 152.487
231.38 149.146
231.39 147.243
231.4 150.293
231.41 154.353
231.42 154.023
231.43 149.732
231.44 148.753
231.45 151.131
231.46 150.762
231.47 154.16
231.48 148.454
231.49 146.77
231.5 154.914
231.51 147.308
231.52 150.844
231.53 149.543
231.54 156.447
231.55 156.121
231.56 146.691
231.57 151.925
231.58 148.614
231.59 149.156
231.6 154.774
231.61 155.385
231.62 150.385
231.63 153.861
231.64 148.631
231.65 145.26
231.66 151.85
231.67 150.699
231.68 153.361
231.69 154.133
231.7 145.109
231.71 148.131
231.72 144.89
231.73 149.495
231.74 153.133
231.75 153
231.76 152.246
231.77 145.755
231.78 156.755
231.79 148.852
231.8 149.869
231.81 153.763
231.82 155.622
231.83 155.245
231.84 152.121
231.85 152.319
231.86 154.815
231.87 155.472
231.88 152.606
231.89 153.169
231.9 152.053
231.91 147.308
231.92 159.533
231.93 150.128
231.94 150.075
231.95 155.882
231.96 156.774
231.97 150.087
231.98 154.619
231.99 147.843
232 152.921
232.01 159.742
232.02 149.913
232.03 145.58
232.04 154.65
232.05 148.372
232.06 162
232.07 149.821
232.08 153.054
232.09 149.624
232.1 145.221
232.11 155.997
232.12 147.88
232.13 154.74
232.14 154.246
232.15 155.643
232.16 149.742
232.17 152.886
232.18 149.357
232.19 149.28
232.2 148.711
232.21 152.96
232.22 151.047
232.23 150.252
232.24 151.745
232.25 149.893
232.26 147.112
232.27 150.212
232.28 147.31
232.29 149.608
232.3 156.393
232.31 155.502
232.32 151.846
232.33 146.782
232.34 148.909
232.35 154.389
232.36 151.873
232.37 156.422
232.38 152.685
232.39 150.578
232.4 152.682
232.41 155.212
232.42 155.466
232.43 154.37
232.44 157.577
232.45 154.369
232.46 150.052
232.47 147.368
232.48 150.536
232.49 151.197
232.5 156.907
232.51 150.057
232.52 152.767
232.53 150.315
232.54 142
232.55 150.889
232.56 150.113
232.57 154.806
232.58 159.685
232.59 151.158
232.6 146.427
232.61 145.977
232.62 146.314
232.63 154.685
232.64 151.624
232.65 150
232.66 149.741
232.67 143.641
232.68 151.116
232.69 147.314
232.7 144.572
232.71 152.384
232.72 146
232.73 153.947
232.74 150.745
232.75 152.342
232.76 148.363
232.77 149.727
232.78 150.523
232.79 151.057
232.8 149.871
232.81 151.803
232.82 149.196
232.83 150.168
232.84 156.038
232.85 148.632
232.86 155.492
232.87 147.754
232.88 149.132
232.89 151.507
232.9 156.119
232.91 150.505
232.92 156.367
232.93 152.503
232.94 151.494
232.95 156.247
232.96 152.278
232.97 156.627
232.98 155.686
232.99 152.946
233 149.43
233.01 151.946
233.02 152
233.03 154.262
233.04 156.06
233.05 151
233.06 151.257
233.07 151.372
233.08 150.236
233.09 155.803
233.1 150.57
233.11 156.428
233.12 152.274
233.13 154.947
233.14 152.684
233.15 149.481
233.16 147.629
233.17 152.314
233.18 152.059
233.19 150.314
233.2 153.057
233.21 147.257
233.22 154.056
233.23 152.313
233.24 151.192
233.25 157.68
233.26 154.548
233.27 152.351
233.28 151
233.29 154.575
233.3 154.424
233.31 157.401
233.32 152.943
233.33 150.685
233.34 155
233.35 150.944
233.36 153.425
233.37 149.567
233.38 152.685
233.39 150.058
233.4 150.27
233.41 151.869
233.42 147
233.43 152.141
233.44 154.427
233.45 148.574
233.46 151.375
233.47 150.885
233.48 153.716
233.49 153.686
233.5 148.94
233.51 149.941
233.52 150.687
233.53 157.581
233.54 148.88
233.55 152.086
233.56 148.566
233.57 150.944
233.58 152.275
233.59 147.084
233.6 149.386
233.61 151.596
233.62 153.51
233.63 158.372
233.64 151.582
233.65 155.913
233.66 154
233.67 148.314
233.68 159.373
233.69 148.945
233.7 155.816
233.71 150.823
233.72 152.791
233.73 151.099
233.74 148
233.75 154.313
233.76 149.572
233.77 156.627
233.78 151.376
233.79 153.685
233.8 151.314
233.81 146.68
233.82 146.684
233.83 146.322
233.84 148.749
233.85 150.658
233.86 147.62
233.87 152.967
233.88 150.512
233.89 149.722
233.9 151
233.91 149.472
233.92 147.368
233.93 148.915
233.94 151.631
233.95 150.131
233.96 152.252
233.97 153.743
233.98 147.126
233.99 152.241
234 152.624
234.01 149.111
