tiempo, ax, ay, az
151.962757,129,124,157
151.968009,128,125,157
151.970893,127,124,148
151.978071,127,126,149
151.980875,127,126,152
151.984882,127,128,156
151.990894,127,127,157
151.994897,127,125,156
152.003917,128,127,148
152.006887,128,125,150
152.010891,129,126,154
152.014891,129,125,147
152.020891,128,126,154
152.024894,127,126,154
152.030778,127,125,152
152.034855,128,125,154
152.040853,128,127,157
152.044752,128,126,153
152.050794,129,126,146
152.054841,129,126,149
152.060841,129,126,153
152.064842,129,127,153
152.070841,129,125,148
152.074839,128,125,152
152.080848,128,124,154
152.084843,126,123,149
152.090843,125,124,150
152.094840,125,125,156
152.100838,126,124,158
152.104847,127,124,153
152.110842,127,124,153
152.114843,128,126,152
152.120848,129,126,155
152.124843,129,127,151
152.130836,129,126,152
152.135841,130,127,153
152.145842,129,126,147
152.148838,129,128,148
152.151842,129,126,155
152.161849,128,125,153
152.165836,127,126,149
152.166771,126,127,157
152.170841,126,127,161
152.174842,127,125,149
152.180843,128,125,144
152.184841,129,126,152
152.190767,129,125,148
152.194836,130,126,146
152.200843,130,125,155
152.205845,130,126,153
152.212846,128,125,143
152.215846,128,126,151
152.224846,128,126,155
152.226837,127,126,150
152.230843,127,127,152
152.234844,128,125,154
152.240846,128,125,151
152.244905,129,127,152
152.250846,129,125,151
152.254841,128,127,155
152.260846,128,125,152
152.264840,128,125,148
152.270845,129,126,149
152.274845,129,125,151
152.280848,129,126,148
152.284842,129,125,149
152.290847,129,126,151
152.294840,128,126,154
152.300847,127,126,156
152.304802,127,124,152
152.310903,127,127,156
152.314893,127,127,151
152.323896,126,126,155
152.326839,126,126,154
152.330887,125,126,156
152.334891,126,127,154
152.340897,127,125,152
152.344895,128,124,150
152.350890,128,125,149
152.354888,129,126,150
152.360818,128,125,146
152.364899,129,126,151
152.370902,128,127,157
152.374892,127,126,156
152.380876,128,125,152
152.384896,128,127,147
152.390891,128,127,151
152.394899,129,125,152
152.400891,129,127,146
152.404896,128,126,150
152.410897,128,126,156
152.414892,127,127,148
152.420901,127,126,152
152.424895,127,127,161
152.430890,126,123,150
152.434846,126,129,155
152.440894,127,124,158
152.444940,128,124,153
152.450884,129,125,149
152.454810,130,125,152
152.463911,129,126,155
152.468895,129,126,149
152.471899,129,125,156
152.475896,129,125,153
152.479900,128,126,155
152.485895,126,127,150
152.489895,126,125,156
152.495895,125,128,160
152.499900,125,125,153
152.505895,125,126,152
152.509893,127,127,154
152.515831,127,126,155
152.519897,128,128,154
152.525894,129,125,151
152.529837,129,126,149
152.535899,129,126,149
152.539897,128,126,146
152.546604,129,125,151
152.549797,129,127,159
152.555834,127,125,150
152.559823,127,124,153
152.565805,126,125,165
152.569802,126,127,156
152.575848,126,127,153
152.579836,128,127,154
152.586805,129,126,149
152.590802,130,127,145
152.594800,131,127,151
152.600809,132,125,148
152.604802,131,125,148
152.610804,130,126,152
152.614800,128,126,157
152.620812,126,126,153
152.624804,125,126,155
152.630932,125,127,157
152.634798,126,127,151
152.640801,127,127,151
152.644812,129,128,151
152.650807,130,126,148
152.654807,131,125,151
152.660813,131,125,153
152.664802,130,124,148
152.670805,129,123,150
152.674805,127,123,150
152.681812,127,125,158
152.685801,126,123,158
152.692814,127,124,151
152.695844,128,125,150
152.702804,129,125,152
152.705798,129,125,153
152.710802,130,126,147
152.714802,130,126,149
152.720807,130,125,151
152.724806,128,125,151
152.730806,128,126,150
152.734956,127,127,155
152.740809,127,126,153
152.744806,127,125,148
152.750796,127,126,150
152.754771,127,125,150
152.760812,128,127,153
152.764807,128,127,154
152.770805,127,127,153
152.774807,127,126,152
152.780804,128,126,155
152.784817,129,125,148
152.793807,129,124,149
152.796807,129,127,154
152.800803,129,125,149
152.804826,128,125,147
152.810809,128,124,147
152.814810,127,125,150
152.820805,127,126,153
152.824807,127,127,152
152.830810,127,126,148
152.834808,128,125,152
152.840900,128,125,155
152.844910,128,124,148
152.850895,129,124,146
152.854926,129,125,152
152.860899,128,124,153
152.864898,128,126,147
152.870897,128,125,149
152.874898,128,125,150
152.880902,128,124,148
152.884901,127,124,153
152.890811,127,124,160
152.894852,127,123,153
152.900847,127,123,147
152.904849,127,124,149
152.910847,128,124,156
152.914845,128,124,153
152.920844,128,124,153
152.924853,127,125,150
152.930848,127,125,153
152.934848,128,126,153
152.940848,128,127,153
152.944849,127,125,151
152.950848,126,124,156
152.957801,125,127,153
152.960848,125,125,153
152.964857,126,125,163
152.970850,125,124,149
152.974847,126,123,147
152.982850,127,126,156
152.985849,128,123,156
152.992853,129,124,148
152.995857,130,123,147
153.002851,130,125,150
153.004841,128,126,150
153.010849,127,123,152
153.014832,127,123,156
153.020848,126,123,154
153.024854,126,126,158
153.030841,126,124,157
153.034840,127,126,153
153.040848,128,124,150
153.044855,128,126,153
153.050851,129,126,145
153.054855,130,126,149
153.060857,131,126,155
153.064850,131,127,148
153.070845,130,126,145
153.074843,128,127,151
153.080847,127,127,154
153.084830,126,126,154
153.090855,127,126,159
153.094850,128,126,153
153.100849,129,126,145
153.104795,130,126,145
153.111031,130,123,152
153.114852,130,125,157
153.120850,129,121,152
153.124848,128,122,153
153.130847,127,126,156
153.134844,126,124,153
153.140853,126,123,160
153.144847,126,124,153
153.150791,127,125,152
153.154772,128,127,152
153.160848,129,125,159
153.164846,128,129,160
153.170852,127,130,155
153.174847,125,131,160
153.180848,123,131,162
153.184855,123,131,161
153.190844,123,129,154
153.194845,126,131,158
153.200852,127,129,153
153.205058,129,129,150
153.210855,130,127,144
153.214849,131,124,139
153.220852,131,126,151
153.224852,130,125,152
153.230800,129,124,154
153.234852,128,124,156
153.240848,127,124,151
153.244792,126,125,152
153.250790,126,125,156
153.254848,127,127,155
153.260851,128,126,154
153.264850,129,127,155
153.270851,130,126,147
153.274844,131,125,149
153.280850,132,128,157
153.284853,131,123,142
153.290849,131,125,144
153.294845,131,127,151
153.300857,130,127,152
153.307853,129,129,151
153.310842,130,128,149
153.314852,131,127,152
153.320852,132,130,150
153.324852,132,128,148
153.330842,133,130,151
153.334901,132,127,157
153.340896,131,124,146
153.344838,129,122,138
153.350908,127,123,150
153.354895,125,125,163
153.360899,124,124,152
153.364842,124,123,150
153.370894,126,124,155
153.374897,126,124,149
153.380902,128,125,146
153.384896,130,125,153
153.390844,131,125,152
153.395086,130,125,143
153.400901,130,126,146
153.404900,129,127,157
153.410904,126,124,155
153.415931,125,125,154
153.424898,124,125,152
153.428906,124,127,149
153.431882,125,126,148
153.441899,127,123,150
153.445841,128,126,152
153.446894,128,125,152
153.450901,128,124,150
153.454896,129,124,146
153.460895,129,124,154
153.464899,129,126,160
153.470895,127,124,151
153.474896,125,125,148
153.480896,125,127,159
153.484844,125,125,160
153.490897,126,124,152
153.494900,127,128,151
153.500900,127,127,152
153.504900,126,125,158
153.510944,127,125,158
153.514900,126,125,155
153.520903,125,125,156
153.525045,124,124,151
153.530897,124,125,154
153.534896,125,126,160
153.540901,127,125,159
153.544906,129,123,151
153.550905,130,125,145
153.554900,131,124,150
153.560904,131,124,147
153.564905,131,125,149
153.570951,129,125,157
153.574898,126,124,159
153.580807,124,125,153
153.584862,123,125,165
153.590857,123,126,166
153.594855,123,126,151
153.600797,125,126,154
153.604820,127,127,154
153.610850,129,127,154
153.614851,131,128,153
153.620799,132,126,151
153.624855,132,127,148
153.630848,131,126,149
153.634850,130,126,157
153.640788,128,128,156
153.644837,126,127,154
153.650849,126,127,158
153.654850,127,126,157
153.660852,129,127,153
153.664852,131,126,157
153.670851,131,126,147
153.674945,131,126,147
153.680795,131,127,155
153.684853,130,124,156
153.690775,128,123,148
153.694832,127,124,151
153.700851,127,122,156
153.704847,126,125,155
153.710857,127,125,153
153.714851,130,126,157
153.720849,131,124,148
153.724851,132,127,147
153.730852,133,126,147
153.734856,133,127,151
153.740848,133,128,151
153.745747,132,126,147
153.750815,131,128,147
153.754854,129,126,152
153.760879,128,127,152
153.764903,127,126,149
153.770901,126,127,159
153.774900,126,128,163
153.783904,125,125,153
153.786898,127,126,158
153.790874,128,128,157
153.794896,128,126,149
153.800904,130,127,155
153.804908,131,126,154
153.810903,131,126,152
153.814912,131,125,147
153.820903,130,125,146
153.824910,129,127,149
153.830905,128,127,155
153.834909,125,125,154
153.840900,123,126,156
153.844903,123,128,160
153.850898,124,127,160
153.854902,125,127,155
153.860902,127,127,151
153.865902,128,127,156
153.872904,129,126,149
153.875905,130,125,146
153.882901,131,126,148
153.885903,131,126,147
153.892849,130,126,145
153.894898,129,127,151
153.900906,127,127,152
153.904855,126,128,155
153.910836,125,126,159
153.914821,126,128,157
153.920912,127,127,151
153.924818,128,126,155
153.930900,129,127,151
153.934903,130,127,149
153.940904,130,127,153
153.944904,130,124,152
153.950900,130,125,147
153.954896,130,125,148
153.960905,129,123,151
153.964903,128,122,157
153.970909,126,126,153
153.974916,126,124,159
153.980857,126,125,164
153.984908,127,124,151
153.990908,128,126,148
153.994800,129,128,158
154.000903,129,127,155
154.004903,129,128,149
154.010903,128,127,151
154.014907,128,125,155
154.020911,127,127,151
154.024920,127,125,148
154.030910,126,125,158
154.034904,126,126,153
154.040902,126,125,152
154.044915,127,126,157
154.050901,129,125,151
154.054910,130,124,148
154.060906,131,126,150
154.064907,131,126,152
154.070907,130,126,150
154.074930,130,126,150
154.080903,129,125,150
154.084911,129,126,148
154.090920,128,124,152
154.094902,128,126,150
154.100911,127,126,148
154.104905,128,126,155
154.110902,129,125,156
154.114909,129,125,144
154.120919,130,127,147
154.124908,131,127,157
154.130908,131,124,149
154.134899,131,127,145
154.140907,131,126,153
154.144841,131,124,148
154.150906,131,125,143
154.155907,131,125,147
154.162907,131,124,154
154.165907,129,124,147
154.172911,128,125,149
154.175920,128,126,156
154.182905,128,126,153
154.184899,128,125,151
154.190903,128,125,154
154.197907,127,126,154
154.202904,126,126,151
154.205907,127,127,157
154.212913,127,125,152
154.215878,128,125,146
154.219906,128,125,150
154.225915,129,125,151
154.229901,129,126,147
154.235924,129,126,152
154.239909,129,125,153
154.245909,127,126,150
154.249907,126,126,154
154.255908,126,125,154
154.259907,125,125,152
154.265908,126,128,156
154.269905,127,126,151
154.275826,128,126,150
154.279900,129,127,150
154.285910,129,126,150
154.289911,128,125,152
154.295908,127,126,155
154.299911,127,126,150
154.305902,127,126,152
154.309909,127,125,152
154.315907,128,124,157
154.319904,128,128,155
154.325905,128,127,150
154.329897,129,127,153
154.335877,129,128,160
154.339913,128,127,150
154.346657,128,126,152
154.349775,128,126,149
154.355864,128,127,147
154.359893,129,127,154
154.365859,129,126,156
154.369859,128,127,147
154.375860,128,126,153
154.379907,127,126,158
154.385872,126,125,158
154.389859,127,126,157
154.395863,127,125,149
154.399860,128,126,148
154.405858,129,125,154
154.409864,130,127,153
154.415861,131,123,150
154.419863,131,126,151
154.425854,130,125,151
154.429863,129,127,150
154.435843,129,125,153
154.439916,129,124,153
154.445906,128,124,147
154.449879,128,126,150
154.455911,128,126,158
154.459917,129,126,160
154.465902,128,125,149
154.469902,130,125,149
154.475907,130,126,152
154.479905,131,125,153
154.485906,131,125,156
154.489903,130,125,153
154.495910,128,124,153
154.499908,127,126,152
154.507907,127,124,151
154.510900,127,125,156
154.517848,128,125,155
154.520907,129,126,152
154.527909,130,125,148
154.529901,132,124,150
154.535878,132,126,148
154.540332,131,125,147
154.546015,131,128,157
154.549846,129,126,152
154.555909,128,126,147
154.559882,127,127,154
154.565904,127,126,153
154.569903,127,126,146
154.575908,128,126,151
154.582851,130,125,153
154.584900,131,126,147
154.590903,131,124,147
154.594905,132,125,148
154.600908,132,126,148
154.604912,131,125,147
154.610852,130,125,147
154.614906,129,125,148
154.620908,128,126,155
154.624910,127,126,156
154.630897,128,127,154
154.634850,128,127,153
154.640909,129,126,153
154.644903,129,126,149
154.650908,130,126,151
154.654903,130,126,146
154.660861,130,127,146
154.664911,129,127,146
154.670907,129,124,153
154.674914,127,126,153
154.680907,126,126,150
154.684904,127,128,153
154.690906,127,126,155
154.695909,128,125,151
154.704907,128,126,149
154.708911,130,125,149
154.711910,130,126,151
154.721908,129,127,151
154.725907,128,125,154
154.726918,127,124,152
154.730868,127,124,152
154.734905,127,125,153
154.740911,127,123,148
154.748000,127,124,148
154.750902,128,124,155
154.754896,128,124,153
154.760911,129,124,150
154.764911,130,124,159
154.770854,130,124,150
154.774904,129,123,146
154.780957,129,127,150
154.787915,128,126,153
154.790902,128,129,162
154.794908,126,127,157
154.800904,126,127,151
154.804859,125,126,152
154.810916,125,127,160
154.814910,125,127,155
154.820909,127,127,154
154.824909,128,126,158
154.830909,129,125,148
154.834909,130,125,149
154.840785,131,126,157
154.845862,130,126,150
154.852852,129,126,149
154.855943,129,126,157
154.862855,128,126,154
154.865873,127,126,155
154.870841,127,126,157
154.875190,126,126,155
154.880876,126,127,156
154.884862,127,126,156
154.890820,128,126,157
154.894855,129,126,152
154.900865,129,125,150
154.904861,130,126,151
154.910782,130,123,151
154.914855,130,125,152
154.920812,129,127,150
154.924870,128,127,154
154.933866,129,126,158
154.936792,129,127,152
154.940862,130,127,153
154.944977,130,127,156
154.950798,130,128,155
154.954901,131,128,154
154.960920,131,126,153
154.964866,131,126,148
154.970909,131,125,148
154.974907,129,125,145
154.980909,129,123,155
154.984860,128,124,157
154.990806,128,122,153
154.994907,129,124,155
155.000908,129,123,154
155.004996,130,127,157
155.010888,130,126,158
155.014850,131,125,150
155.020912,132,126,146
155.024911,132,127,152
155.030911,132,127,151
155.034861,131,127,147
155.040910,131,126,159
155.044915,128,124,153
155.050914,126,125,146
155.054913,126,124,153
155.060909,127,124,161
155.064914,127,124,155
155.070912,128,126,147
155.074911,130,126,149
155.080913,132,126,151
155.084911,133,127,153
155.090912,134,125,147
155.094851,134,125,148
155.100910,133,125,148
155.104909,131,125,146
155.110909,129,125,150
155.115910,128,123,154
155.122915,126,125,152
155.125854,125,126,148
155.132910,126,126,151
155.137915,128,127,157
155.140909,130,125,157
155.144844,131,126,147
155.150856,131,127,143
155.154907,131,126,151
155.160926,131,126,153
155.164913,131,124,147
155.170856,131,125,149
155.174913,130,125,145
155.180917,129,124,142
155.184911,129,124,151
155.190911,129,123,160
155.194916,128,125,150
155.200910,127,124,147
155.204918,127,126,159
155.210916,126,124,160
155.214913,126,126,158
155.220863,126,123,151
155.224908,126,125,150
155.230913,126,127,155
155.234916,127,126,155
155.240913,128,125,153
155.244886,129,125,155
155.250832,129,124,146
155.257913,129,126,148
155.260908,129,125,159
155.265026,128,124,154
155.270908,127,125,148
155.274908,126,126,151
155.280915,125,127,158
155.284913,125,127,155
155.290908,126,127,158
155.294908,126,127,154
155.300916,127,127,150
155.304914,128,124,152
155.310915,128,124,156
155.314910,129,125,153
155.321007,128,124,152
155.324917,128,123,152
155.330910,128,125,154
155.334914,127,125,155
155.340913,128,126,161
155.344915,128,124,154
155.350909,128,125,148
155.354913,129,126,154
155.360914,130,126,156
155.364911,131,125,156
155.370904,131,125,155
155.374911,131,124,147
155.380911,131,126,149
155.384916,131,126,152
155.390911,130,125,156
155.395058,129,125,148
155.400920,128,125,151
155.404914,127,125,156
155.410857,127,125,155
155.414914,128,125,152
155.423912,130,124,152
155.426906,131,125,148
155.430861,132,126,149
155.434911,133,126,152
155.440923,133,127,152
155.444911,132,127,149
155.450911,131,126,150
155.454914,130,125,150
155.460914,129,125,148
155.464914,129,127,154
155.472916,128,125,153
155.475869,128,125,151
155.481910,129,127,153
155.485913,130,125,151
155.492915,131,124,149
155.494908,131,124,149
155.500890,132,125,149
155.504910,132,126,149
155.510916,132,125,145
155.514910,132,125,150
155.520915,131,126,151
155.524865,129,124,148
155.530915,128,126,147
155.534917,128,125,157
155.540918,127,126,160
155.544916,127,126,151
155.551879,128,124,153
155.554884,129,125,154
155.560912,129,125,150
155.564915,129,126,152
155.570911,129,122,153
155.574912,129,124,150
155.580916,129,124,146
155.584918,129,124,147
155.591047,131,124,151
155.594918,131,124,154
155.600913,130,124,149
155.604918,129,126,151
155.610917,128,127,154
155.614909,127,127,159
155.620925,127,127,155
155.627910,126,126,153
155.629908,126,127,148
155.635965,126,127,147
155.639915,127,126,148
155.645920,129,125,152
155.649863,130,126,152
155.655914,129,124,150
155.659917,129,126,151
155.665867,129,125,148
155.669911,129,124,156
155.675931,129,124,145
155.679916,129,125,143
155.686048,130,127,153
155.689914,130,128,159
155.695915,129,128,147
155.699923,129,129,153
155.708917,129,128,160
155.711924,127,124,147
155.715919,128,126,146
155.719925,128,123,156
155.725918,128,125,157
155.729824,127,126,142
155.735930,128,121,148
155.739894,129,123,158
155.745920,129,123,147
155.749915,130,126,153
155.755916,131,125,153
155.759893,131,124,151
155.765788,131,124,156
155.769874,129,123,148
155.775871,128,124,145
155.779865,128,124,156
155.785853,127,123,157
155.789807,127,126,148
155.795872,128,126,157
155.799868,128,126,163
155.805865,127,124,152
155.809861,127,127,149
155.815872,127,128,158
155.819869,126,128,158
155.825868,127,127,154
155.829880,129,127,155
155.835865,129,125,150
155.839878,130,126,148
155.845868,130,125,153
155.849867,130,126,158
155.855872,130,125,154
155.859868,129,125,151
155.865867,128,125,148
155.869867,127,125,155
155.875874,127,127,163
155.879868,127,124,151
155.885868,127,126,150
155.889866,128,127,152
155.895868,129,126,152
155.899995,130,124,152
155.908875,131,124,154
155.911868,131,126,150
155.915867,130,126,149
155.919867,130,126,151
155.925868,130,127,154
155.929861,130,125,156
155.935869,128,126,149
155.939872,128,127,149
155.945971,129,126,156
155.949861,131,126,155
155.955872,131,125,149
155.959868,132,126,146
155.965867,132,126,147
155.969864,132,124,149
155.976865,132,126,151
155.986873,132,124,152
155.990868,131,125,147
155.991862,130,125,146
156.002862,129,125,149
156.005861,128,125,158
156.006853,128,125,161
156.010863,128,125,155
156.014863,128,125,152
156.020869,129,126,150
156.025013,131,126,153
156.030871,131,125,146
156.034867,131,125,143
156.040894,131,125,145
156.044866,130,124,149
156.050868,130,125,155
156.054866,129,124,152
156.060869,128,123,152
156.064868,128,126,153
156.070811,127,126,156
156.074865,128,125,158
156.080803,128,126,152
156.084868,129,126,150
156.093810,130,125,151
156.096868,129,126,150
156.100863,129,127,154
156.104868,128,127,154
156.110855,127,124,152
156.114820,126,125,155
156.120874,126,124,153
156.124863,126,124,150
156.130855,126,126,158
156.134868,127,125,156
156.140869,128,125,150
156.144874,130,125,155
156.150805,131,125,150
156.157867,131,126,147
156.159921,130,125,150
156.165912,129,126,152
156.170915,127,126,156
156.176921,126,124,159
156.180934,126,124,152
156.186865,126,124,147
156.190913,127,124,158
156.195922,127,124,155
156.199918,128,126,148
156.205916,129,127,158
156.209920,130,124,153
156.216015,130,126,145
156.219921,130,126,148
156.225921,130,125,157
156.229912,130,128,150
156.235920,130,127,153
156.239979,130,126,155
156.245920,129,127,149
156.249919,129,127,153
156.255921,129,127,157
156.259919,128,124,150
156.265912,128,126,149
156.269920,129,125,155
156.275877,129,124,153
156.279879,129,123,148
156.285920,129,123,153
156.289924,129,123,153
156.295904,129,124,157
156.299919,129,126,155
156.305912,130,125,154
156.309915,130,126,151
156.315914,130,125,152
156.319873,130,126,154
156.325928,129,124,153
156.329915,129,124,153
156.335921,129,125,155
156.339919,128,124,154
156.345863,128,124,152
156.349914,129,125,150
156.355924,129,124,153
156.359907,129,125,153
156.365918,129,126,152
156.369923,129,127,152
156.375885,129,126,153
156.379922,130,127,151
156.385922,131,125,148
156.389919,131,126,152
156.395920,131,126,151
156.399919,130,127,152
156.405869,130,126,149
156.409923,129,125,151
156.415919,129,126,151
156.419936,128,124,152
156.425913,128,125,153
156.429916,128,125,155
156.435922,129,128,150
156.439878,130,124,149
156.445870,131,125,150
156.449917,131,127,148
156.455922,131,127,147
156.459920,132,128,157
156.465855,131,126,149
156.469914,130,126,148
156.475926,130,126,151
156.479919,129,124,155
156.485916,128,127,147
156.489911,128,124,143
156.498930,129,126,152
156.501922,129,125,158
156.505921,130,125,147
156.509920,130,124,147
156.515916,130,127,152
156.519920,129,122,147
156.525915,130,126,150
156.529848,130,125,156
156.536306,128,125,148
156.539905,128,126,159
156.545861,127,126,154
156.549861,127,125,148
156.555873,127,127,153
156.559866,128,124,152
156.565795,130,127,151
156.569886,131,124,152
156.575877,131,126,147
156.580879,130,125,143
156.586868,129,126,149
156.590874,129,124,157
156.596877,127,127,155
156.600875,126,126,152
156.605798,126,127,156
156.609868,125,124,158
156.615889,126,127,155
156.619873,128,124,152
156.626015,129,124,151
156.629865,130,124,150
156.635886,130,124,148
156.639878,131,123,153
156.645878,131,121,153
156.649864,130,122,148
156.655866,129,124,147
156.659879,127,125,154
156.665810,126,126,161
156.669866,124,126,165
156.675880,125,127,156
156.679878,127,126,150
156.685879,129,127,151
156.689873,130,126,152
156.695875,131,125,151
156.702875,131,125,151
156.705887,130,124,149
156.709922,130,123,152
156.715879,129,124,153
156.719867,128,123,151
156.725922,127,124,157
156.729869,126,125,151
156.735925,127,125,152
156.739925,129,127,159
156.745915,129,127,155
156.749917,129,128,154
156.755852,129,126,157
156.759915,129,124,154
156.765817,130,125,150
156.769798,131,124,149
156.775854,131,124,147
156.779851,131,124,148
156.785792,130,124,153
156.789793,129,123,154
156.795858,129,124,150
156.799782,128,125,157
156.805795,128,125,158
156.809793,128,124,153
156.815854,129,125,157
156.819783,130,127,157
156.825795,130,127,150
156.829793,131,126,148
156.835854,131,126,155
156.839852,131,126,154
156.845781,129,126,149
156.849804,129,125,151
156.855851,129,126,152
156.859843,128,125,151
156.865795,128,125,151
156.869791,128,126,151
156.875848,129,126,153
156.879849,129,128,152
156.885794,131,127,147
156.889790,132,128,156
156.895856,132,128,150
156.899849,131,127,142
156.905793,130,129,150
156.910792,130,127,161
156.916791,128,126,152
156.920797,127,127,148
156.926793,127,126,155
156.930792,127,125,152
156.936793,128,126,149
156.939860,130,125,152
156.945792,132,126,152
156.949767,132,127,145
156.955854,133,126,150
156.959876,132,126,151
156.965831,131,126,146
156.969828,131,127,153
156.975849,129,126,152
156.979941,129,126,149
156.985920,129,127,153
156.989875,129,126,151
156.995925,129,124,147
156.999928,129,125,147
157.005919,129,128,152
157.009865,129,125,152
157.015911,128,126,151
157.019926,127,126,152
157.025922,127,126,153
157.029918,128,126,151
157.036091,128,126,150
157.039925,129,127,154
157.046925,129,126,152
157.050918,130,126,151
157.054878,129,126,153
157.060919,129,126,151
157.064922,128,125,150
157.070924,128,125,152
157.074918,128,125,152
157.080923,128,126,152
157.084928,127,125,152
157.091924,127,125,155
157.095923,127,125,156
157.099927,127,126,155
157.105922,127,124,148
157.109925,128,125,153
157.115926,129,125,159
157.119925,129,124,150
157.125926,129,125,144
157.129918,130,126,151
157.135925,130,126,155
157.139928,128,126,150
157.145919,128,126,161
157.149922,127,126,158
157.155930,126,125,148
157.159898,126,127,153
157.165927,126,125,155
157.169918,126,127,157
157.178925,127,126,156
157.181926,129,126,152
157.185926,130,125,149
157.190920,131,127,150
157.196926,131,126,153
157.200929,130,124,156
157.206922,128,128,153
157.210926,127,128,148
157.215921,127,126,158
157.219925,128,126,159
157.225926,128,125,148
157.229922,129,126,151
157.235923,130,126,151
157.239923,130,126,153
157.245923,130,127,156
157.252919,130,124,154
157.255921,129,124,145
157.264919,129,124,150
157.268868,128,124,153
157.271928,128,127,155
157.281925,129,127,147
157.285917,130,126,156
157.286918,130,127,158
157.290918,129,124,149
157.294923,131,124,148
157.300840,132,125,161
157.304922,131,125,147
157.310920,131,125,145
157.314916,132,127,150
157.320925,131,126,152
157.324928,130,126,147
157.330923,129,126,152
157.334920,129,126,154
157.340868,128,126,151
157.347926,128,126,153
157.349917,128,126,156
157.355882,129,124,152
157.359912,130,123,151
157.365816,130,123,148
157.369839,131,124,153
157.375850,131,125,155
157.379877,132,124,148
157.385922,131,125,149
157.389932,131,124,152
157.395928,129,123,149
157.399926,128,124,153
157.405926,128,124,160
157.409921,127,126,151
157.415926,126,124,157
157.419925,127,124,161
157.425790,128,126,152
157.429879,130,127,148
157.435877,131,127,146
157.439888,132,127,145
157.445882,132,127,150
157.449869,131,127,149
157.455880,130,126,148
157.462883,129,125,148
157.465806,127,126,152
157.469918,126,125,154
157.475931,126,126,151
157.479874,127,127,154
157.485925,127,128,160
157.489925,128,129,156
157.495935,129,127,153
157.499929,129,126,145
157.505881,129,127,149
157.509922,130,125,153
157.515928,130,124,148
157.519977,131,125,142
157.525922,132,122,148
157.529927,131,122,149
157.535927,130,124,147
157.539925,130,123,155
157.545925,130,124,161
157.549921,128,124,154
157.555921,127,127,150
157.559934,127,127,157
157.565930,127,126,167
157.569863,125,127,155
157.575929,124,127,147
157.579928,124,130,154
157.585923,126,129,163
157.589927,127,127,154
157.595928,129,122,145
157.599927,131,119,143
157.605922,133,119,143
157.609931,132,126,145
157.615927,132,125,155
157.619880,131,123,154
157.625926,130,124,145
157.629912,129,126,150
157.635925,128,126,149
157.639924,127,126,141
157.645877,128,128,160
157.649927,129,128,168
157.655928,127,123,140
157.659999,128,125,144
157.668929,128,123,150
157.671927,128,124,158
157.675925,128,126,155
157.680925,129,129,149
157.686874,129,125,143
157.690920,130,125,150
157.696930,129,125,147
157.700929,129,128,155
157.705927,129,131,166
157.709923,131,129,156
157.715926,132,128,150
157.719928,134,130,155
157.726929,132,125,152
157.730930,130,124,151
157.734926,128,121,146
157.740922,126,122,152
157.744927,125,124,160
157.750927,124,127,159
157.754917,125,127,151
157.760870,126,126,148
157.764920,127,125,148
157.770924,127,127,153
157.774923,129,129,156
157.780868,131,127,157
157.784922,131,125,153
157.790924,130,127,151
157.794920,128,128,157
157.800928,127,124,158
157.807925,126,125,150
157.809918,126,126,149
157.814926,126,129,156
157.820927,127,129,151
157.824928,129,126,144
157.830919,131,125,155
157.834930,131,122,158
157.840789,131,125,153
157.844886,131,125,152
157.850882,131,125,156
157.854870,130,126,151
157.860884,130,126,150
157.864880,130,128,150
157.870874,131,127,148
157.874876,132,126,151
157.880826,132,126,150
157.884872,132,127,150
157.890878,130,126,151
157.894817,128,126,153
157.900886,126,125,154
157.904873,124,126,160
157.910880,124,125,159
157.914878,125,125,157
157.920832,127,127,149
157.924878,129,128,153
157.930873,131,126,159
157.934873,133,126,153
157.940889,134,126,153
157.944879,133,127,152
157.950879,132,127,149
157.955622,131,127,152
157.961050,128,127,155
157.964793,126,128,151
157.970795,126,125,148
157.974878,127,126,152
157.980875,127,126,152
157.984880,128,127,153
157.990872,130,127,155
157.994875,130,127,153
158.000913,130,126,145
158.004882,130,126,149
158.010879,130,126,151
158.014876,130,128,149
158.020872,130,127,147
158.024885,130,125,146
158.031882,131,126,144
158.035886,132,126,154
158.041878,131,127,153
158.045808,130,126,147
158.051878,130,128,154
158.054872,128,126,161
158.060873,127,127,154
158.064880,127,125,152
158.073884,128,127,155
158.076882,129,124,147
158.080879,131,125,148
158.084884,133,126,154
158.090871,134,122,147
158.094879,134,123,144
158.100879,133,123,144
158.104881,131,123,150
158.110876,129,123,151
158.114876,127,123,157
158.120885,126,122,152
158.124881,125,124,148
158.130879,126,125,153
158.134871,126,125,151
158.140879,128,125,150
158.144879,129,126,155
158.150880,130,126,146
158.154875,129,126,143
158.160879,129,127,156
158.164885,127,126,153
158.170876,126,126,150
158.174871,127,126,154
158.180880,127,126,149
158.184891,128,127,145
158.190883,130,127,150
158.194822,132,128,150
158.200879,133,128,140
158.204883,133,127,135
158.210833,134,126,137
158.214822,134,125,145
158.220814,132,128,151
158.227811,129,125,147
158.230802,127,126,150
158.234814,125,125,154
158.240811,123,127,157
158.244810,122,129,163
158.250813,123,124,164
158.254807,126,126,146
158.260811,128,127,135
158.264806,132,126,152
158.270810,133,125,146
158.274806,133,126,135
158.280806,134,127,147
158.284816,134,125,150
158.290806,131,128,132
158.294807,130,128,152
158.300814,128,126,166
158.304811,124,126,145
158.310809,123,129,147
158.314808,124,129,164
158.320811,126,125,153
158.324808,127,128,148
158.330812,129,129,150
158.334807,129,124,147
158.340809,129,125,149
158.344812,129,125,148
158.350790,128,123,144
158.354811,127,126,153
158.360807,126,123,152
158.367815,127,124,145
158.369804,128,124,156
158.375814,128,123,159
158.379809,128,126,144
158.385807,129,129,152
158.389811,130,128,164
158.395807,130,129,159
158.399814,128,130,143
158.405808,128,128,147
158.409807,127,128,154
158.415813,126,127,148
158.419808,126,125,142
158.425811,127,125,148
158.429808,128,124,150
158.435813,129,125,150
158.439809,131,124,153
158.445784,131,124,156
158.449815,130,124,148
158.456812,130,124,147
158.460812,130,125,156
158.464809,131,125,155
158.470804,131,127,151
158.474808,131,127,144
158.480806,130,128,143
158.484812,129,128,145
158.490807,129,127,152
158.494812,128,126,152
158.500809,127,127,150
158.504807,128,126,150
158.510813,128,124,150
158.514810,129,124,152
158.520787,129,124,150
158.524808,130,124,146
158.530813,132,126,149
158.535808,134,129,149
158.544750,135,127,143
158.548736,136,126,142
158.551850,134,129,140
158.561949,132,128,145
158.564879,131,125,147
158.566870,129,122,149
158.570900,127,125,155
158.574896,123,125,166
158.580823,120,124,165
158.584881,121,122,157
158.590889,123,125,153
158.594883,126,126,160
158.600877,129,126,150
158.604814,132,125,144
158.610811,136,127,148
158.614839,136,126,140
158.620836,136,126,134
158.624830,135,126,142
158.630834,134,128,156
158.634838,129,128,152
158.640842,125,128,155
158.644842,121,128,156
158.650839,119,128,160
158.654844,119,128,161
158.660883,121,128,156
158.664839,124,128,152
158.670843,127,127,151
158.674811,130,126,147
158.681941,132,124,147
158.685929,134,124,143
158.691930,134,124,138
158.695938,134,122,140
158.701929,132,124,146
158.705931,130,123,153
158.710933,129,124,160
158.714935,127,126,154
158.720936,127,125,148
158.724927,127,127,152
158.730937,128,128,155
158.734802,129,130,158
158.740779,129,130,153
158.744811,129,127,155
158.750802,128,127,148
158.754780,128,126,145
158.760805,128,126,155
158.764804,126,123,154
158.770803,127,121,148
158.774804,128,122,151
158.780801,130,123,158
158.784811,130,123,147
158.790806,131,126,148
158.794799,132,127,159
158.803849,131,127,155
158.806880,130,127,148
158.811046,128,127,153
158.814879,125,128,155
158.820801,123,128,155
158.824885,123,125,153
158.830879,123,124,149
158.837883,124,124,150
158.840901,126,124,153
158.844893,128,126,153
158.850880,130,126,155
158.854882,130,126,153
158.860828,130,126,149
158.864774,130,125,154
158.870893,129,125,150
158.874882,129,126,150
158.880886,129,127,153
158.884890,130,127,150
158.893886,131,126,145
158.896878,132,124,149
158.900883,131,126,145
158.904881,131,125,151
158.910882,130,126,152
158.914830,128,124,148
158.920892,126,128,152
158.924823,124,125,156
158.930828,123,124,166
158.934880,124,126,165
158.940923,126,126,152
158.944890,129,126,155
158.950884,132,126,155
158.954885,133,126,147
158.960879,134,126,149
158.964890,133,125,157
158.970886,131,123,144
158.974877,130,124,144
158.980885,129,127,152
158.984886,127,124,153
158.990825,125,125,153
158.994774,124,127,151
159.001894,125,129,158
159.005877,127,127,155
159.011891,128,125,147
159.015942,130,125,157
159.021890,130,125,156
159.025880,129,124,151
159.030883,129,124,158
159.034886,129,124,161
159.040886,127,125,150
159.044891,126,126,152
159.050830,126,125,154
159.054809,126,126,155
159.060818,127,126,158
159.064937,129,126,155
159.070932,131,125,156
159.074930,131,126,154
159.080937,131,127,152
159.084931,131,126,159
159.093935,130,128,160
159.096933,129,128,157
159.100878,128,127,161
159.104939,127,128,162
159.111927,124,124,146
159.115941,124,125,151
159.119822,125,126,169
159.125813,126,123,157
159.129938,129,124,149
159.135944,131,121,147
159.139924,132,123,144
159.145942,133,124,151
159.149902,133,125,157
159.158817,132,126,153
159.161794,130,126,150
159.165894,129,127,153
159.169877,128,126,153
159.175928,128,129,156
159.179903,128,129,157
159.185816,129,129,153
159.189814,130,129,148
159.195845,131,128,150
159.202847,131,126,150
159.205868,130,126,151
159.209843,130,126,157
159.215833,130,127,155
159.219849,129,127,148
159.225844,129,126,157
159.229842,128,126,152
159.235843,129,126,144
159.239856,132,127,153
159.245843,134,128,154
159.252807,134,128,143
159.254934,135,129,149
159.260935,134,127,151
159.264878,131,126,144
159.270934,129,126,149
159.274928,126,123,155
159.280929,124,124,152
159.284885,123,123,153
159.290830,124,122,157
159.294892,126,120,153
159.300885,128,122,146
159.304878,130,123,150
159.310816,132,123,150
159.314790,133,125,147
159.320945,134,126,146
159.324935,134,126,147
159.330943,132,126,146
159.334931,131,127,149
159.340940,129,128,156
159.344819,126,127,162
159.350803,124,128,156
159.354879,124,127,150
159.360936,124,128,152
159.364935,126,128,149
159.371944,128,127,152
159.375914,129,127,151
159.381770,130,124,147
159.385837,131,124,147
159.391935,131,125,148
159.394929,130,124,151
159.400937,129,126,155
159.404904,127,125,148
159.410933,126,125,151
159.414931,126,124,153
159.420935,126,121,151
159.424955,126,124,151
159.430928,128,124,151
159.434939,129,124,153
159.439913,129,123,150
159.445882,128,124,151
159.449933,127,124,155
159.455915,125,124,158
159.460038,124,125,155
159.465943,124,125,158
159.469937,125,123,154
159.475894,127,125,148
159.482933,129,123,156
159.484936,131,124,153
159.490931,133,124,146
159.494934,133,125,148
159.500935,132,126,146
159.507947,130,127,150
159.509930,128,126,155
159.514938,126,126,152
159.520934,125,126,152
159.524933,124,128,153
159.530943,124,127,155
159.534937,126,128,157
159.540937,128,126,151
159.544932,130,126,146
159.550935,131,127,150
159.554931,132,126,154
159.560931,132,124,149
159.564809,131,126,144
159.570893,130,124,148
159.574888,129,124,148
159.580889,128,125,148
159.584885,128,125,155
159.590814,128,124,156
159.594880,129,126,150
159.600878,130,126,158
159.604888,130,125,164
159.610887,129,124,150
159.614884,129,126,154
159.620894,128,125,159
159.624883,127,126,148
159.630890,128,126,151
159.634883,129,125,161
159.640879,129,127,149
159.644884,129,127,145
159.650888,130,126,151
159.654890,131,124,156
159.660890,130,127,154
159.664891,129,125,157
159.670886,128,127,154
159.674882,127,128,155
159.680886,126,126,158
159.684886,126,126,156
159.691894,126,128,153
159.696886,127,127,153
159.699891,128,126,148
159.705888,131,126,149
159.709825,132,126,147
159.715892,131,126,149
159.719894,130,126,154
159.725883,129,125,155
159.730886,129,124,154
159.736885,129,124,157
159.740889,128,126,153
159.746886,128,127,147
159.750886,129,126,154
159.755892,131,126,159
159.759828,131,127,148
159.765820,132,127,145
159.769932,132,126,144
159.775892,132,126,147
159.779938,131,127,151
159.785936,129,127,150
159.789936,127,124,150
159.795937,126,125,147
159.799910,127,125,150
159.805947,128,124,158
159.809945,129,126,152
159.816937,130,126,149
159.826937,131,125,148
159.829934,131,125,145
159.831929,132,127,152
159.843938,131,126,156
159.846933,129,126,145
159.847937,128,127,146
159.849931,127,127,154
159.855934,127,128,156
159.859939,126,128,151
159.865940,127,128,146
159.869968,128,126,143
159.875940,128,128,150
159.879938,129,128,161
159.885938,128,127,153
159.889937,127,125,150
159.895938,128,127,155
159.899941,127,127,155
159.905938,127,127,151
159.909933,127,126,153
159.915884,127,126,152
159.919919,128,126,144
159.926101,128,127,147
159.929878,129,128,153
159.935939,129,126,145
159.939939,128,127,146
159.945935,128,127,153
159.949933,127,127,154
159.955939,126,125,156
159.959937,125,127,160
159.965938,124,126,152
159.969934,124,128,157
159.976018,125,126,159
159.979941,126,127,152
159.985941,128,127,152
159.992935,129,125,153
159.994882,130,127,152
159.999943,130,127,150
160.005936,129,125,152
160.009935,127,124,152
160.015901,126,125,155
160.020093,126,124,157
160.025935,126,124,155
160.029949,126,127,155
160.034908,126,126,154
160.040939,127,128,153
160.044946,128,128,155
160.050944,129,129,158
160.055943,130,127,152
160.061938,130,126,145
160.065938,129,126,151
160.071942,127,125,153
160.075943,126,124,155
160.080936,125,123,156
160.084946,125,123,159
160.090885,126,122,155
160.094947,127,123,153
160.100941,129,124,151
160.104940,130,125,151
160.110934,131,126,147
160.114935,132,126,152
160.120939,133,125,155
160.124938,134,124,147
160.130930,133,125,148
160.134937,132,126,152
160.140943,130,125,149
160.144943,128,128,151
160.150943,127,127,154
160.154933,125,126,154
160.163945,125,125,150
160.166934,126,125,151
160.170941,128,126,153
160.174989,129,125,157
160.180882,131,126,148
160.185042,132,125,148
160.190936,133,125,151
160.194933,132,126,147
160.200880,132,125,148
160.204871,131,125,153
160.213941,130,124,152
160.216942,128,126,150
160.220934,128,124,151
160.224939,128,125,156
160.230935,128,125,152
160.234939,128,125,145
160.240945,128,126,154
160.244943,128,128,156
160.250941,127,126,155
160.254941,127,126,157
160.260937,126,126,148
160.264941,126,126,151
160.270938,127,127,159
160.274936,128,124,152
160.280945,129,124,151
160.284940,129,124,148
160.297940,130,124,149
160.299945,130,124,152
160.301941,129,125,154
160.305943,129,125,157
160.312941,127,125,150
160.315864,126,126,151
160.322939,124,124,156
160.325920,125,127,157
160.332944,125,126,152
160.335934,127,127,151
160.342921,129,127,147
160.345938,130,126,145
160.352948,131,126,152
160.355938,132,127,153
160.362933,131,126,146
160.366305,130,126,142
160.369895,129,126,147
160.375919,128,128,154
160.379903,127,128,152
160.385892,127,129,153
160.389892,127,126,152
160.394885,127,126,152
160.400893,127,125,156
160.404895,128,125,154
160.410878,128,125,152
160.414890,128,124,149
160.420895,129,124,151
160.424891,129,124,157
160.430894,129,124,157
160.434886,128,124,148
160.440840,128,125,151
160.444896,128,126,155
160.450898,128,127,153
160.454893,128,128,156
160.460877,128,126,153
160.464886,127,128,147
160.470840,126,127,152
160.474893,126,129,157
160.480893,125,129,156
160.484896,125,127,150
160.490894,125,129,150
160.494825,125,129,157
160.500889,125,126,155
160.504839,126,125,147
160.510837,127,126,150
160.514892,128,124,152
160.520894,129,125,149
160.524893,131,125,151
160.531900,131,125,152
160.535894,130,125,150
160.541892,129,127,154
160.545898,128,127,153
160.551842,128,128,157
160.554886,127,128,156
160.560893,127,129,147
160.564827,127,128,151
160.570894,126,128,157
160.574893,126,128,156
160.580845,127,127,153
160.584899,127,126,157
160.590887,128,125,153
160.594889,129,125,152
160.600838,130,125,144
160.604943,131,125,147
160.610947,132,126,150
160.614939,132,123,145
160.620945,132,124,147
160.624942,131,125,152
160.630931,130,124,151
160.634936,128,124,153
160.640945,127,125,153
160.644788,126,124,158
160.650850,125,126,153
160.654894,125,127,151
160.660892,126,125,154
160.664894,127,126,158
160.670888,127,124,154
160.674890,127,126,155
160.680900,128,125,154
160.684894,129,125,155
160.690837,129,127,153
160.694894,129,125,149
160.700891,130,127,153
160.704893,131,126,148
160.710889,131,123,147
160.714893,131,127,146
160.720899,130,127,147
160.724891,129,128,156
160.730895,127,126,152
160.734931,126,127,152
160.740940,124,127,160
160.744938,123,127,154
160.750943,122,127,154
160.754942,124,126,159
160.760938,126,125,152
160.764953,127,126,150
160.770952,129,126,149
160.774943,130,125,145
160.780944,132,125,153
160.784942,132,125,152
160.790939,131,125,146
160.794955,130,127,149
160.800959,128,125,155
160.804945,128,125,158
160.810950,127,125,153
160.814940,127,126,154
160.820942,127,126,153
160.824944,127,127,157
160.830946,127,126,157
160.834937,128,125,152
160.840939,127,125,152
160.844939,127,123,149
160.850949,127,123,150
160.854948,129,123,156
160.860888,129,123,153
160.864960,130,123,145
160.870949,130,123,146
160.874943,130,124,153
160.880949,130,127,155
160.884934,129,126,150
160.890939,129,126,149
160.894941,128,126,148
160.899942,128,129,150
160.905860,127,128,155
160.909940,127,127,153
160.915957,127,125,146
160.919944,127,125,147
160.925945,128,125,152
160.929941,128,124,153
160.935945,129,123,148
160.939945,130,122,145
160.945951,130,122,151
160.949948,131,124,154
160.955944,130,123,149
160.959943,130,122,152
160.965834,129,123,154
160.969947,129,125,152
160.975914,128,125,151
160.979940,128,127,155
160.985957,127,124,148
160.989937,127,126,149
160.995941,127,126,151
160.999874,126,125,151
161.005956,126,126,150
161.009944,126,125,154
161.016822,127,124,155
161.021897,127,126,153
161.025890,126,126,157
161.029895,126,125,154
161.035901,126,124,153
161.039894,127,126,157
161.045839,128,126,153
161.049897,128,124,148
161.055902,128,126,152
161.059899,128,124,152
161.065898,127,126,154
161.069911,126,128,154
161.075900,125,128,151
161.079903,125,128,153
161.085908,125,128,154
161.089899,126,128,152
161.096904,127,127,150
161.106898,129,128,147
161.109899,129,126,145
161.111894,130,127,154
161.122834,130,126,155
161.124894,129,126,148
161.126890,129,124,148
161.131893,128,124,154
161.135982,128,126,154
161.141891,128,125,152
161.145818,128,125,152
161.151907,128,124,148
161.154892,129,124,148
161.160895,129,124,153
161.164899,129,125,153
161.170895,129,125,149
161.174900,130,124,148
161.180902,131,126,150
161.184898,130,125,153
161.190891,130,126,154
161.194890,129,126,151
161.200893,128,127,150
161.204897,128,127,153
161.210893,127,126,153
161.214893,127,125,147
161.220902,127,125,149
161.224895,128,126,154
161.230889,128,124,151
161.234896,128,124,150
161.240891,128,125,156
161.244940,127,124,152
161.250892,126,125,150
161.254895,126,125,154
161.260896,127,125,157
161.264924,127,126,155
161.270897,127,124,152
161.274896,128,126,152
161.283900,128,127,150
161.286888,128,127,156
161.290895,128,126,153
161.294891,128,126,149
161.300895,128,127,153
161.304893,127,125,148
161.310891,126,126,148
161.314892,127,124,154
161.320895,127,123,151
161.324896,128,124,148
161.330818,129,126,154
161.334890,129,126,157
161.340901,128,127,151
161.344895,128,126,151
161.350827,128,127,159
161.354892,127,125,150
161.360900,127,125,149
161.364889,128,126,155
161.370896,127,126,151
161.374895,128,127,153
161.385902,128,126,158
161.388896,127,126,153
161.390887,126,126,151
161.397896,126,126,156
161.401833,126,127,159
161.408900,127,126,156
161.409888,128,128,155
161.415899,129,126,149
161.421841,129,128,151
161.425889,129,129,155
161.430896,129,126,157
161.434959,128,126,154
161.440896,128,125,148
161.444824,127,125,152
161.450844,126,124,152
161.454900,126,125,151
161.460894,126,123,150
161.464899,127,123,153
161.470901,129,125,151
161.474896,130,126,150
161.480897,131,127,154
161.484896,130,125,151
161.490838,129,127,149
161.494891,129,127,151
161.500896,128,126,151
161.504885,128,125,145
161.510898,129,126,149
161.514893,130,126,154
161.520894,130,126,150
161.524904,130,126,149
161.530892,130,125,150
161.534899,129,126,152
161.540893,128,126,152
161.544890,129,126,151
161.550898,129,126,150
161.554893,129,124,146
161.560845,129,126,146
161.564812,129,125,150
161.570850,129,126,154
161.574808,128,124,146
161.580820,129,124,148
161.584841,129,124,152
161.590889,128,126,146
161.594853,127,127,153
161.600899,126,126,159
161.604898,125,125,154
161.610895,125,126,151
161.614845,125,125,154
161.620904,126,126,151
161.624898,127,127,152
161.630893,128,126,151
161.634891,129,125,149
161.640899,129,128,150
161.644905,127,124,151
161.650895,127,125,152
161.654896,126,127,162
161.660867,125,126,156
161.664902,126,126,150
161.670894,126,126,151
161.674901,126,125,155
161.680903,127,126,154
161.684903,128,125,153
161.690850,128,126,149
161.694907,128,126,147
161.700900,127,125,156
161.704910,127,124,154
161.713905,127,123,145
161.715899,127,123,151
161.722898,127,123,154
161.725898,126,123,153
161.732902,128,124,161
161.735892,128,124,158
161.742910,128,124,145
161.745958,129,124,148
161.752814,129,123,152
161.755904,129,127,153
161.762908,129,125,149
161.765903,129,126,149
161.772899,128,126,148
161.775842,127,125,156
161.782901,126,127,162
161.785898,126,126,153
161.794899,127,126,150
161.797892,127,125,148
161.799899,128,124,147
161.805895,130,127,156
161.809904,130,124,157
161.815897,129,125,153
161.819899,129,126,151
161.828938,128,126,159
161.831901,127,124,155
161.835902,125,124,152
161.840900,125,125,151
161.848901,126,126,156
161.851906,128,124,152
161.855906,129,121,142
161.861901,131,123,146
161.865902,131,124,152
161.870895,130,125,157
161.874896,129,125,155
161.880902,128,124,156
161.884837,126,127,158
161.890905,125,125,152
161.894898,125,127,151
161.900904,126,128,157
161.904900,127,127,151
161.910904,129,126,145
161.914903,130,126,147
161.920900,132,127,153
161.924909,132,126,150
161.930896,130,126,151
161.934903,129,126,148
161.940905,127,125,152
161.944900,126,127,158
161.950903,125,126,157
161.954904,126,125,152
161.960788,128,126,151
161.967914,129,127,150
161.971907,130,128,154
161.975905,131,127,149
161.979903,132,124,149
161.985902,131,125,146
161.989876,129,125,144
161.995909,129,125,148
161.999902,127,123,150
162.005898,127,124,153
162.012836,126,124,150
162.014890,127,124,149
162.020903,128,125,150
162.024909,129,128,153
162.030908,130,126,148
162.034896,131,127,148
162.040904,131,128,148
162.044905,130,128,150
162.050903,128,126,157
162.054902,126,125,160
162.060903,124,125,148
162.065000,125,125,149
162.070954,125,126,158
162.074951,125,124,149
162.080890,126,124,154
162.084945,127,124,157
162.090956,128,125,152
162.094954,129,126,150
162.100953,130,123,150
162.104944,130,125,148
162.110819,129,126,146
162.114909,129,125,147
162.120906,128,124,151
162.124821,127,125,155
162.130944,125,124,156
162.134880,124,126,153
162.140960,122,124,156
162.144953,122,124,161
162.150966,123,124,155
162.154899,124,123,152
162.160959,125,125,156
162.165717,126,124,153
162.171064,128,126,153
162.174847,129,124,155
162.180845,130,123,153
162.184871,130,124,151
162.190858,130,125,153
162.197861,129,126,156
162.200855,127,126,152
162.204857,125,127,157
162.210853,124,128,161
162.214863,124,128,162
162.220859,125,127,160
162.224850,125,127,152
162.230857,126,126,151
162.234855,126,126,160
162.240854,126,124,158
162.244865,127,126,150
162.250855,129,126,150
162.254860,129,125,153
162.260860,129,125,151
162.264861,129,125,152
162.270862,130,126,153
162.274803,130,127,152
162.283833,129,126,147
162.285818,129,124,151
162.292824,130,125,158
162.294817,129,126,155
162.300828,129,127,148
162.304825,129,125,149
162.310823,129,126,154
162.314827,128,127,152
162.320823,128,127,150
162.325828,128,128,153
162.331827,127,126,153
162.335826,128,125,154
162.341826,130,126,152
162.345825,130,125,150
162.350788,131,126,150
162.354825,132,125,152
162.360827,132,125,153
162.364798,132,126,157
162.370774,130,126,150
162.375967,128,127,149
162.384952,127,126,153
162.388953,126,127,157
162.401954,125,128,153
162.404951,124,127,148
162.406863,125,126,155
162.407947,127,124,153
162.412932,127,125,149
162.414953,129,125,155
162.420961,129,126,153
162.424955,129,124,143
162.430835,130,124,150
162.434905,129,124,159
162.440905,128,126,151
162.444929,128,127,150
162.450913,127,127,154
162.454912,127,128,154
162.460908,126,128,153
162.464843,127,127,153
162.473900,126,126,150
162.476902,127,125,153
162.483905,127,125,158
162.486897,126,124,153
162.490904,126,125,153
162.497906,127,124,154
162.499898,128,122,154
162.504904,129,124,152
162.510845,129,124,153
162.514912,129,125,153
162.520904,130,125,151
162.524925,130,125,154
162.530906,128,126,154
162.534862,127,126,150
162.540907,126,126,154
162.544906,126,124,155
162.550904,125,124,155
162.554907,125,126,156
162.560913,124,125,153
162.564906,124,126,155
162.570905,125,127,160
162.574908,126,128,157
162.580904,127,128,156
162.584901,127,127,155
162.590903,128,125,149
162.594903,129,126,153
162.600912,129,125,153
162.604852,129,124,153
162.610903,128,123,151
162.614907,129,122,151
162.620909,129,125,154
162.624834,128,125,153
162.630901,127,125,155
162.634901,125,125,159
162.640907,124,125,164
162.644851,124,124,158
162.650849,126,125,153
162.654911,127,125,151
162.660912,128,126,154
162.664899,130,125,152
162.670904,131,125,148
162.674854,131,125,149
162.681912,131,125,150
162.685903,130,124,151
162.691912,129,127,150
162.695907,128,127,154
162.701911,126,127,155
162.705900,126,125,150
162.710908,127,125,155
162.714908,128,125,156
162.720904,129,126,149
162.724913,130,127,152
162.730908,131,127,159
162.737907,130,123,154
162.739907,130,123,148
162.744909,129,124,147
162.750907,129,125,152
162.754912,128,123,149
162.760908,128,123,147
162.764907,129,124,155
162.770841,129,125,156
162.774797,129,126,146
162.780794,129,127,151
162.784805,129,126,161
162.789791,126,127,161
162.795805,125,127,156
162.799799,126,126,153
162.805797,126,128,150
162.809796,127,127,154
162.815799,128,126,152
162.819797,128,125,144
162.825798,129,125,148
162.829788,130,123,153
162.835798,129,125,146
162.842801,129,126,154
162.848799,128,127,157
162.850792,127,123,152
162.857800,126,125,152
162.860798,126,125,159
162.867800,126,126,157
162.870792,126,128,152
162.877798,127,127,151
162.880796,128,128,158
162.887800,127,126,151
162.890791,127,126,149
162.897795,127,125,152
162.900796,127,126,156
162.907858,126,125,157
162.910830,126,125,154
162.914816,126,125,153
162.920901,126,126,159
162.924912,127,127,162
162.930829,127,127,156
162.934907,129,126,156
162.940909,128,125,148
162.944907,129,126,152
162.950907,130,126,154
162.954906,130,125,146
162.960911,129,124,146
162.964910,129,125,149
162.971066,127,127,151
162.974905,126,127,155
162.980905,126,127,156
162.984914,126,126,149
162.991910,126,126,150
162.995927,127,127,158
163.001912,128,124,154
163.005910,129,126,151
163.011909,130,124,146
163.014895,132,123,145
163.020910,132,124,147
163.024905,133,123,148
163.030914,133,124,147
163.034905,132,124,143
163.040909,131,127,149
163.044900,129,126,150
163.050902,128,127,148
163.054908,127,126,149
163.063912,126,127,157
163.065900,127,127,153
163.072911,128,126,148
163.074854,130,127,151
163.079957,130,125,150
163.085959,129,125,146
163.089950,129,126,148
163.095958,130,125,154
163.099958,129,125,146
163.105952,128,124,143
163.109957,127,124,152
163.115957,126,123,153
163.119972,125,124,149
163.125965,127,124,150
163.129950,128,123,147
163.135917,129,124,149
163.139958,130,124,150
163.145954,131,123,146
163.149963,129,126,149
163.155957,127,127,151
163.159914,125,126,149
163.165952,124,124,155
163.169956,123,126,158
163.175956,124,127,150
163.179959,125,127,151
163.185950,125,126,154
163.189952,126,124,152
163.195955,127,123,151
163.199969,128,122,154
163.205835,128,124,149
163.212868,128,124,151
163.215908,127,124,156
163.219912,127,126,153
163.225909,126,126,153
163.229908,126,126,157
163.235911,125,126,152
163.239911,126,127,149
163.245921,126,128,159
163.249911,126,128,157
163.255917,127,128,149
163.259910,127,128,146
163.265910,127,127,152
163.269912,126,127,148
163.275910,126,126,149
163.279862,127,126,157
163.285936,127,126,152
163.289918,127,124,146
163.295914,128,124,155
163.299911,128,123,156
163.305912,128,123,151
163.309934,128,123,151
163.315918,130,125,150
163.319908,131,124,150
163.325915,131,125,151
163.329851,132,126,148
163.335916,131,125,150
163.339912,130,126,153
163.345911,128,125,151
163.349855,127,127,156
163.355918,125,125,157
163.359917,125,126,156
163.365911,125,126,153
163.369911,126,126,153
163.375916,129,127,156
163.379848,130,128,152
163.385945,131,127,149
163.389959,131,127,151
163.395958,131,125,150
163.399937,130,126,149
163.405959,128,125,155
163.409952,126,124,155
163.415968,125,122,152
163.419972,125,120,155
163.425995,125,122,161
163.429964,126,123,157
163.435957,127,123,156
163.439960,127,125,155
163.445956,128,124,155
163.449955,128,125,155
163.455956,129,125,152
163.459960,129,126,148
163.465955,129,126,148
163.469953,129,126,152
163.475959,128,126,155
163.479962,128,126,152
163.485958,128,127,156
163.489957,127,126,155
163.495992,126,127,154
163.499962,126,129,157
163.508959,126,127,158
163.510953,126,127,152
163.514952,127,127,148
163.520933,129,126,153
163.524959,129,126,151
163.530959,130,126,151
163.534880,130,124,154
163.540962,130,125,154
163.544957,129,126,150
163.550958,128,126,151
163.554955,127,125,159
163.560955,125,125,159
163.564937,125,126,154
163.570951,126,125,156
163.574957,127,126,161
163.580962,127,125,151
163.584972,128,125,151
163.590954,129,126,156
163.594956,129,126,150
163.600961,129,127,149
163.604962,129,125,153
163.610955,128,123,150
163.614956,127,124,151
163.620942,127,123,152
163.624945,127,124,157
163.630955,127,125,160
163.634979,127,126,154
163.640968,128,126,153
163.644964,128,127,155
163.650964,128,127,151
163.655958,129,127,150
163.664963,129,125,153
163.668962,129,126,148
163.671957,129,127,144
163.681958,129,124,151
163.685000,128,127,156
163.686954,127,124,151
163.690955,127,125,153
163.694959,127,125,155
163.700915,128,127,149
163.704954,129,126,151
163.710955,129,126,155
163.714964,129,126,149
163.723972,129,127,147
163.726954,130,126,151
163.733959,130,126,152
163.736972,129,125,148
163.740960,129,123,151
163.744959,127,125,155
163.750954,127,124,150
163.757962,126,124,153
163.759955,126,125,154
163.765963,127,124,156
163.769908,127,125,152
163.775968,128,126,153
163.780952,129,126,152
163.786958,130,126,149
163.790961,130,126,145
163.796957,130,126,149
163.800955,129,126,152
163.808959,129,124,148
163.810951,128,124,147
163.817957,127,126,153
163.819960,126,126,152
163.824970,126,127,149
163.830901,126,128,151
163.834962,127,127,154
163.840959,127,126,147
163.844919,128,128,150
163.850912,128,127,153
163.854963,128,126,149
163.860961,129,126,150
163.864965,129,124,151
163.870964,128,125,150
163.874960,128,125,150
163.880961,127,124,154
163.884959,127,126,155
163.890952,127,124,148
163.894958,128,126,150
163.900964,128,124,148
163.904963,129,125,147
163.910964,129,124,149
163.914955,130,125,154
163.920958,129,124,149
163.924961,129,126,148
163.930965,128,126,153
163.934855,126,125,150
163.940974,126,126,149
163.944962,126,126,154
163.950957,127,125,152
163.954955,127,126,149
163.960974,127,126,150
163.964963,128,126,155
163.970955,128,126,152
163.974956,128,126,149
163.980962,128,126,150
163.984957,128,125,153
163.990905,128,126,148
163.994960,128,124,150
164.000964,128,127,155
164.004852,127,127,152
164.010958,126,127,153
164.015114,127,126,155
164.020962,126,125,153
164.024960,126,127,154
164.030961,127,126,152
164.034899,127,125,154
164.040955,128,124,152
164.044964,129,124,147
164.050965,129,124,145
164.054912,129,125,149
164.060976,129,124,148
164.064964,129,125,150
164.070956,128,125,153
164.078959,127,124,151
164.081907,126,127,153
164.085952,126,127,158
164.089874,126,128,159
164.095966,127,127,152
164.102978,128,128,149
164.104956,129,128,148
164.110959,130,128,145
164.117965,131,127,147
164.119897,131,127,148
164.125958,130,126,148
164.129962,129,126,148
164.135962,128,124,152
164.139961,128,125,156
164.145913,127,125,152
164.152989,127,126,153
164.154910,127,127,156
164.160966,127,126,156
164.166965,128,126,156
164.170923,129,127,157
164.176976,129,126,149
164.180964,129,125,150
164.185957,128,125,153
164.189963,127,126,156
164.195963,126,125,153
164.199961,126,125,151
164.205957,126,126,150
164.209965,127,127,153
164.218959,128,124,153
164.222954,129,126,153
164.224959,129,125,150
164.230966,129,127,154
164.234965,128,127,159
164.240967,127,126,157
164.244956,126,126,152
164.250831,126,126,154
164.254972,127,126,155
164.260965,127,126,151
164.264960,128,127,150
164.270941,128,125,154
164.274963,128,125,155
164.280965,127,124,152
164.284964,127,125,155
164.290892,127,125,156
164.294955,128,126,154
164.300978,128,128,152
164.304963,128,129,155
164.310963,129,128,153
164.314963,129,129,150
164.320965,130,128,152
164.324970,129,128,155
164.330966,129,127,153
164.334963,128,126,151
164.340965,128,125,152
164.344959,127,124,148
164.350941,127,124,152
164.354958,127,124,155
164.360968,128,123,151
164.364945,128,124,150
164.370964,130,123,153
164.374960,130,126,153
164.381965,130,125,151
164.385959,130,126,153
164.389959,130,126,152
164.395969,130,125,150
164.399968,130,126,149
164.405974,130,127,151
164.409959,129,126,153
164.415971,128,127,155
164.419966,126,125,156
164.425963,125,125,158
164.429963,125,127,151
164.435898,125,126,153
164.439970,127,126,157
164.445966,129,126,150
164.449966,130,125,147
164.454940,131,126,151
164.460970,132,126,150
164.464968,131,126,153
164.470897,130,124,153
164.474963,129,123,150
164.480968,127,126,151
164.485134,125,126,153
164.490963,125,127,157
164.494967,125,126,156
164.500963,126,126,152
164.504961,126,125,147
164.510962,127,125,149
164.514960,128,125,148
164.520909,130,127,153
164.524961,131,128,152
164.530961,130,127,148
164.534969,129,126,144
164.540968,129,127,146
164.544967,129,126,155
164.550916,128,126,157
164.554960,129,125,152
164.560961,129,125,147
164.564970,130,125,149
164.570971,129,125,152
164.574963,129,126,151
164.580969,129,125,153
164.584967,129,124,152
164.590967,128,124,147
164.594940,128,124,146
164.600962,128,124,150
164.604964,129,124,153
164.610968,129,126,151
164.614966,128,127,148
164.621963,128,126,151
164.625961,128,128,159
164.631924,128,128,158
164.635968,128,127,147
164.641961,127,128,149
164.645956,127,128,151
164.650961,126,127,158
164.654971,126,126,155
164.660967,125,125,149
164.664949,126,126,149
164.670961,126,126,156
164.674960,127,125,153
164.680966,128,126,149
164.684964,128,125,154
164.690881,128,126,151
164.694963,127,124,153
164.700969,128,124,157
164.704897,129,124,154
164.710968,128,125,147
164.714972,128,125,147
164.720967,128,125,151
164.724968,128,126,154
164.730968,128,126,154
164.734962,127,127,152
164.740963,126,126,151
164.744968,126,127,158
164.750967,126,127,159
164.754909,126,127,153
164.760979,127,127,150
164.764907,128,127,151
164.770961,129,127,150
164.782965,130,126,151
164.783976,131,127,156
164.785958,130,126,148
164.791969,129,127,149
164.795966,130,126,153
164.801967,130,125,153
164.805965,129,125,147
164.811977,128,124,148
164.815970,128,126,158
164.821903,127,125,155
164.825964,127,127,150
164.831980,128,127,150
164.834898,128,127,155
164.839967,127,127,153
164.845967,127,125,152
164.849967,129,126,159
164.858945,128,125,151
164.860961,129,126,147
164.864970,129,126,150
164.870970,130,126,151
164.874904,130,127,147
164.880975,130,126,149
164.887967,130,127,155
164.889957,129,126,150
164.895966,129,127,148
164.899971,128,127,155
164.905964,128,126,152
164.909969,128,126,144
164.915964,129,125,153
164.919967,129,125,160
164.925912,128,125,151
164.929962,128,125,149
164.937344,129,124,155
164.946856,127,124,154
164.950917,126,124,160
164.951925,126,123,157
164.963926,127,124,159
164.966911,128,126,153
164.967922,128,127,151
164.969913,128,128,155
164.975841,128,127,158
164.979888,128,129,154
164.986971,127,127,150
164.990960,128,127,151
164.994963,128,126,153
165.000962,128,126,151
165.004966,128,127,153
165.010970,127,127,151
165.014959,127,127,150
165.020965,127,128,159
165.025964,127,127,156
165.031989,128,127,150
165.035968,128,125,150
165.041964,128,123,150
165.045970,128,125,152
165.050962,128,124,154
165.054965,129,123,157
165.060972,129,122,149
165.064962,129,124,150
165.070965,129,126,155
165.074961,129,125,155
165.080833,129,125,152
165.084964,130,124,148
165.090965,131,126,150
165.094939,131,127,146
165.100984,131,129,147
165.104967,131,129,155
165.110963,130,127,157
165.114937,129,127,147
165.120967,128,126,148
165.124968,127,125,158
165.131984,126,124,158
165.135969,126,124,149
165.139967,128,124,149
165.145968,129,124,151
165.149962,130,124,146
165.155976,131,124,149
165.159982,132,124,158
165.165965,131,126,153
165.169970,129,125,149
165.178973,128,126,156
165.180962,127,127,157
165.186964,126,126,152
165.190945,126,126,152
165.194912,126,127,146
165.200972,128,125,149
165.204972,129,127,157
165.210959,129,126,153
165.214966,130,125,147
165.220967,129,124,148
165.224962,129,123,150
165.230976,129,125,151
165.234964,128,125,150
165.243968,128,126,151
165.248970,127,125,148
165.250961,128,126,154
165.256969,129,127,153
165.259967,129,127,151
165.264966,130,128,150
165.270971,130,127,150
165.277968,128,126,151
165.279962,128,126,152
165.285970,127,127,148
165.289970,127,127,150
165.295973,128,127,149
165.299982,128,128,152
165.305942,128,128,153
165.310971,129,126,152
165.316972,129,126,149
165.320970,129,127,152
165.326963,129,127,157
165.330965,128,126,153
165.336966,128,126,153
165.339885,127,124,153
165.345897,127,124,152
165.349964,127,124,152
165.355974,128,123,151
165.362975,128,124,154
165.364971,128,124,152
165.370964,128,124,153
165.374889,128,124,155
165.383970,128,125,153
165.388968,128,126,150
165.390961,128,128,152
165.394972,128,128,158
165.400969,127,128,150
165.404978,127,129,149
165.410974,127,129,158
165.414971,127,128,160
165.420967,126,127,152
165.424955,127,126,152
165.430970,127,127,153
165.434969,127,127,155
165.440970,127,125,157
165.444912,128,125,154
165.450978,129,124,147
165.454967,129,126,148
165.460969,130,125,150
165.464940,131,127,153
165.470973,131,126,154
165.478973,130,126,156
165.480970,129,126,151
165.486917,129,125,154
165.489971,129,125,160
165.494951,128,126,153
165.500969,128,125,150
165.504972,128,127,150
165.510909,129,127,149
165.514964,129,127,156
165.520974,130,127,154
165.524974,129,127,147
165.530974,128,126,152
165.534973,128,125,160
165.540966,128,128,156
165.544971,128,129,151
165.550972,128,127,154
165.554971,128,127,152
165.560966,130,127,150
165.564981,131,126,152
165.570966,133,128,152
165.574967,132,129,149
165.580927,131,127,154
165.584972,130,126,153
165.590981,128,127,148
165.594974,127,128,151
165.600968,126,127,153
165.604973,126,127,150
165.610889,127,125,148
165.614982,129,127,153
165.620973,131,126,153
165.624963,131,125,147
165.630972,133,124,147
165.634965,133,125,153
165.640982,132,124,149
165.644972,130,124,144
165.650976,129,124,152
165.654963,128,125,159
165.660972,126,124,150
165.667973,126,126,154
165.672973,127,126,159
165.674977,128,124,149
165.680951,130,127,149
165.684974,131,127,154
165.690903,131,126,153
165.694973,130,126,150
165.700969,130,125,154
165.704957,129,126,152
165.711976,128,126,148
165.715974,127,127,153
165.721974,127,127,155
165.725965,127,126,151
165.731974,127,127,151
165.735972,127,127,153
165.740993,128,126,155
165.744968,128,125,155
165.750970,128,124,150
165.754969,127,123,150
165.760975,127,124,150
165.764973,127,123,150
165.770968,127,124,153
165.774975,127,124,153
165.780973,128,124,149
165.784972,128,126,152
165.790872,129,126,156
165.794970,129,127,155
165.801007,129,125,148
165.804970,129,124,157
165.810969,127,125,156
165.814969,126,126,148
165.820899,127,127,155
165.824981,128,126,159
165.830969,128,127,150
165.834974,129,126,148
165.843917,129,125,152
165.846978,129,126,151
165.850969,129,126,152
165.854972,129,126,156
165.860974,128,124,148
165.864911,128,126,150
165.871130,128,128,152
165.874977,128,128,156
165.880974,129,127,154
165.884972,129,127,151
165.890965,129,127,150
165.894921,128,126,147
165.900976,128,126,151
165.904975,128,126,156
165.910978,128,125,154
165.914979,128,124,149
165.920975,128,125,147
165.924908,129,125,153
165.930974,130,126,155
165.934956,130,126,154
165.940989,130,127,149
165.944977,130,126,148
165.950973,131,128,150
165.954976,131,127,147
165.960971,131,127,145
165.964856,131,127,147
165.970987,130,126,151
165.974969,129,126,151
165.980971,129,126,151
165.984952,129,125,151
165.993971,128,127,148
165.996985,128,128,151
166.000972,128,127,156
166.004906,129,126,148
166.010914,130,125,144
166.014966,131,127,151
166.020980,131,126,149
166.026971,131,124,149
166.029892,131,125,156
166.034970,129,122,153
166.040976,128,124,145
166.044972,127,125,147
166.050980,128,125,156
166.054975,128,128,158
166.060979,128,128,148
166.064976,128,130,146
166.070972,129,128,152
166.074996,129,127,150
166.080971,129,126,146
166.084974,130,128,153
166.090967,129,127,153
166.094970,128,127,148
166.100896,127,126,152
166.104968,126,125,161
166.110970,125,125,153
166.115000,126,127,149
166.120983,126,128,157
166.124973,127,127,153
166.130964,127,128,151
166.134971,128,125,156
166.143970,128,126,150
166.146974,129,125,149
166.150967,130,125,151
166.154977,130,125,144
166.160977,130,126,150
166.164974,129,124,157
166.170974,128,123,151
166.174966,127,125,152
166.180990,127,126,160
166.184974,126,126,153
166.190973,126,126,151
166.194959,128,127,159
166.200983,129,125,153
166.207976,129,126,150
166.209970,129,125,150
166.216989,130,123,150
166.225987,129,124,150
166.229971,129,124,154
166.231978,128,124,155
166.242976,128,123,154
166.244969,129,122,149
166.247089,129,125,147
166.250975,129,126,147
166.254969,131,126,154
166.260970,132,128,153
166.264899,131,126,148
166.271148,131,130,159
166.274970,128,129,160
166.283976,126,126,157
166.286971,125,127,151
166.290916,124,127,155
166.294972,124,126,154
166.301977,126,126,154
166.305976,127,126,155
166.311973,130,125,152
166.317972,132,123,147
166.320977,133,125,142
166.326970,133,126,147
166.331410,133,126,156
166.335979,132,123,159
166.339927,129,125,154
166.345980,127,124,156
166.349977,125,127,167
166.355978,122,125,158
166.359959,123,125,159
166.365972,123,126,161
166.371968,125,126,157
166.374957,127,127,150
166.379980,130,125,152
166.385969,132,126,153
166.389974,131,124,152
166.395973,130,125,150
166.399977,130,123,156
166.405974,129,124,161
166.409969,128,127,158
166.415975,126,128,156
166.419973,126,127,164
166.425970,126,128,162
166.429977,127,129,157
166.435966,128,130,158
166.439978,130,127,156
166.448975,131,126,146
166.451950,131,125,143
166.455977,131,127,145
166.459987,131,125,151
166.465977,130,126,146
166.469975,128,126,151
166.478973,128,126,160
166.480975,126,126,156
166.486974,127,126,156
166.489978,127,127,161
166.494972,129,127,163
166.500969,131,129,161
166.504972,132,129,157
166.510973,133,129,155
166.514976,133,125,148
166.520983,132,124,149
166.524971,130,125,150
166.530975,129,123,151
166.534973,127,123,150
166.541974,127,123,149
166.545917,128,122,153
166.549971,129,124,159
166.556984,130,125,154
166.560919,131,126,150
166.564976,133,127,153
166.570972,134,129,154
166.574967,133,129,145
166.579986,133,131,146
166.585981,132,128,151
166.589941,129,128,148
166.595976,127,125,144
166.602976,125,126,150
166.604956,124,126,153
166.610974,124,124,151
166.614972,125,127,149
166.620977,127,125,146
166.624972,129,125,150
166.632029,131,126,151
166.638939,133,128,149
166.641847,135,129,152
166.645933,136,127,148
166.651936,137,127,143
166.655931,135,128,141
166.660916,134,125,149
166.664938,131,125,154
166.670930,128,126,150
166.674931,126,124,145
166.680931,125,124,149
166.684926,124,124,147
166.690881,125,123,145
166.694923,128,124,150
166.700935,129,124,149
166.704932,131,125,144
166.710927,132,126,145
166.714927,132,126,149
166.720936,131,128,149
166.724932,130,128,148
166.730931,129,127,153
166.734885,128,128,151
166.740960,126,128,147
166.744924,125,127,150
166.750920,125,128,154
166.754919,125,128,152
166.760931,125,127,150
166.764936,125,126,147
166.773936,126,125,147
166.776974,127,124,153
166.780871,127,126,152
166.784932,128,126,147
166.790984,129,125,149
166.794987,130,126,152
166.800982,129,124,152
166.804982,129,127,154
166.810984,129,126,149
166.814980,129,126,144
166.820979,128,128,148
166.824979,126,126,148
166.830972,125,124,152
166.834973,124,125,156
166.840973,124,125,151
166.844976,124,127,150
166.850978,125,126,155
166.854975,126,123,155
166.860848,127,124,150
166.864945,128,123,150
166.870932,130,125,154
166.874931,131,127,148
166.880928,132,126,145
166.884936,132,126,151
166.890926,132,125,149
166.894926,131,124,145
166.900936,131,125,151
166.904924,129,125,156
166.910865,127,126,152
166.914930,125,124,151
166.920931,124,124,156
166.924874,124,126,158
166.930930,125,128,152
166.934928,127,129,157
166.940932,129,128,159
166.948938,130,127,150
166.950919,131,127,147
166.954967,131,124,149
166.960929,131,125,155
166.964932,130,124,151
166.973929,130,122,155
166.978929,129,121,157
166.983926,127,123,152
166.986920,126,124,152
166.990923,126,126,159
166.997975,128,128,163
166.999975,128,128,154
167.006974,129,127,150
167.010954,130,127,149
167.017975,131,127,148
167.019924,131,129,154
167.025982,129,127,152
167.029981,128,126,153
167.035980,128,125,153
167.039991,128,126,157
167.046016,128,128,156
167.049979,129,128,157
167.055979,129,127,156
167.061865,129,126,152
167.065953,129,127,151
167.071979,130,126,153
167.075982,131,125,147
167.080982,132,123,143
167.084933,133,125,148
167.090979,132,126,152
167.094923,131,126,148
167.100982,132,128,157
167.104979,131,127,158
167.110939,129,128,157
167.114977,127,130,155
167.120979,127,129,159
167.124983,128,129,158
167.130966,129,129,148
167.134920,130,128,147
167.140983,131,126,148
167.144884,132,127,152
167.150981,132,126,153
167.154974,131,127,151
167.160898,129,125,151
167.167990,128,126,157
167.169972,126,126,153
167.175981,125,125,153
167.179980,126,126,160
167.185975,127,127,156
167.189979,129,131,149
167.195974,131,131,153
167.199994,131,128,158
167.205974,131,127,153
167.209977,129,125,147
167.215984,129,126,156
167.219981,128,124,152
167.225996,127,123,149
167.229954,127,122,152
167.235978,126,124,154
167.240004,126,125,156
167.245974,127,125,158
167.249971,128,124,158
167.255979,130,126,160
167.259979,130,126,156
167.265984,130,127,148
167.269981,130,126,151
167.275994,130,128,158
167.279923,130,126,151
167.285980,130,124,140
167.289979,130,125,143
167.295979,130,127,152
167.299958,129,127,153
167.305979,129,125,153
167.309982,129,125,152
167.315978,128,124,148
167.319988,127,125,147
167.325954,128,124,159
167.332984,129,125,161
167.334972,129,125,152
167.340980,129,127,152
167.344990,130,126,152
167.350984,130,123,156
167.354976,129,123,154
167.360980,128,123,149
167.364994,128,123,152
167.370976,129,126,154
167.375025,130,125,143
167.381979,131,126,147
167.385983,130,127,156
167.389977,129,127,151
167.395992,129,127,149
167.402984,130,128,154
167.404985,130,128,156
167.410986,128,129,150
167.414977,127,128,154
167.421924,126,129,164
167.425979,126,126,153
167.431980,126,127,146
167.435851,127,128,147
167.441980,128,127,149
167.447978,128,127,154
167.449951,128,123,155
167.455982,128,124,149
167.459985,128,125,150
167.465992,128,124,155
167.469976,128,125,156
167.475980,128,126,154
167.480005,130,128,156
167.485996,132,128,149
167.489974,133,128,145
167.496995,134,129,148
167.505983,133,127,150
167.509922,131,128,148
167.511927,129,129,147
167.522985,127,127,154
167.524975,125,127,154
167.526962,124,125,154
167.530976,125,126,156
167.534978,127,127,145
167.543986,129,127,148
167.545983,131,127,154
167.551983,132,126,151
167.554927,133,128,146
167.559992,134,127,145
167.565990,134,126,143
167.569984,134,125,142
167.578978,134,126,148
167.580976,132,125,148
167.586924,130,128,145
167.590978,129,124,148
167.594984,128,124,153
167.600983,126,123,150
167.604979,126,125,152
167.610977,126,126,158
167.614980,126,126,159
167.620982,127,126,159
167.624978,129,124,155
167.630969,130,124,144
167.634978,131,127,144
167.640989,131,127,153
167.644983,131,125,154
167.650918,131,126,150
167.654976,131,127,146
167.660983,130,128,150
167.664982,127,127,147
167.670978,126,129,156
167.674981,125,127,160
167.680854,124,127,152
167.684942,124,127,151
167.690927,126,126,149
167.694951,128,123,150
167.700938,130,126,153
167.704936,130,125,146
167.710931,130,124,143
167.714931,131,122,150
167.720939,130,121,157
167.724928,129,123,153
167.730935,127,123,152
167.734928,126,122,154
167.740936,125,123,155
167.744933,125,124,157
167.750938,127,127,166
167.754935,127,127,152
167.760941,128,128,146
167.764882,128,129,155
167.770976,129,128,164
167.774976,129,130,154
167.780973,129,128,145
167.784976,130,127,145
167.790977,130,128,147
167.794962,130,128,145
167.804009,130,129,149
167.805977,131,129,152
167.809983,130,128,146
167.816001,129,128,146
167.819983,129,127,154
167.825984,128,127,158
167.829981,126,126,160
167.835983,126,123,159
167.839986,125,124,157
167.845933,125,125,152
167.849986,126,124,155
167.855986,128,124,152
167.859983,129,124,153
167.868984,131,125,155
167.870974,132,125,149
167.874984,133,124,141
167.880982,133,124,144
167.889903,133,122,152
167.891998,132,127,155
167.896024,131,129,151
167.904991,130,129,161
167.906976,129,128,155
167.910974,127,130,151
167.918985,126,128,154
167.921985,126,129,159
167.928980,126,129,155
167.931985,127,127,152
167.935930,127,124,152
167.941987,127,123,152
167.945978,127,124,156
167.949984,128,124,152
167.955932,129,125,157
167.959984,130,126,153
167.965990,130,124,155
167.969983,129,127,156
167.976071,129,128,156
167.979983,130,126,153
167.985979,131,126,150
167.989999,132,128,151
167.995984,132,130,149
167.999856,131,129,146
168.005940,130,129,148
168.009933,129,127,150
168.018937,127,127,152
168.020938,125,125,155
168.027944,125,125,157
168.029980,126,124,152
168.035984,128,126,156
168.039987,129,126,151
168.045987,131,124,151
168.054993,132,124,150
168.056965,132,123,148
168.060988,134,125,155
168.066982,134,125,150
168.070988,133,125,145
168.076989,133,126,146
168.080985,132,125,154
168.086984,129,127,150
168.090987,128,127,148
168.096987,127,128,157
168.100990,125,127,154
168.104982,125,129,152
168.110983,126,130,157
168.114986,128,128,155
168.120982,129,126,147
168.124935,131,124,149
168.130989,132,126,146
168.134979,132,126,145
168.143987,132,125,147
168.145985,131,123,147
168.151986,130,123,145
168.154979,129,123,152
168.159989,128,125,152
168.165995,127,124,152
168.169990,126,126,161
168.175988,126,126,160
168.179983,125,126,155
168.185899,126,127,152
168.189985,127,126,153
168.199296,128,124,150
168.200903,130,125,149
168.206983,130,126,147
168.209981,131,124,151
168.214930,131,125,152
168.220925,130,124,150
168.224989,131,124,156
168.231987,129,124,153
168.235985,128,126,150
168.241928,127,124,153
168.245853,126,126,153
168.251954,126,124,158
168.254929,126,126,151
168.260938,127,126,145
168.264946,129,127,152
168.270942,129,126,156
168.274938,129,126,147
168.280936,129,126,149
168.284943,128,127,151
168.290929,128,126,151
168.294942,127,126,152
168.303937,127,125,154
168.306932,128,122,151
168.310858,129,124,150
168.314940,130,125,145
168.320949,131,126,156
168.327938,132,128,156
168.329927,131,127,146
168.335941,131,127,145
168.339823,130,124,147
168.345950,129,124,148
168.349939,129,125,149
168.355941,129,125,151
168.359938,128,123,147
168.365944,128,125,148
168.369940,129,125,158
168.375893,130,124,156
168.379940,129,128,146
168.385977,130,127,149
168.389954,130,127,156
168.395940,129,127,153
168.399949,128,127,149
168.405889,128,127,151
168.409896,128,126,156
168.418942,127,126,150
168.420942,128,127,149
168.424946,128,127,157
168.430934,128,126,155
168.434940,129,129,151
168.440941,129,127,153
168.444941,128,128,157
168.450882,127,126,151
168.454938,127,125,153
168.461937,128,125,155
168.468946,128,126,149
168.471941,129,126,152
168.475938,129,126,153
168.479940,129,127,148
168.485941,128,128,148
168.489940,128,126,156
168.495943,127,127,157
168.499941,126,126,154
168.505945,126,127,160
168.509937,126,126,155
168.515941,127,127,154
168.519946,128,125,151
168.525937,129,127,155
168.530065,130,128,151
168.535940,131,128,145
168.539938,131,129,153
168.545939,131,128,153
168.551927,130,128,148
168.554934,129,130,152
168.559942,128,129,160
168.565881,125,128,159
168.569933,124,127,158
168.575944,125,125,157
168.579939,127,126,156
168.585939,128,128,150
168.589939,130,128,153
168.595939,132,126,158
168.599944,132,125,146
168.605939,132,126,143
168.612939,132,128,148
168.614929,131,126,158
168.620855,129,125,158
168.627939,127,124,156
168.629924,125,126,157
168.635945,125,125,160
168.639938,126,127,158
168.645938,128,126,152
168.649953,130,126,148
168.655941,131,128,149
168.659890,132,128,149
168.665946,132,127,150
168.671954,132,123,153
168.674933,131,122,154
168.679935,129,123,148
168.685941,128,124,149
168.689938,127,126,158
168.695954,127,124,157
168.699942,128,127,156
168.706942,129,127,152
168.710938,130,126,147
168.714865,132,125,152
168.720951,132,125,153
168.724926,132,125,150
168.730942,132,125,150
168.734935,131,125,148
168.740961,130,124,146
168.744990,129,124,148
168.750990,129,128,151
168.754944,128,128,152
168.760852,128,129,155
168.767997,127,127,155
168.769979,128,128,152
168.776990,129,126,152
168.785871,130,127,151
168.789956,131,127,151
168.791939,131,126,149
168.802898,131,125,148
168.804866,131,123,144
168.806934,131,124,150
168.810941,130,123,147
168.814938,130,122,145
168.821945,130,123,150
168.825941,129,123,151
168.829932,129,125,151
168.838943,129,125,146
168.841942,130,125,151
168.845944,130,124,152
168.849949,129,127,148
168.855949,129,127,151
168.861944,129,128,158
168.865953,128,126,153
168.869944,127,127,147
168.875943,127,127,149
168.880162,128,127,151
168.885955,128,127,148
168.889942,128,126,146
168.895886,129,124,149
168.901913,129,123,152
168.909001,130,123,150
168.910983,130,124,144
168.916986,130,125,157
168.920934,128,126,166
168.926982,126,124,152
168.930994,125,124,145
168.936986,126,126,157
168.940988,126,126,152
168.946988,127,126,149
168.950990,128,127,152
168.956993,128,124,151
168.963992,127,123,147
168.968927,127,121,148
168.970981,127,123,154
168.976994,127,126,152
168.980989,127,124,151
168.986989,127,126,153
168.990995,128,126,153
168.996988,129,126,154
169.004032,130,126,147
169.006984,130,127,145
169.010991,131,128,155
169.014991,130,126,156
169.021034,129,125,147
169.024981,128,124,148
169.030984,128,122,155
169.037894,128,123,156
169.039946,127,124,157
169.045983,127,124,156
169.049984,127,125,155
169.056988,127,126,154
169.061988,128,125,150
169.065961,130,126,143
169.071993,132,127,147
169.075992,134,128,149
169.081992,134,123,146
169.085986,134,125,152
169.091002,132,123,154
169.094995,128,125,162
169.101986,124,125,162
169.105984,122,128,155
169.109986,121,126,157
169.115903,121,125,157
169.119992,124,126,150
169.125992,128,126,156
169.129982,132,123,156
169.138956,134,125,145
169.143999,135,126,143
169.146982,136,125,151
169.150989,134,125,155
169.154995,131,126,151
169.160975,128,128,152
169.165006,125,126,165
169.170993,122,129,162
169.174996,121,129,151
169.180987,123,131,164
169.184899,125,129,162
169.190999,128,129,149
169.197991,131,126,143
169.199911,134,126,148
169.205968,134,126,143
169.215002,134,128,140
169.216994,133,125,144
169.220992,131,126,152
169.226989,129,124,155
169.230965,128,125,157
169.237002,127,124,155
169.240992,126,127,155
169.246941,127,127,157
169.253992,129,128,158
169.256988,130,129,153
169.260967,132,127,154
169.264991,133,128,150
169.270986,132,126,149
169.274985,131,126,149
169.280990,128,124,146
169.284929,127,126,150
169.290989,126,125,155
169.294907,126,125,154
169.300931,127,126,152
169.304993,129,126,154
169.310993,131,126,154
169.314991,133,127,155
169.320920,134,129,151
169.324984,134,130,145
169.330990,134,130,145
169.334988,132,128,151
169.340993,130,125,146
169.344939,128,123,142
169.350871,126,125,154
169.354952,124,126,156
169.360950,122,125,150
169.364873,123,125,159
169.370896,124,124,162
169.374944,126,126,152
169.380943,129,127,153
169.384942,131,128,158
169.390940,133,127,153
169.394938,133,127,146
169.400940,132,128,144
169.404943,132,127,148
169.410941,131,126,161
169.414934,129,125,151
169.420947,127,126,147
169.424936,125,127,157
169.430942,123,124,156
169.434950,124,125,153
169.440943,126,125,157
169.444938,128,124,151
169.450879,129,123,144
169.454947,131,124,146
169.460943,132,123,154
169.464934,132,124,152
169.470947,131,125,150
169.474943,129,125,148
169.480942,129,125,153
169.484947,128,124,153
169.490882,127,123,148
169.497944,126,124,148
169.503943,127,124,154
169.508943,128,125,154
169.511885,128,126,148
169.517946,129,126,153
169.521944,129,126,153
169.527946,129,126,150
169.530934,129,126,150
169.536880,130,126,156
169.539950,130,127,151
169.544941,129,128,144
169.550945,130,129,153
169.554878,130,128,155
169.560946,129,128,149
169.564949,129,128,149
169.570952,128,127,153
169.574944,127,127,151
169.580947,127,125,151
169.584950,127,126,153
169.590942,127,125,148
169.594946,127,125,155
169.600948,127,125,152
169.604872,128,123,148
169.610944,129,125,157
169.614941,129,123,155
169.620945,129,125,149
169.624952,129,125,154
169.630939,130,122,155
169.634944,129,122,152
169.640949,130,123,156
169.644948,130,124,148
169.650946,130,124,149
169.654971,129,125,150
169.660953,128,126,149
169.664945,127,127,152
169.670943,127,126,155
169.674943,128,128,154
169.680951,129,127,145
169.684947,130,127,148
169.690947,131,129,153
169.697952,130,128,148
169.699946,130,127,151
169.705955,129,127,160
169.709952,128,127,157
169.716951,127,127,153
169.720939,127,127,152
169.724942,127,128,152
169.730958,127,125,146
169.734948,129,126,149
169.740945,131,127,152
169.744887,131,126,152
169.750945,131,125,150
169.754943,131,124,152
169.760952,130,124,154
169.766943,129,124,157
169.769879,128,125,156
169.774945,128,125,150
169.780949,128,127,158
169.784945,128,128,157
169.790944,128,128,150
169.794943,128,128,150
169.800961,129,127,154
169.804944,129,128,150
169.810903,129,126,145
169.814940,129,124,148
169.820951,129,123,149
169.824948,129,124,148
169.830947,129,126,154
169.834941,129,124,152
169.841940,130,127,153
169.846949,129,126,152
169.850945,130,126,155
169.856951,130,127,153
169.860944,130,128,150
169.866941,129,128,152
169.869941,128,128,153
169.875957,127,127,157
169.882958,126,123,152
169.884943,126,123,152
169.891949,127,123,153
169.895949,128,124,154
169.899949,129,125,148
169.905946,130,124,148
169.909944,130,125,148
169.915953,131,125,147
169.919947,132,129,159
169.925947,132,129,158
169.929945,131,128,147
169.935952,129,127,148
169.939953,127,128,157
169.945948,126,127,158
169.949947,125,128,157
169.955954,125,127,150
169.959972,125,127,151
169.965949,125,127,156
169.969943,127,127,149
169.975884,128,124,151
169.982874,130,124,152
169.987953,131,123,143
169.989940,132,125,147
169.995947,132,124,155
170.002955,132,124,153
170.004943,131,126,148
170.010954,130,125,152
170.014940,130,125,157
170.020896,129,127,153
170.024994,128,126,148
170.030989,128,128,155
170.034967,127,127,148
170.041002,128,124,150
170.044997,128,124,153
170.050993,128,123,147
170.054999,129,125,152
170.064999,129,125,153
170.068969,130,123,149
170.072006,131,123,150
170.082004,131,125,148
170.084998,131,126,151
170.086986,131,128,153
170.090998,131,129,155
170.094995,130,128,151
170.100996,129,129,152
170.104996,128,127,151
170.110996,127,125,156
170.114868,126,124,153
170.120951,125,123,150
170.124945,126,125,152
170.131947,126,124,154
170.135970,127,125,155
170.141895,128,123,148
170.145944,131,125,153
170.151954,131,128,152
170.155948,131,127,143
170.160949,132,126,148
170.167950,132,125,153
170.169950,131,126,142
170.175954,129,126,144
170.179948,129,126,156
170.185883,128,126,152
170.189951,127,124,148
170.195952,126,127,151
170.199949,126,127,150
170.205947,125,129,153
170.209946,126,126,152
170.215908,127,125,157
170.219951,128,125,150
170.225951,129,126,146
170.229949,131,127,152
170.235903,131,127,154
170.239950,132,126,155
170.245954,132,127,153
170.249941,131,126,150
170.255970,129,126,151
170.259956,128,127,154
170.265961,127,127,154
170.269992,125,127,158
170.275999,124,127,155
170.279999,123,125,151
170.285917,124,125,160
170.289993,125,124,158
170.295998,127,125,157
170.304008,129,124,147
170.305991,130,124,145
170.311943,130,126,151
170.314989,130,125,155
170.319996,129,126,152
170.325998,129,123,150
170.329993,128,125,150
170.335946,128,126,149
170.340001,128,125,154
170.348999,128,127,156
170.351994,128,126,151
170.359007,128,127,150
170.361992,128,124,150
170.365994,128,126,155
170.369941,128,127,154
170.375997,129,126,152
170.379974,128,126,147
170.386001,129,127,155
170.389990,130,128,162
170.395999,130,127,156
170.399999,129,128,150
170.405930,129,126,152
170.409992,129,126,155
170.416000,129,127,152
170.419998,130,125,153
170.425993,130,123,150
170.429995,130,123,145
170.436001,130,125,151
170.440000,129,125,159
170.446002,129,127,156
170.449991,127,127,148
170.455995,127,128,155
170.459998,127,126,157
170.466004,127,124,152
170.470033,128,125,154
170.476000,128,126,153
170.479999,128,127,153
170.486000,129,124,155
170.490003,130,123,150
170.496010,130,124,150
170.499979,130,126,156
170.506001,128,126,152
170.512999,128,125,156
170.514993,128,125,160
170.520991,126,126,147
170.524995,127,127,151
170.531001,129,128,157
170.535000,130,129,155
170.540978,131,129,154
170.544993,131,129,150
170.552002,130,128,153
170.556001,129,129,160
170.563999,127,127,157
170.567005,126,125,151
170.571140,126,124,152
170.577001,127,124,142
170.585003,129,125,147
170.586992,131,128,154
170.590991,131,125,151
170.596995,132,126,147
170.601003,131,125,148
170.607000,131,128,151
170.610995,130,126,151
170.617001,129,125,147
170.620999,129,127,154
170.627001,128,127,154
170.631000,127,125,149
170.635008,128,126,150
170.640988,129,128,161
170.645005,129,128,156
170.651001,130,127,157
170.655012,129,128,150
170.660997,129,126,147
170.664984,129,128,148
170.671001,129,126,150
170.674999,130,127,147
170.681010,130,125,145
170.684998,131,128,148
170.690996,131,126,150
170.694993,131,128,156
170.704012,131,125,152
170.705993,129,126,142
170.711998,128,127,147
170.719002,126,128,155
170.722002,124,129,161
170.728952,124,126,152
170.732930,126,126,149
170.736995,126,126,145
170.740993,128,127,144
170.744997,130,126,148
170.750928,131,126,155
170.754998,131,124,146
170.760999,131,123,148
170.764994,130,125,149
170.770945,129,126,153
170.774998,129,127,157
170.781003,128,129,151
170.785004,128,130,148
170.794001,128,128,147
170.796956,129,127,146
170.800999,129,127,147
170.808008,130,126,149
170.812001,131,124,149
170.816001,130,123,146
170.820004,128,124,145
170.826009,127,124,154
170.829998,126,123,160
170.835998,125,125,153
170.840002,126,126,151
170.846003,127,127,155
170.849995,127,127,151
170.856002,129,127,156
170.860000,130,125,159
170.866001,130,124,144
170.869996,130,124,146
170.876000,130,124,158
170.880004,128,125,155
170.886004,126,126,150
170.890003,125,125,152
170.896007,125,124,155
170.900045,125,127,155
170.905998,127,125,151
170.912999,129,125,150
170.914994,129,126,143
170.920996,130,126,147
170.925005,130,126,156
170.934003,130,125,157
170.935998,128,125,155
170.942000,127,125,151
170.945998,127,126,155
170.952005,126,127,159
170.956002,126,126,156
170.961971,126,126,151
170.965994,126,127,150
170.972002,127,127,152
170.976001,128,126,152
170.982999,129,124,151
170.986994,131,125,150
170.992996,132,124,148
170.997005,133,124,153
171.003006,133,124,152
171.006995,132,124,154
171.010012,131,123,152
171.018953,129,124,152
171.024003,128,125,152
171.025992,128,125,157
171.030996,126,126,156
171.034951,126,126,156
171.041167,126,126,156
171.045003,127,124,153
171.051004,129,126,154
171.055002,129,127,153
171.060999,130,127,159
171.065002,129,127,152
171.070998,129,127,154
171.075003,128,127,159
171.080945,127,127,153
171.085006,127,129,156
171.090998,128,127,159
171.095000,129,129,158
171.101005,130,129,151
171.104996,131,130,151
171.113999,130,128,151
171.116024,129,126,151
171.121005,128,126,152
171.127995,127,124,152
171.129926,126,127,155
171.136006,127,125,152
171.140004,128,126,159
171.146000,129,126,156
171.149996,129,128,144
171.155998,131,129,153
171.163011,131,126,156
171.165003,131,126,152
171.171002,132,127,152
171.174998,131,125,154
171.180998,130,126,148
171.185002,129,126,151
171.191003,129,125,156
171.195001,129,123,154
171.201002,129,125,148
171.205005,129,125,150
171.211006,130,125,153
171.215005,131,125,150
171.221001,131,126,150
171.225001,132,127,153
171.230998,131,126,149
171.235001,131,125,150
171.242532,131,129,153
171.244846,129,129,160
171.251018,128,130,159
171.254999,127,128,145
171.260872,127,128,147
171.264866,128,128,153
171.270863,128,127,146
171.274916,128,128,148
171.280862,129,128,154
171.284855,128,126,143
171.293885,129,126,145
171.295940,130,126,155
171.300014,129,124,149
171.306004,129,125,143
171.310005,130,126,151
171.316004,130,127,154
171.320003,130,127,148
171.326003,130,127,150
171.330002,129,126,150
171.337004,128,128,147
171.345886,128,127,154
171.349969,127,126,158
171.351955,127,125,151
171.362960,127,125,147
171.364955,127,124,147
171.365888,128,123,147
171.370992,129,125,154
171.374960,129,126,152
171.381503,129,126,156
171.384857,129,127,153
171.390014,128,126,153
171.391960,128,126,153
