171.811881 192.961
171.815872 201.308
171.822089 201.936
171.826057 201.02
171.832014 200.125
171.835976 197.841
171.842011 200.661
171.846004 198.399
171.852006 193.933
171.855926 193.876
171.861950 200.661
171.865983 197.74
171.872014 196.431
171.876006 200.385
171.880013 197.717
171.885887 200.232
171.889969 205.801
171.895895 204.805
171.899885 195.256
171.905886 196.431
171.909852 203.066
171.915930 201.42
171.919918 199.81
171.925918 199.06
171.929913 196.901
171.935924 198.494
171.939919 202.566
171.945907 196.543
171.949863 195.898
171.955827 205.232
171.959820 202.872
171.965921 197.307
171.969919 204.12
171.975918 201.792
171.979919 193.414
171.985921 196.329
171.989918 203.199
171.995918 194.165
171.999908 194.165
172.005916 199.482
172.009913 197.19
172.015947 200.25
172.019911 205.061
172.025886 203.494
172.029922 196.431
172.035918 194
172.041903 202.726
172.048913 208.701
172.050902 196.703
172.056919 193.073
172.061919 201.973
172.067918 199.905
172.071919 193.331
172.077921 195.021
172.081911 202.872
172.089916 199.123
172.092911 198.346
172.096913 201.936
172.100920 200.125
172.106919 201.42
172.110914 202.072
172.114916 196.084
172.120915 198.313
172.124920 199.151
172.130919 197.74
172.134903 197.841
172.140889 201.02
172.144910 198.073
172.150915 198.842
172.154917 203.342
172.160909 200.891
172.164926 194.077
172.170914 199.361
172.174916 200.125
172.180920 199.361
172.184912 199.361
172.190906 198.6
172.194914 197.19
172.200919 202.566
172.207924 200.385
172.209920 195.256
172.215943 199.279
172.219924 200.062
172.225924 197.717
172.229918 202.089
172.235923 201.792
172.239921 194.826
172.245916 200.661
172.251920 201.42
172.255922 199.905
172.259919 204.475
172.265893 199.361
172.269918 198.6
172.278912 197.952
172.281003 201.936
172.287007 198.977
172.291009 198.204
172.300004 202.872
172.302996 202.089
172.307005 198.073
172.311009 196.431
172.317016 200.125
172.324012 197.841
172.325960 198.6
172.332019 199.361
172.336014 200.891
172.340016 196.329
172.346011 195.576
172.350006 201.534
172.356014 203.708
172.360014 196.901
172.366014 196.156
172.370011 199.905
172.376024 200.771
172.379904 193.414
172.386022 200.25
172.390011 202.566
172.397059 195.673
172.400959 194.918
172.406951 202.299
172.410963 201.42
172.416962 195.489
172.419905 199.905
172.425955 196.901
172.429965 196.237
172.435898 198.494
172.439975 198.494
172.445997 197.084
172.449957 197.084
172.455910 200.891
172.459971 202.566
172.465960 200.25
172.469955 193.414
172.475907 197.841
172.479963 199.361
172.485962 196.329
172.489958 197.841
172.495973 200.125
172.499966 201.02
172.508964 198.073
172.510954 198.073
172.515964 202.714
172.519963 195.898
172.525967 195.133
172.529963 201.792
172.535964 202.428
172.539963 195.673
172.545960 198.6
172.549958 200.25
172.555963 201.02
172.560962 198.716
172.564957 197.19
172.570974 198.716
172.574891 198.716
172.581010 196.431
172.586014 197.19
172.590024 201.792
172.596024 201.936
172.602015 198.842
172.606013 200.25
172.610018 198.716
172.617018 194.918
172.626012 198.6
172.630009 197.952
172.631002 199.361
172.644013 197.084
172.646002 199.361
172.648012 201.792
172.652010 202.566
172.656019 200.385
172.659990 203.494
172.666018 198.842
172.670013 197.952
172.675975 198.6
172.680018 196.987
172.685967 196.237
172.690017 199.151
172.699019 197.74
172.701013 202.428
172.706008 202.566
172.710002 193.61
172.719010 198.073
172.721012 203.657
172.726022 200.529
172.730014 196.431
172.736020 200.01
172.743017 198.399
172.747001 196.156
172.750991 200.661
172.755007 202.181
172.764021 197.74
172.766004 195.489
172.774013 199.361
172.776009 199.482
172.780951 199.482
172.786019 199.612
172.791002 201.159
172.797014 199.482
172.801010 194.826
172.809015 199.151
172.815016 200.562
172.816004 196.825
172.821030 196.825
172.827007 198.399
172.831020 198.6
172.837016 195.78
172.841010 195.898
172.847011 196.163
172.850890 199.444
172.857020 199.444
172.860947 200.062
172.867013 198.346
172.871007 195.133
172.880021 195.673
172.883005 196.329
172.884903 197.841
172.891018 196.987
172.895017 197.084
172.901016 197.19
172.905014 198.204
172.910932 196.311
172.914941 195.849
172.920996 196.023
172.927026 195.233
172.930015 194.905
172.935133 197.091
172.941011 194.618
172.945009 191.552
172.951010 194.618
172.955015 199.444
172.961015 196.311
172.965013 193.21
172.971006 192.575
172.975012 195.064
172.981013 193.659
172.985009 192.094
172.991012 195.233
172.994895 196.637
173.000941 191.802
173.004962 193.21
173.011030 196.311
173.014974 191.031
173.020968 192.575
173.025968 195.849
173.029967 195.849
173.035971 193.659
173.039972 192.255
173.045963 194.62
173.049962 197.608
173.055969 194.445
173.059968 193.659
173.065971 194.281
173.069967 198.217
173.075953 194.281
173.079973 191.167
173.085966 193.499
173.089910 190.536
173.095966 192.094
173.099886 196.023
173.105966 193.659
173.109964 189.13
173.115965 193.217
173.119968 200.644
173.125912 196.604
173.129961 191.815
173.135968 190.234
173.139974 193.404
173.145964 194.805
173.149963 193.659
173.156973 192.72
173.160967 189.497
173.166964 187.323
173.172967 189.623
173.174959 201.817
173.179996 202.852
173.185974 190.066
173.189968 189.908
173.195972 195.602
173.199923 197.003
173.205968 191.471
173.209968 191.471
173.215969 191.471
173.219972 193.041
173.225964 191.638
173.229968 189.283
173.235968 190.066
173.239968 195
173.245968 194.201
173.249986 191.024
173.255972 195
173.259968 196.604
173.265912 195.412
173.269963 193.499
173.275968 191.672
173.279972 192.44
173.285969 191.672
173.289961 188.987
173.295966 191.024
173.299970 190
173.305964 190.421
173.309958 194.487
173.315972 194.023
173.319967 188.831
173.325965 190.851
173.329961 192.255
173.335966 193.83
173.339971 193.83
173.345965 192.094
173.349966 189.13
173.355965 189.13
173.359971 189.13
173.365961 187.096
173.369975 189.621
173.375967 192.2
173.379969 190
173.385971 191.604
173.389962 194.023
173.395979 198.91
173.399966 197.626
173.405966 187.579
173.409959 188.215
173.415969 191.314
173.419970 189.13
173.425982 187.878
173.429966 189.011
173.435974 195.064
173.439976 191.23
173.446965 190
173.450963 193.003
173.456972 191.4
173.460967 192.2
173.466978 189.805
173.469970 193.003
173.475919 191.604
173.479974 193.807
173.485969 190.413
173.489895 189.13
173.495892 189.76
173.499972 186.807
173.505963 186.317
173.509966 188.404
173.515976 194.487
173.519970 192.52
173.525968 189.834
173.529935 188.6
173.535976 195.42
173.539971 193.404
173.545908 186.038
173.549907 189.908
173.555954 190.234
173.559921 189.805
173.565970 189.613
173.569969 193.912
173.575925 192.855
173.579974 187.609
173.585969 189.621
173.589970 190.234
173.595909 192.8
173.599942 192.8
173.605968 190.413
173.609959 187.427
173.615979 195.645
173.619972 195.42
173.626011 188.831
173.629977 189.621
173.635969 189.805
173.639967 184.621
173.645965 188.215
173.649913 193.342
173.655966 192.52
173.659967 188.807
173.665969 188.218
173.669916 190.234
173.675967 195.801
173.680974 188.661
173.684968 181.813
173.690962 188.404
173.694965 197.205
173.700973 187.627
173.704967 187.2
173.710971 195.88
173.714909 194.402
173.720973 187.579
173.726465 188.502
173.729903 194.201
173.735969 193.003
173.739914 188.6
173.745972 183.663
173.749963 189.201
173.755968 197.274
173.759972 191.4
173.765963 184.911
173.775977 183.358
173.777910 189.201
173.781966 195.064
173.785894 193.215
173.791970 185.068
173.795968 189.621
173.801967 193.215
173.805913 186.207
173.809962 186.207
173.815971 188.404
173.819968 188.831
173.825968 185.54
173.830201 180.923
173.835901 186.639
173.839973 195.064
173.845969 191.46
173.849968 191.46
173.855975 190.801
173.859971 192.003
173.865967 188.661
173.871970 189.447
173.874960 188.831
173.881973 183.044
173.888974 188.215
173.890960 190.421
173.904970 190.205
173.908969 187.427
173.909959 181.813
173.911969 186.639
173.920968 199.422
173.923969 188.003
173.925957 180.236
173.931905 189.489
173.938966 190.56
173.940970 193.093
173.945968 190.801
173.951967 188.831
173.955973 189.447
173.959968 188.218
173.965970 191.818
173.970969 189.613
173.974908 187.856
173.980981 186.703
173.984971 188.672
173.990969 192.627
173.994954 191.4
174.000971 190.602
174.005963 185.413
174.009968 189.251
174.015950 194.427
174.019950 193.912
174.026970 188.404
174.030960 185.068
174.036962 188.218
174.040969 192.627
174.046966 192.276
174.055972 185
174.057963 186.604
174.061971 188.438
174.066029 187.627
174.072003 184.201
174.076028 187.2
174.082017 191.01
174.086021 193.807
174.092012 189.805
174.096032 186.815
174.100023 188.438
174.106024 191.951
174.110022 195.305
174.116022 190.413
174.120022 186.947
174.126022 184.765
174.130011 184.621
174.136022 185.648
174.139979 191.651
174.146016 194.165
174.150014 192.2
174.156018 186.947
174.160001 184.911
174.166017 195.064
174.171017 194.99
174.175020 189.024
174.181020 188.807
174.185030 187.2
174.191016 188.215
174.194957 193.67
174.201052 195.064
174.205025 189.011
174.211004 185.691
174.214970 184.133
174.221022 186.815
174.225021 190.646
174.231049 191.128
174.235024 187.2
174.241036 187.609
174.244960 189.805
174.250981 191.604
174.255966 189.402
174.259909 185
174.266017 185.205
174.270021 190.421
174.276023 193.807
174.280021 189.283
174.286017 186.172
174.290018 184.133
174.296021 189.834
174.300024 193.6
174.306018 186.4
174.310023 183.505
174.316019 182.727
174.320022 189.402
174.326013 194.487
174.329968 189.402
174.336022 185.235
174.342022 185.235
174.346035 184.805
174.350017 192.042
174.356022 192.855
174.360024 185.852
174.367019 185.691
174.371019 190
174.376963 194.487
174.381024 191.46
174.387024 187.2
174.391022 188.003
174.395977 183.663
174.400021 186.815
174.406023 189.402
174.410025 186.207
174.416021 185.602
174.420025 189.402
174.426020 188.6
174.430024 187.409
174.436015 189.251
174.440034 186.231
174.445995 192.276
174.450018 192.855
174.456022 188.218
174.465006 183.663
174.465958 183.6
174.471022 192.211
174.477033 193.6
174.481022 189.201
174.487021 186.473
174.491030 186.639
174.497021 188.003
174.504022 186.231
174.506014 189.489
174.512020 189.613
174.516023 187.427
174.522024 183.992
174.526019 185.852
174.530026 190.421
174.536033 189.251
174.540030 189.024
174.546026 187.409
174.550016 185.801
174.555984 190.56
174.559968 196.657
174.566281 184.621
174.570029 185.54
174.576025 197.8
174.580145 197.426
174.586019 188.088
174.590181 170.485
174.596018 171.604
174.600027 223.486
174.606022 192.421
174.610020 172.905
174.616032 199.201
174.620027 190.032
174.626027 187.768
174.630027 197.8
174.636068 182.428
174.640025 181.665
174.646024 203.953
174.650019 200.482
174.656025 179.301
174.660183 188.521
174.665965 213.002
174.670022 198.842
174.675976 171.213
174.679898 182.258
174.686022 216.945
174.690019 191.003
174.696031 181.959
174.700025 198.806
174.706019 191.784
174.710023 195.243
174.715951 198.399
174.720023 171.945
174.726014 159.862
174.730016 213.122
174.736033 217.947
174.740025 187.107
174.746021 182.877
174.750019 202.072
174.756021 209.609
174.760025 179.137
174.766006 175.727
174.770026 200.412
174.776025 202.2
174.782984 182.222
174.785027 177.158
174.791023 177.553
174.795019 195.274
174.801167 212.728
174.805024 205.232
174.811019 186.682
174.814897 181.794
174.821985 183.87
174.825970 187.211
174.831974 201.375
174.835975 193.313
174.841974 184.491
174.844911 191.384
174.850974 192.627
174.854970 203.435
174.860976 207.408
174.864982 184.621
174.871025 184.784
174.875024 181.571
174.881023 184.613
174.885026 199.111
174.891005 204.083
174.894988 184.911
174.901029 192.315
174.905030 211.814
174.911020 196.825
174.915033 182.434
174.920944 174.657
174.925031 178.664
174.931027 199.123
174.935002 199.905
174.941064 182.538
174.945037 186.815
174.951021 217.506
174.955025 205.456
174.961028 191.003
174.965019 181.838
174.971026 173.277
174.975021 191.207
174.981034 205.801
174.985027 199.324
174.991019 174.837
174.995020 186.462
175.001026 188.831
175.005028 200
175.011020 196.469
175.015012 192.575
175.021025 191.802
175.025028 190.394
175.031019 191.638
175.035059 193.6
175.040962 188.404
175.045026 184.621
175.051022 186.604
175.055017 190.308
175.061022 191.01
175.069028 199.832
175.074979 199.01
175.076022 187.11
175.080959 186.271
175.087028 194.126
175.091024 198.404
175.097024 186.947
175.101020 185.852
175.107024 191.46
175.111027 194.733
175.117042 192.2
175.121019 191.638
175.127032 192.427
175.134017 190.851
175.136025 192.427
175.142025 192.255
175.146026 192.255
175.152035 187.579
175.158025 186.807
175.161027 190.851
175.166027 197.408
175.170018 191.638
175.177028 188.502
175.186027 189.447
175.190029 190.602
175.191017 197.041
175.204025 195
175.206017 189.13
175.208027 188.215
175.210016 190.536
175.216032 194.445
175.220024 192.255
175.226025 188.353
175.230022 189.283
175.236023 193.003
175.239971 194.25
175.246033 194.487
175.250028 193.215
175.256022 191.638
175.260026 188.353
175.266029 196.023
175.270021 197.608
175.275997 188.987
175.280026 184.391
175.285965 189.283
175.290024 195.205
175.296033 192.003
175.299921 191.815
175.306023 191.638
175.310023 188.502
175.316028 193.217
175.320027 194.201
175.326027 192.8
175.330018 193.6
175.335980 190.234
175.340025 189.283
175.346030 193.217
175.350028 194.62
175.356025 192.094
175.360028 188.854
175.366024 190.688
175.370023 196.4
175.376030 195.602
175.379977 187.579
175.386023 187.723
175.390021 195.205
175.396027 197.041
175.400569 192.608
175.406017 190.234
175.412932 190.234
175.414920 191.207
175.420942 196.604
175.424935 195.602
175.430906 190.536
175.434915 191.314
175.440931 192.094
175.447944 193.041
175.451946 194.805
175.458931 192.608
175.460939 192.2
175.465931 190.205
175.471931 189.201
175.475939 192.003
175.481936 197.8
175.485927 193.349
175.491930 189.381
175.495975 191.031
175.499937 192.094
175.506101 199.612
175.509936 202.272
175.515933 189.283
175.519929 186.038
175.525918 190.234
175.529932 195
175.535932 193.217
175.539933 190.688
175.545939 187.579
175.549931 189.283
175.555939 196.604
175.559932 198.003
175.565932 195.412
175.569932 192.876
175.575933 192.876
175.579933 195.849
175.585931 196.637
175.589931 197.426
175.595934 193.21
175.599910 189.497
175.605934 192.094
175.609937 197.003
175.616933 196.207
175.620934 194.445
175.626940 193.499
175.630930 191.943
175.636945 195.686
175.640936 201.206
175.645932 198.04
175.649939 192.44
175.655936 193.21
175.659931 197.254
175.665931 198.829
175.669934 195.533
175.675936 196.026
175.679930 196.665
175.686027 193.61
175.690001 198.204
175.696032 199.902
175.700032 194.618
175.706026 193.848
175.710029 196.311
175.716031 198.497
175.720033 195.256
175.726028 192.852
175.730027 198.073
175.736033 198.073
175.740009 196.431
175.746031 195.021
175.750033 195.021
175.755918 195.133
175.759985 198.346
175.765937 201.467
175.769983 195.898
175.775992 192.852
175.779985 196.665
175.785990 202.872
175.789923 199.612
175.796040 194.077
175.800029 195.576
175.806480 196.431
175.810001 198.716
175.816034 198.073
175.820033 198.073
175.826029 193.61
175.830039 193.724
175.836086 199.123
175.840037 200.848
175.846032 195.133
175.850030 195.78
175.856031 197.307
175.860034 197.19
175.866030 194.165
175.871024 201.792
175.877042 201.02
175.881024 194.918
175.887029 195.021
175.891029 201.308
175.896025 200.684
175.899939 197.57
175.906164 199.123
175.909996 199.902
175.915983 198.204
175.919981 198.977
175.925981 198.842
175.929978 197.19
175.935948 197.952
175.939981 197.841
175.945981 197.19
175.949977 199.482
175.955985 198.842
175.959981 197.307
175.968911 197.434
175.970973 198.842
175.975979 198.073
175.979985 198.073
175.985984 195.78
175.989981 196.543
175.995928 198.842
175.999984 201.308
176.006774 195.78
176.009905 192.096
176.015903 201.308
176.019913 201.308
176.025907 195.021
176.029904 195.021
176.035904 198.842
176.039907 197.307
176.045901 197.19
176.049905 197.952
176.055902 197.19
176.059890 197.19
176.065901 196.431
176.069948 197.307
176.075940 200.385
176.079937 198.204
176.085939 196.665
176.089941 199.123
176.095940 198.346
176.099936 196.797
176.105936 198.346
176.109936 197.434
176.115935 196.431
176.119943 197.19
176.126042 193.414
176.132018 198.716
176.136034 201.159
176.140033 195.898
176.146036 193.61
176.150036 198.977
176.156006 200.385
176.160037 196.431
176.166025 195.673
176.169976 197.952
176.176035 198.716
176.180035 202.566
176.186035 200.125
176.190040 196.987
176.196031 197.841
176.200014 197.084
176.206030 200.25
176.210029 199.612
176.216034 195.78
176.220044 195.78
176.229036 197.307
176.231026 198.073
176.236029 198.073
176.239995 197.434
176.246038 196.665
176.250036 199.752
176.256035 201.308
176.260034 196.665
176.266034 194.371
176.270051 200.529
176.276010 202.872
176.280027 198.842
176.286038 198.073
176.290032 199.612
176.296033 199.612
176.300043 199.752
176.306028 201.936
176.310032 197.307
176.316031 198.073
176.320031 201.159
176.326086 198.073
176.330030 197.434
176.336029 197.434
176.343050 198.346
176.345035 202.089
176.351029 198.204
176.355033 195.78
176.361033 194.263
176.365037 199.612
176.371028 204.9
176.375015 197.841
176.381039 194.077
176.385041 195.673
176.391035 201.02
176.395027 201.936
176.401041 198.842
176.405026 195.898
176.411035 196.665
176.415033 201.308
176.421040 200.385
176.425039 196.431
176.430896 194.918
176.434980 196.543
176.440984 201.159
176.445026 203.494
176.450993 197.307
176.454982 194.263
176.464985 199.752
176.469014 198.977
176.471984 195.898
176.481985 197.434
176.484995 195.78
176.485977 197.19
176.490980 198.716
176.494986 198.716
176.500977 195.673
176.504978 196.431
176.510985 198.073
176.514979 200.529
176.523987 200.529
176.525976 195.78
176.530984 196.543
176.534976 199.612
176.540991 201.159
176.544986 198.716
176.550984 197.952
176.554983 195.673
176.560982 199.482
176.564983 200.385
176.570978 198.842
176.574993 196.543
176.580984 197.952
176.585984 199.482
176.591989 196.431
176.595986 196.431
176.601981 199.482
176.606028 201.658
176.610930 201.534
176.614906 196.987
176.620912 194.918
176.624914 199.612
176.630907 202.714
176.634908 198.842
176.640910 197.19
176.644911 194.263
176.650910 196.431
176.654916 204.12
176.660914 203.973
176.664912 195.489
176.670911 195.489
176.674907 198.6
176.680912 201.658
176.684910 203.973
176.690906 199.361
176.695912 195.576
176.699934 198.716
176.705911 201.936
176.709934 200.385
176.715912 199.482
176.720909 198.6
176.724914 197.084
176.730915 200.891
176.734906 202.428
176.740912 199.482
176.744872 195.576
176.750908 196.329
176.754881 200.25
176.760913 200.25
176.764912 198.073
176.770909 197.307
176.774911 197.307
176.780908 200.385
176.784912 202.714
176.790911 197.952
176.794909 194.077
176.800915 196.329
176.804918 203.066
176.810913 199.905
176.814910 194.61
176.820912 197.568
176.824914 198.494
176.830911 197.084
176.834910 200.125
176.840909 201.792
176.844913 195.673
176.851168 194.918
176.854905 199.612
176.860915 198.842
176.864904 196.543
176.870910 201.02
176.874905 198.494
176.880912 196.237
176.884911 196.901
176.890906 200.661
176.894914 199.81
176.900910 197.568
176.904910 200.661
176.910910 198.494
176.914933 197.084
176.920915 201.658
176.924911 201.02
176.930910 194.918
176.934904 196.431
176.940914 201.02
176.944904 197.19
176.950915 196.329
176.954910 201.534
176.961937 200.771
176.965917 196.987
176.971912 200.771
176.975917 207.711
176.981912 198.494
176.985986 196.901
176.990914 202.181
176.994913 200.661
177.000909 199.151
177.004982 201.534
177.010988 199.361
177.014982 200.125
177.020988 202.428
177.024990 200.25
177.030983 197.952
177.034980 199.482
177.040985 202.428
177.044983 203.973
177.050984 199.905
177.054978 195.412
177.060982 202.181
177.064980 201.42
177.070984 200.661
177.074989 199.151
177.080987 196.901
177.084929 198.494
177.090992 202.428
177.094990 203.973
177.100985 198.6
177.104990 196.329
177.110988 201.02
177.114991 201.792
177.120991 199.361
177.126990 200.891
177.129991 200.01
177.134978 200.01
177.140934 199.905
177.144996 201.42
177.150984 199.151
177.154934 199.151
177.160988 204.475
177.164976 200.01
177.170983 194.826
177.174981 197.841
177.180989 200.891
177.185060 200.25
177.190998 200.891
177.194985 199.361
177.200992 197.084
177.204937 202.299
177.210943 202.299
177.214937 197.649
177.220942 196.156
177.224951 200.661
177.230944 202.181
177.234952 201.42
177.240946 199.151
177.244940 197.649
177.250940 198.494
177.254939 200.891
177.260944 203.836
177.264912 200.771
177.272946 196.901
177.275939 196.156
177.280937 202.181
177.284918 202.943
177.290929 198.399
177.294947 196.987
177.300937 200.01
177.304939 199.251
177.310941 202.299
177.314932 203.708
177.320945 198.399
177.324940 196.901
177.330942 202.181
177.334939 202.181
177.340942 199.905
177.344947 198.494
177.350943 197.841
177.354940 199.482
177.363082 200.891
177.365941 202.299
177.370940 199.251
177.374939 197.74
177.380978 198.494
177.385032 202.428
177.391039 205.38
177.395039 198.399
177.400979 196.901
177.405033 200.661
177.411036 197.649
177.415040 203.836
177.423988 206.932
177.426033 197.74
177.431995 197.841
177.435031 202.428
177.440059 201.658
177.447040 201.658
177.451008 199.361
177.456952 200.01
177.461041 199.905
177.467031 202.072
177.470039 203.59
177.476046 199.725
177.480038 199.06
177.485982 200.661
177.490066 200.01
177.496035 202.428
177.500039 202.299
177.506038 199.251
177.510033 199.361
177.516038 200.891
177.520036 204.749
177.526037 203.836
177.530040 195.412
177.536040 196.901
177.540040 202.943
177.546034 202.181
177.550034 199.905
177.556039 195.412
177.560038 199.151
177.566039 203.708
177.570029 203.708
177.576039 199.251
177.580037 197.841
177.586050 201.534
177.590033 204.475
177.596039 200.562
177.600039 197.568
177.606035 199.06
177.610030 199.905
177.615993 202.943
177.620036 200.661
177.626033 197.74
177.630041 198.494
177.636038 198.494
177.639960 202.181
177.646035 199.151
177.650035 199.81
177.656040 201.316
177.660050 196.084
177.666044 199.905
177.670043 202.299
177.676039 199.905
177.680043 202.83
177.686037 200.562
177.690030 199.06
177.697039 202.072
177.701041 204.353
177.707037 203.59
177.711040 197.568
177.717041 196.825
177.720035 200.562
177.726035 204.353
177.730038 201.973
177.737034 197.497
177.746040 196.759
177.750043 201.42
177.751030 204.475
177.764043 204.475
177.766031 200.01
177.768041 199.151
177.770035 205.244
177.775947 205.117
177.780043 200.472
177.785924 202.633
177.790007 201.137
177.795947 201.973
177.799931 202.072
177.805929 198.399
177.810451 200.661
177.815990 202.181
177.819960 202.072
177.826046 199.151
177.830038 200.661
177.836050 204.353
177.840042 202.726
177.846042 198.91
177.850037 199.725
177.856042 200.562
177.860041 203.708
177.866043 202.072
177.870041 199.725
177.876040 201.884
177.880040 200.472
177.886045 200.562
177.890044 201.316
177.896026 196.901
177.900007 201.42
177.906043 199.251
177.910034 198.494
177.916042 201.42
177.920052 202.072
177.926024 201.973
177.930049 198.98
177.936044 201.221
177.940039 200.661
177.946042 199.151
177.950034 204.475
177.956042 199.151
177.960041 198.399
177.965964 201.534
177.970035 200.771
177.976044 200.661
177.980041 198.399
177.986040 196.901
177.990044 199.151
177.996042 200.01
178.000044 203.066
178.006035 201.534
178.010038 200.01
178.016034 202.943
178.019913 200.771
178.025996 203.708
178.029992 200.661
178.035991 197.568
178.039991 199.81
178.045995 199.81
178.049986 199.81
178.055993 199.151
178.059996 201.534
178.065987 200.891
178.069988 200.891
178.075988 202.299
178.079991 198.494
178.085930 199.905
178.089911 201.42
178.095999 200.661
178.099993 199.905
178.106010 198.494
178.109995 201.534
178.115996 200.771
178.119993 201.42
178.125986 201.316
178.129988 196.901
178.135994 199.905
178.139997 201.534
178.145994 201.534
178.149993 197.649
178.155995 196.156
178.159935 199.151
178.166053 201.316
178.170042 201.316
178.176043 198.313
178.180050 199.151
178.187043 198.399
178.193040 202.181
178.196048 203.708
178.202042 200.771
178.206042 199.251
178.211028 202.299
178.215040 206.155
178.221044 203.708
178.225048 200.661
178.230975 196.825
178.235042 201.316
178.241043 204.353
178.245042 204.353
178.251039 197.649
178.255045 196.237
178.261037 203.836
178.265045 207.422
178.271037 202.633
178.275040 196.703
178.281041 196.759
178.285048 199.905
178.291046 206.932
178.295040 204.475
178.301042 196.825
178.305046 196.825
178.311037 201.316
178.315038 207.422
178.320972 206.652
178.325037 201.973
178.331045 198.172
178.334964 197.497
178.340976 204.24
178.345046 205.117
178.351035 197.497
178.355040 198.172
178.361042 196.759
178.365047 205.762
178.371037 204.893
178.375045 198.172
178.381045 201.137
178.385044 200.562
178.391036 203.708
178.395042 200.661
178.401047 202.726
178.405043 201.137
178.411114 195.243
178.415004 196.759
178.420986 202.726
178.425040 204.24
178.431056 199.81
178.435056 196.084
178.441056 197.649
178.445044 204.607
178.451043 207.562
178.455048 204.893
178.461042 200.998
178.465040 203.823
178.471055 201.675
178.475035 202.475
178.481049 203.384
178.485053 199.151
178.491040 196.237
178.495040 199.905
178.501048 205
178.508043 201.137
178.509989 199.65
178.516041 201.221
178.520045 202.83
178.526039 204.353
178.530051 201.973
178.536040 202.633
178.540049 202.726
178.546044 201.137
178.550043 206.303
178.556043 204.795
178.559985 201.137
178.566043 200.562
178.570046 203.59
178.575990 202.943
178.580050 198.494
178.585933 196.987
178.590047 201.42
178.597046 206.526
178.601051 202.549
178.607042 201.062
178.611050 199.65
178.617049 203.482
178.621048 205.883
178.626029 203.59
178.630052 202.726
178.636054 202.633
178.640047 201.884
178.646047 201.221
178.650049 197.649
178.656047 200.01
178.660023 197.74
178.666047 199.151
178.669977 202.072
178.676036 197.568
178.681045 201.221
178.685048 201.884
178.691041 201.884
178.694973 201.062
178.701060 201.884
178.705048 198.313
178.711047 204.353
178.715051 204.353
178.721047 200.562
178.725047 199.06
178.730909 201.221
178.735004 198.98
178.741005 200.472
178.744992 203.59
178.750999 197.649
178.754999 197.649
178.760991 203.708
178.764995 206.652
178.770935 199.725
178.774997 198.91
178.780999 204.707
178.784997 206.206
178.790996 203.961
178.794993 200.472
178.801002 196.156
178.804997 201.534
178.811006 202.943
178.814994 202.072
178.820997 198.237
178.824993 196.084
178.830995 202.943
178.835051 209.898
178.841042 205.883
178.845042 198.172
178.851041 204.707
178.855047 205.456
178.860989 206.959
178.865050 204.044
178.871051 200.392
178.875048 200.562
178.880975 201.658
178.885041 201.792
178.891044 202.566
178.895042 197.841
178.901048 202.83
178.904987 202.633
178.910985 201.804
178.915046 200.322
178.921051 199.585
178.927044 202.633
178.930049 203.384
178.935044 202.633
178.941049 201.884
178.945043 204.137
178.950919 201.884
178.954998 200.472
178.960908 197.568
178.965042 199.81
178.971000 201.316
178.975021 204.24
178.981005 198.98
178.984998 197.568
178.991003 199.905
178.994996 204.475
179.000923 202.633
179.004939 201.675
179.010920 200.212
179.015002 203.295
179.025003 202.726
179.029007 205
179.032003 203.482
179.042366 197.568
179.045005 195.412
179.045986 201.42
179.051001 207.562
179.057008 202.072
179.059997 199.725
179.065002 201.137
179.070999 198.172
179.074997 204.893
179.081007 202.726
179.085002 203.384
179.091001 200.392
179.094989 198.799
179.101033 206.206
179.105054 201.221
179.111052 201.42
179.115047 202.299
179.121053 201.534
179.125043 203.836
179.131037 199.905
179.135069 199.06
179.141056 204.137
179.144948 203.384
179.151006 199.65
179.154996 198.172
179.160999 201.973
179.164995 202.726
179.170996 203.59
179.175004 203.59
179.181000 202.726
179.184998 198.98
179.191003 204.24
179.195011 200.661
179.201007 200.771
179.205002 204.475
179.211002 200.661
179.214996 200.472
179.221006 204.137
179.225003 201.221
179.230995 200.562
179.235001 202.072
179.241004 205
179.245010 204.137
179.250996 200.392
179.254990 197.497
179.260953 202.072
179.264999 205.244
179.271003 203.59
179.274958 200.472
179.281009 198.98
179.284996 200.472
179.291002 202.072
179.300002 202.943
179.300993 202.181
179.305954 199.151
179.312040 199.06
179.316010 204.24
179.322002 202.072
179.326002 196.901
179.332009 205.117
179.335938 205
179.340006 202.633
179.345997 200.472
179.350000 197.568
179.355952 200.472
179.360000 207.82
179.366001 201.804
179.370000 195.243
179.376000 197.497
179.380006 205.883
179.387004 203.59
179.390999 201.316
179.397000 199.905
179.400978 199.81
179.406996 203.482
179.410011 205.65
179.415999 200.392
179.419999 198.91
179.426001 200.322
179.429994 207.06
179.435996 204.044
179.440000 198.849
179.446006 201.137
179.449949 201.316
179.456002 203.708
179.459999 203.708
179.465998 202.072
179.469999 200.472
179.476000 199.65
179.480004 200.392
179.486000 201.884
179.489999 202.633
179.498001 203.384
179.500945 199.81
179.506045 199.905
179.510040 205.883
179.515996 205.762
179.520050 201.884
179.526051 201.221
179.530044 198.98
179.536050 200.472
179.540049 206.303
179.546044 203.295
179.550045 196.023
179.556049 198.313
179.560119 205.117
179.566046 205
179.570045 196.759
179.576051 199.65
179.580050 201.137
179.586063 200.472
179.589985 202.726
179.596060 200.472
179.600053 197.649
179.606053 201.42
179.609953 205.883
179.615915 202.726
179.619950 198.237
179.625994 201.973
179.629914 201.973
179.636005 201.884
179.640000 198.172
179.646005 200.472
179.650001 197.568
179.656016 199.81
179.660049 204.353
179.666045 204.353
179.670048 201.316
179.676049 200.562
179.679991 205
179.686047 202.072
179.690044 200.562
179.696054 202.726
179.700051 201.973
179.706047 200.472
179.710047 201.221
179.716051 201.973
179.720050 202.072
179.726055 201.316
179.729991 202.726
179.736054 199.725
179.740053 201.973
179.746054 198.313
179.749994 202.072
179.756050 205.117
179.760054 201.973
179.766049 198.91
179.770048 198.172
179.776049 201.137
179.780015 202.726
179.787055 200.472
179.791066 201.973
179.797057 199.81
179.801045 197.649
179.807046 203.708
179.810060 206.652
179.816050 203.384
179.820053 197.436
179.826049 198.849
179.830057 202.549
179.836052 201.137
179.840051 201.884
179.846053 201.973
179.850050 198.399
179.856053 201.42
179.860055 206.015
179.866052 206.015
179.870064 199.81
179.876052 199.725
179.880083 202.633
179.886052 204.137
179.890054 201.973
179.896056 202.072
179.900055 203.708
179.905999 200.01
179.910048 203.708
179.916000 203.59
179.920054 201.973
179.926050 200.392
179.930048 201.884
179.936054 205
179.940053 200.661
179.946056 200.771
179.950057 203.066
179.956057 206.015
179.960055 205.762
179.966051 201.137
179.971050 200.392
179.974927 200.472
179.981006 205
179.984955 203.59
179.991005 200.562
179.995006 199.151
180.001013 199.905
180.004999 205.117
180.011002 202.633
180.015002 201.137
180.021013 201.137
180.025007 202.633
180.031011 204.137
180.035003 202.726
180.041007 201.316
180.045005 199.151
180.051006 202.072
180.054957 201.973
180.061001 200.392
180.065003 200.322
180.071006 203.384
180.075007 201.973
180.080947 201.973
180.085003 201.316
180.091005 201.316
180.095003 201.973
180.101007 204.044
180.105004 203.217
180.111002 200.998
180.115008 199.585
180.121008 201.884
180.125006 204.893
180.130943 201.973
180.134995 197.497
180.141005 198.98
180.145006 205
180.151005 202.83
180.154997 199.725
180.161009 198.98
180.164997 204.137
180.171005 206.303
180.175001 204.137
180.180956 203.384
180.185008 201.973
180.191007 201.973
180.195004 201.973
180.201004 199.81
180.204984 204.475
180.211835 199.251
180.214909 200.01
180.220953 203.708
180.224938 206.652
180.231929 200.472
180.235992 202.549
180.242007 204.044
180.246006 199.65
180.251936 199.65
180.256060 201.973
180.261054 205.762
180.265057 202.943
180.271050 199.151
180.275049 203.59
180.281053 199.81
180.285038 201.221
180.291062 200.472
180.295062 201.221
180.305057 199.06
180.309054 197.649
180.312049 203.59
180.322052 201.221
180.325055 200.392
180.326047 197.436
180.331054 200.392
180.337024 202.633
180.340059 202.633
180.344992 197.497
180.351050 198.237
180.355054 200.562
180.361054 202.83
180.364972 203.59
180.371054 199.81
180.375047 198.98
180.381057 203.384
180.385047 202.633
180.391062 203.384
180.395049 198.237
180.401060 199.81
180.405058 201.316
180.411060 205
180.415036 201.062
180.421058 196.657
180.425057 202.549
180.431058 203.295
180.435049 201.973
180.441051 199.81
180.445056 196.156
180.451048 198.399
180.454999 204.475
180.461050 207.422
180.465032 202.072
180.471054 197.436
180.475050 200.322
180.481053 203.295
180.485031 201.221
180.491049 199.06
180.495051 201.316
180.500991 203.59
180.505050 202.943
180.511051 198.494
180.515062 200.01
180.521056 203.708
180.525059 202.83
180.530987 201.221
180.535050 199.725
180.541049 200.562
180.545054 202.181
180.551057 202.181
180.555052 202.181
180.561054 200.562
180.565056 200.562
180.571057 206.41
180.575051 201.221
180.580935 200.562
180.585017 202.83
180.591012 203.59
180.595006 201.884
180.600936 201.884
180.605007 197.568
180.611012 197.649
180.615007 202.943
180.621008 206.015
180.625002 199.905
180.630998 197.568
180.635000 201.221
180.641007 201.316
180.645006 206.526
180.651003 203.482
180.655012 199.725
180.661008 203.384
180.665954 205.65
180.672008 202.072
180.676012 199.06
180.682009 201.316
180.686009 207.562
180.691007 200.771
180.695006 201.534
180.700951 205.244
180.705009 204.24
180.711009 199.585
180.714955 200.262
180.721009 201.735
180.725012 201.062
180.731001 204.137
180.736002 204.893
180.739966 201.137
180.746001 196.825
180.750002 202.072
180.756008 205.117
180.759964 202.83
180.765932 202.943
180.770003 199.151
180.775998 203.59
180.780007 203.59
180.786001 201.137
180.790013 200.392
180.796011 198.91
180.800005 199.65
180.806001 201.804
180.810006 208.581
180.815940 204.137
180.820007 199.81
180.825913 205.244
180.829915 206.015
180.835926 202.181
180.839922 207.292
180.845915 202.633
180.849925 197.436
180.857919 202.549
180.860915 207.82
180.865921 201.221
180.869919 200.661
180.875918 210.376
180.879928 200.472
180.885917 198.849
180.889920 203.148
180.895920 198.849
180.899927 199.725
180.905918 200.562
180.909917 200.562
180.915922 200.562
180.919919 201.221
180.925919 198.237
180.929915 198.172
180.935919 203.295
180.939919 201.137
180.945919 201.884
180.949907 201.221
180.955924 203.384
180.959922 201.884
180.965919 202.549
180.969919 204.795
180.975922 195.346
180.979919 202.072
180.985925 203.59
180.989921 198.313
180.995923 198.98
180.999918 198.91
181.005921 201.137
181.009917 204.044
181.015875 204.795
181.019887 200.322
181.025889 197.436
181.029899 203.482
181.035905 205
181.039902 200.562
181.046905 199.725
181.050903 201.221
181.056903 202.726
181.060902 202.072
181.066919 204.24
181.069933 198.98
181.075937 197.568
181.079935 202.726
181.085937 202.726
181.089934 198.98
181.095939 196.759
181.099940 201.221
181.105936 203.482
181.109934 199.905
181.115937 204.475
181.119937 198.399
181.125934 201.42
181.129972 202.072
181.135970 200.562
181.139972 202.726
181.145968 199.81
181.149970 200.562
181.155971 204.353
181.159972 205
181.165953 200.392
181.169968 198.98
181.175970 201.973
181.179969 200.661
181.185975 202.943
181.189967 200.661
181.195973 202.072
181.199971 199.81
181.205982 197.568
181.209980 204.24
181.216003 200.472
181.219973 201.973
181.225958 200.562
181.229966 203.482
181.235937 203.482
181.239971 201.137
181.246014 203.384
181.250015 201.973
181.256018 199.81
181.260016 201.316
181.266016 205.117
181.270021 197.649
181.276017 198.313
181.280017 202.072
181.286013 201.316
181.290014 203.482
181.296016 203.384
181.300012 201.884
181.305955 199.65
181.310008 201.804
181.316019 207.06
181.320014 199.725
181.325956 201.221
181.330002 205
181.335941 203.59
181.340003 201.42
181.346059 201.42
181.350053 202.181
181.358061 200.562
181.361062 206.41
181.366062 205.65
181.370061 200.392
181.376063 199.65
181.380045 205.65
181.386066 202.726
181.390065 198.237
181.395927 199.81
181.403065 203.59
181.405033 205
181.411058 200.472
181.414958 202.633
181.420976 203.482
181.424972 201.221
181.430969 206.526
181.434985 201.221
181.440962 202.633
181.444983 202.633
181.450967 197.497
181.454966 203.482
181.460972 202.83
181.465977 200.562
181.471971 199.06
181.475974 199.725
181.481973 203.384
181.485963 200.392
181.490969 204.795
181.494955 201.062
181.500975 198.172
181.504972 203.384
181.510968 203.384
181.514968 206.41
181.520970 202.726
181.524971 199.81
181.533026 205.117
181.536063 202.943
181.541070 203.482
181.545057 198.172
181.551059 196.657
181.555064 201.062
181.561057 203.384
181.565059 199.06
181.571059 205.117
181.575063 202.83
181.585052 196.825
181.589030 201.221
181.592003 202.633
181.602069 203.295
181.605065 202.549
181.605994 198.116
181.611062 201.884
181.615056 199.06
181.621107 200.661
181.624973 206.652
181.630931 202.072
181.634979 196.825
181.640939 196.759
181.644940 204.795
181.650940 203.384
181.654936 193.794
181.660935 196.023
181.664943 206.526
181.670934 199.81
181.674940 196.084
181.680937 203.482
181.684981 199.725
181.690939 199.725
181.694939 201.973
181.700930 203.482
181.704936 200.472
181.710943 198.98
181.714935 201.221
181.720940 205.117
181.724943 202.181
181.730935 201.42
181.734936 199.81
181.740940 202.726
181.744971 200.472
181.750965 200.472
181.754967 199.81
181.760985 203.482
181.764972 200.562
181.770973 204.24
181.774963 205
181.780973 199.06
181.784976 203.59
181.790975 202.943
181.794971 202.181
181.800970 201.534
181.804970 200.661
181.810969 198.399
181.814974 202.943
181.820972 205.117
181.824969 201.316
181.830976 198.237
181.834966 198.237
181.840970 198.237
181.844970 204.24
181.850999 203.59
181.854971 197.649
181.860974 201.316
181.864974 205.117
181.870968 199.81
181.874972 199.06
181.880976 204.893
181.884972 198.98
181.890972 201.137
181.894967 202.633
181.900977 199.725
181.904977 202.726
181.910975 202.726
181.915069 203.482
181.921197 201.973
181.925061 201.221
181.931057 201.137
181.935063 201.137
181.941063 201.221
181.945072 200.562
181.951063 202.83
181.954978 204.353
181.961060 207.292
181.965068 197.568
181.971060 197.497
181.975062 206.303
181.981062 201.137
181.985063 201.062
181.991062 203.295
181.995066 198.91
182.003010 201.884
182.006058 204.24
182.011087 199.06
182.014967 198.399
182.021262 201.42
182.024921 201.316
182.030922 202.633
182.035978 204.893
182.039980 199.65
182.045971 200.472
182.049970 208.06
182.055977 207.422
182.059916 198.313
182.065947 198.313
182.069944 205.883
182.075939 202.072
182.079933 202.072
182.085940 202.072
182.089940 199.06
182.095938 203.59
182.099946 205.117
182.105939 205
182.109937 198.98
182.115942 198.91
182.119946 204.044
182.126221 202.549
182.129910 201.062
182.135944 196.023
182.139941 202.072
182.145939 206.015
182.149936 200.01
182.155946 200.01
182.159933 204.475
182.165941 202.072
182.169932 200.472
182.175942 199.65
182.179930 198.91
182.186072 200.392
182.189969 201.137
182.195945 201.221
182.199950 199.81
182.206068 199.06
182.210066 205.762
182.216026 207.935
182.220075 198.237
182.226061 196.759
182.230068 201.973
182.236065 205.762
182.239963 200.472
182.246062 201.137
182.250062 204.044
182.256064 200.322
182.260067 203.295
182.266249 201.804
182.269955 201.137
182.275931 197.497
182.279929 200.562
182.286004 201.42
182.289956 199.251
182.295993 200.01
182.300075 201.42
182.306069 204.353
182.310068 199.81
182.316016 199.725
182.320067 201.884
182.326078 204.137
182.330072 200.392
182.336015 201.137
182.340065 204.893
182.346071 198.98
182.350070 203.482
182.356065 204.475
182.360074 199.905
182.366060 199.151
182.370072 203.59
182.376018 202.83
182.382054 196.825
182.386017 200.472
182.390061 203.59
182.396067 202.072
182.400015 205
182.406010 202.83
182.410068 202.072
182.416074 200.562
182.421072 200.562
182.429074 205
182.431007 201.221
182.437000 195.346
182.441074 197.568
182.446070 200.472
182.450069 205
182.456018 201.316
182.460068 199.81
182.466068 203.59
182.470072 205.244
182.476067 203.59
182.480066 199.725
182.486088 198.98
182.490070 203.384
182.496075 201.884
182.500067 204.137
182.506065 201.137
182.510069 198.91
182.515991 201.884
182.520042 202.726
182.526068 202.726
182.530060 199.725
182.536069 196.023
182.540078 202.83
182.546073 206.155
182.550064 203.066
182.556082 202.299
182.560072 204.353
182.566066 203.482
182.570065 198.172
182.576070 203.295
182.580073 202.475
182.586076 200.998
182.590063 199.65
182.596072 197.568
182.600078 199.81
182.606070 200.661
182.610066 204.607
182.615947 202.299
182.619947 199.151
182.626034 203.482
182.630012 205.548
182.636021 200.262
182.640028 199.529
182.645967 199.585
182.650014 202.549
182.656020 205.65
182.660020 205.762
182.665986 201.316
182.670013 196.156
182.676025 205.883
182.680020 205.883
182.686019 196.084
182.690087 194.61
182.696020 203.482
182.700028 204.24
182.706016 203.482
182.710018 205.65
182.716024 199.585
182.719942 200.322
182.726021 207.82
182.730021 203.384
182.736023 202.633
182.740004 200.472
182.746019 199.81
182.750026 197.649
182.756020 202.943
182.759976 199.905
182.765949 195.412
182.771021 201.316
182.777018 203.482
182.781020 201.884
182.787014 204.044
182.791001 201.137
182.795970 201.221
182.800026 199.725
182.806019 201.884
182.810012 205.65
182.816022 199.725
182.820021 198.98
182.826020 202.633
182.830025 205.65
182.836027 199.81
182.840025 200.01
182.846022 202.299
182.850020 206.015
182.856035 200.562
182.866026 202.726
182.870021 201.973
182.871011 200.472
182.884026 203.384
182.886016 204.893
182.888020 202.726
182.890012 199.06
182.896020 200.562
182.900035 202.943
182.905960 204.475
182.910026 201.42
182.916021 198.494
182.920021 199.905
182.926030 204.353
182.930015 203.482
182.936021 198.237
182.940019 201.221
182.946019 206.41
182.949962 202.726
182.956022 204.24
182.962023 202.072
182.966022 198.399
182.970018 199.905
182.976022 205
182.980026 201.221
182.985965 195.29
182.990017 193.83
182.996027 204.137
183.000028 208.701
183.006030 201.884
183.010024 199.725
183.015927 198.313
183.020027 205.883
183.026021 204.353
183.029993 204.24
183.036020 201.884
183.040024 198.91
183.046015 199.725
183.050014 202.072
183.056019 205.117
183.060021 206.015
183.065960 200.661
183.073024 199.905
183.075017 202.83
183.081017 201.221
183.085021 201.973
183.091019 203.384
183.095016 202.633
183.103032 202.633
183.105942 203.295
183.111075 204.044
183.115077 205.548
183.121079 203.295
183.125065 202.633
183.131065 201.221
183.135067 198.399
183.141067 200.01
183.145071 199.361
183.151068 201.534
183.155071 198.399
183.161044 199.725
183.165075 202.549
183.171075 201.735
183.175062 201.735
183.181085 204.629
183.185075 200.262
183.191065 200.998
183.195074 199.585
183.201069 203.384
183.205076 202.072
183.212007 197.649
183.216078 203.708
183.222073 204.353
183.226072 195.346
183.232077 199.725
183.237075 201.884
183.241072 198.91
183.245071 199.585
183.251070 201.735
183.255070 201.062
183.260943 196.703
183.267026 204.137
183.271024 205.762
183.275036 198.313
183.281028 201.316
183.285030 203.59
183.291021 197.649
183.295024 202.072
183.300956 203.59
183.305025 199.06
183.311031 196.825
183.315472 200.472
183.321025 202.726
183.324966 196.023
183.331025 204.137
183.335026 204.24
183.341026 196.084
183.345022 201.316
183.351000 207.562
183.355025 199.251
183.361026 197.649
183.365025 199.905
183.370962 206.652
183.375023 199.151
183.381031 198.313
183.385026 202.072
183.391161 196.156
183.395023 200.661
183.401026 199.905
183.405031 199.151
183.411076 199.151
183.415074 200.562
183.421060 200.562
183.425068 202.072
183.431069 199.151
183.435079 201.42
183.441071 203.708
183.445067 202.181
183.451072 197.649
183.455075 205.117
183.461076 205.117
183.465086 197.497
183.471067 200.472
183.475070 201.316
183.481076 201.42
183.485074 202.943
183.491069 209.117
183.495048 203.836
183.501079 196.237
183.505076 199.06
183.511017 208.83
183.515069 205
183.522074 196.023
183.526077 203.384
183.532073 201.973
183.536072 202.83
183.542072 202.943
183.545075 202.181
183.551075 203.708
183.555074 197.649
183.561018 199.81
183.565072 203.482
183.571069 195.346
183.575071 199.725
183.581079 204.893
183.585077 204.24
183.591078 205.117
183.595072 202.83
183.601079 203.59
183.605070 201.973
183.611068 201.884
183.615069 198.172
183.621077 198.237
183.625069 205
183.631072 203.59
183.635076 202.072
183.641079 204.24
183.646077 204.893
183.650025 201.137
183.656027 204.044
183.660075 201.884
183.666070 196.825
183.670074 202.181
183.676075 202.299
183.680022 202.299
183.686075 199.251
183.690072 199.905
183.696078 202.072
183.700026 201.973
183.706071 201.884
183.710080 200.472
183.716075 202.83
183.720077 201.42
183.726075 197.084
183.730136 204.607
183.736083 199.905
183.740076 196.825
183.746072 205.548
183.750052 202.549
183.756078 198.172
183.760075 200.472
183.766075 203.59
183.770015 198.494
183.775932 201.792
183.780079 203.973
183.786078 196.987
183.790081 198.313
183.796087 199.725
183.800007 196.703
183.806086 200.472
183.810077 202.726
183.816081 199.81
183.820077 202.943
183.826076 203.708
183.830078 198.399
183.836007 197.649
183.840082 202.83
183.846073 199.06
183.850072 194.61
183.856078 200.562
183.860075 205.117
183.866084 199.905
183.870058 201.42
183.876076 201.316
183.880078 196.901
183.888077 202.072
183.891071 201.42
183.895948 197.649
183.900038 198.399
183.906031 196.901
183.909960 197.649
183.916036 202.181
183.920034 202.299
183.926026 200.771
183.930028 206.787
183.936034 205.244
183.939959 196.987
183.947031 197.74
183.951031 201.534
183.957031 200.01
183.961030 196.901
183.967025 200.472
183.970032 196.023
183.976027 196.023
183.980035 202.726
183.986025 203.482
183.990028 199.151
183.996031 199.251
184.000029 201.658
184.006029 204.9
184.010019 203.199
184.016009 197.841
184.020031 197.649
184.025983 202.072
184.030025 201.316
184.036034 202.83
184.039992 205.762
184.046026 202.072
184.049987 199.151
184.056027 200.01
184.060084 203.836
184.066071 200.771
184.070080 199.905
184.076077 200.661
184.080080 197.649
184.086080 199.06
184.092019 205.762
184.096079 205.762
184.100078 201.221
184.106073 202.072
184.110073 202.072
184.116079 204.475
184.120027 204.607
184.126079 199.361
184.130069 194.165
184.136078 200.891
184.146078 206.015
184.150075 202.072
184.151067 200.472
184.163078 203.482
184.165078 203.482
184.166071 205.762
184.171072 204.24
184.175017 198.98
184.181076 198.237
184.185078 201.221
184.191074 205.762
184.195074 202.726
184.200918 200.392
184.206037 198.98
184.210026 202.072
184.216033 202.83
184.220030 200.661
184.226041 199.151
184.230027 201.316
184.236027 199.06
184.240033 202.726
184.248034 202.726
184.250959 198.237
184.256083 201.062
184.260079 204.044
184.266076 202.549
184.270118 201.062
184.276018 199.65
184.280078 202.726
184.286074 201.316
184.290072 199.151
184.297080 202.072
184.301066 198.313
184.307084 199.65
184.311072 200.392
184.317063 197.436
184.321082 198.91
184.326015 201.884
184.330079 200.472
184.336086 202.633
184.340079 201.973
184.349083 198.313
184.353076 201.316
184.356075 205.883
184.361088 202.181
184.365074 196.329
184.371076 200.125
184.375080 202.299
184.381077 200.01
184.385072 202.181
184.391074 199.06
184.395074 195.346
184.401091 197.568
184.406077 199.81
184.415086 202.943
184.417079 200.771
184.420073 199.251
184.426065 199.251
184.430072 198.494
184.436085 202.299
184.440080 203.066
184.446081 201.658
184.450078 199.361
184.456080 199.482
184.460029 199.482
184.466079 202.428
184.470083 200.771
184.476001 199.251
184.480081 199.151
184.486082 199.905
184.490081 200.661
184.496076 200.661
184.500027 200.01
184.506079 200.891
184.510022 203.066
184.516071 202.181
184.521078 200.562
184.525077 202.072
184.531079 199.905
184.535082 204.475
184.541082 202.428
184.546079 199.482
184.550087 203.199
184.556086 201.658
184.559998 202.299
184.565953 203.708
184.569974 204.475
184.576029 200.661
184.580051 199.81
184.586036 204.353
184.590029 200.661
184.596033 202.181
184.600035 204.607
184.606035 202.428
184.610026 200.891
184.615976 202.181
184.619987 202.072
184.626036 198.313
184.630031 198.313
184.636031 200.661
184.640036 205.244
184.645945 204.475
184.650031 195.412
184.656031 200.562
184.660053 204.353
184.665977 203.708
184.669979 206.932
184.676045 203.836
184.682031 200.01
184.685031 203.708
184.691032 206.526
184.695030 198.98
184.701031 198.91
184.705034 202.633
184.713032 199.65
184.720037 198.91
184.721023 202.633
184.726031 198.98
184.730031 199.81
184.736092 205.117
184.739974 205.117
184.746040 200.661
184.750031 201.316
184.756084 199.905
184.760094 201.42
184.766084 202.181
184.770083 197.74
184.776007 199.905
184.780001 202.181
184.786021 197.497
184.790081 195.29
184.796086 202.549
184.800080 201.973
184.806121 199.905
184.810077 204.607
184.816084 203.708
184.820082 199.151
184.826078 200.562
184.830076 200.562
184.836082 197.568
184.840081 200.472
184.846076 200.472
184.850075 194.61
184.856080 198.237
184.860085 198.313
184.866084 198.399
184.870079 201.534
184.875963 199.361
184.879972 198.6
184.886038 200.891
184.890034 204.607
184.896029 202.299
184.900037 199.251
184.906035 199.81
184.910032 199.81
184.916033 198.98
184.919961 196.759
184.926029 197.497
184.930038 198.98
184.936030 196.156
184.943032 198.399
184.947024 201.42
184.951028 199.905
184.957033 199.905
184.961030 196.901
184.966974 198.494
184.971026 200.891
184.978029 200.891
184.980962 198.6
184.986034 200.771
184.990034 196.237
184.996038 194.743
185.000036 199.151
185.006034 203.59
185.010034 199.151
185.016037 199.251
185.020087 199.251
185.026083 204.607
185.030073 200.771
185.036085 197.74
185.040004 200.661
185.046240 196.901
185.050087 199.81
185.056082 202.726
185.060081 200.661
185.066081 196.987
185.070080 200.891
185.076080 203.342
185.081088 198.716
185.085022 197.952
185.091081 197.19
185.095084 198.6
185.102967 203.199
185.106044 202.299
185.110976 198.494
185.115032 201.42
185.121035 202.181
185.125040 199.151
185.131028 203.59
185.135028 199.905
185.141038 194.743
185.144954 198.494
185.151029 200.125
185.155034 200.771
185.163070 198.399
185.176041 197.568
185.186057 200.661
185.186974 203.708
185.189078 200.661
185.191076 200.771
185.197085 200.01
185.201076 198.494
185.207089 196.987
185.211079 202.181
185.217082 198.494
185.221085 197.74
185.227078 201.42
185.230998 199.905
185.235079 196.156
185.241084 199.06
185.247079 201.221
185.250075 198.313
185.257249 200.562
185.260078 201.316
185.265085 199.81
185.271102 200.661
185.275081 196.987
185.290089 200.771
185.292052 201.534
185.294077 199.361
185.298082 199.251
185.305084 201.658
185.306077 204.749
185.311080 204.749
185.315077 204.9
185.323085 206.465
185.326028 196.543
185.331085 198.716
185.335079 209.117
185.341085 204.24
185.345053 192.38
185.352085 191.659
185.356086 195.346
185.364081 199.905
185.371087 203.836
185.372081 201.658
185.378089 195.673
185.381079 197.19
185.387080 203.342
185.391086 205.682
185.395052 203.973
185.401090 196.987
185.407090 193.933
185.410084 198.399
185.445989 202.83
185.449086 202.181
185.451075 199.251
185.454085 200.125
185.456080 201.792
185.462096 205.244
185.466081 206.41
185.472091 203.148
185.478088 195.167
185.481086 190.213
185.488086 200.392
185.491077 206.652
185.496026 198.6
185.500024 193.61
185.506081 195.256
185.516090 199.279
185.517078 207.002
185.522081 201.936
185.526086 199.361
185.532102 204.353
185.536100 199.725
185.556098 198.172
185.559079 203.384
185.560088 201.316
185.561024 200.01
185.566090 205.526
185.572086 198.6
185.576085 199.361
185.580030 203.973
185.586065 201.534
185.590094 198.313
185.601094 206.303
185.602075 204.795
185.607084 200.472
185.611083 200.661
185.617088 201.792
185.621087 202.089
185.627093 202.089
185.642087 200.385
185.645088 198.842
185.646103 197.307
185.647077 201.792
185.655084 202.299
185.657082 199.81
185.662003 197.497
185.666085 199.65
185.672034 201.804
185.678088 204.137
185.687083 204.044
185.689090 202.633
185.691079 200.472
185.696082 202.181
185.702082 199.361
185.706080 200.25
185.711089 200.25
185.717086 199.361
185.728094 197.74
185.731081 201.42
185.732089 201.316
185.737089 198.237
185.746086 200.392
185.749094 200.392
185.751081 198.172
185.760088 200.472
185.764964 202.726
185.766030 198.313
185.770985 196.156
185.779984 199.151
185.781029 203.59
185.796042 199.725
185.799033 196.023
185.800038 197.568
185.801028 199.151
185.806036 198.494
185.812039 202.299
185.815965 195.576
185.822240 194
185.826090 197.649
185.832085 199.81
185.836087 198.237
185.842089 198.98
185.846087 202.072
185.852088 197.649
185.856086 202.181
185.862087 202.181
185.866082 199.251
185.872097 196.987
185.876086 194.077
185.880116 198.6
185.886089 202.428
185.890082 201.658
185.896089 198.494
185.900088 199.151
185.905967 199.251
185.910089 198.494
185.915983 200.661
185.920047 196.825
185.926095 192.416
185.930099 196.084
185.936088 202.943
185.940095 203.199
185.946092 203.342
185.950086 202.714
185.956087 196.026
185.959962 193.724
185.966048 202.872
185.972039 204.277
185.976044 196.431
185.980039 194
185.986077 201.221
185.990047 202.633
185.996042 202.633
186.002034 201.221
186.005035 199.905
186.011048 203.199
186.015038 202.566
186.021032 201.02
186.025039 198.716
186.031052 200.125
186.035042 201.792
186.041040 204.9
186.046977 203.494
186.051974 199.612
186.055969 204.9
186.060100 197.19
186.066084 197.084
186.070223 203.708
186.076012 200.661
186.080093 199.06
186.086083 196.825
186.090087 201.316
186.096099 205.244
186.100091 207.711
186.106087 202.299
186.110091 202.943
186.116086 201.316
186.120091 198.98
186.126085 201.221
186.130080 196.901
186.137090 197.74
186.141077 199.251
186.147085 203.066
186.151082 204.475
186.157090 197.649
186.160085 199.151
186.166084 202.83
186.172085 202.83
186.175085 200.562
186.181097 200.392
186.185091 197.436
186.191089 199.65
186.195041 202.633
186.201093 197.568
186.205090 199.81
186.211034 202.072
186.215094 197.649
186.221085 197.74
186.225099 198.494
186.231060 196.987
186.235092 199.905
186.241088 200.562
186.245089 197.497
186.251079 202.633
186.255091 201.221
186.261087 197.568
186.265092 196.901
186.271083 201.42
186.279091 194.077
186.281092 191.107
186.287086 197.841
186.291087 201.658
186.297087 197.084
186.301091 196.987
186.307084 207.562
186.311085 200.01
186.317092 199.251
186.321089 202.299
186.327091 202.428
186.331089 196.431
186.337089 196.431
186.340093 200.891
186.345086 198.6
186.351087 200.01
186.355097 197.74
186.361092 197.74
186.365019 200.125
186.371091 201.792
186.375089 202.714
186.381085 198.204
186.385092 200.529
186.391092 199.612
186.395096 198.073
186.401041 201.658
186.405095 196.237
186.412097 194.743
186.416093 196.987
186.422093 201.534
186.427086 200.125
186.431086 197.19
186.437042 201.936
186.440013 205.061
186.446091 199.612
186.450010 201.02
186.456013 203.342
186.460094 199.482
186.466089 200.891
186.470088 203.836
186.476093 200.661
186.480172 198.399
186.486094 198.494
186.492092 199.361
186.495083 200.891
186.501087 200.25
186.505096 202.566
186.511091 200.25
186.515093 198.716
186.521101 200.125
186.525093 201.658
186.531088 197.74
186.535080 199.151
186.541074 200.661
186.545036 201.534
186.551086 199.361
186.555060 201.02
186.561092 199.482
186.565081 195.021
186.571085 196.543
186.575043 199.482
186.581094 199.361
186.585093 198.494
186.591102 199.151
186.595089 199.151
186.601100 199.151
186.605093 204.475
186.611051 202.943
186.615026 195.576
186.621040 197.084
186.625096 196.431
186.631095 198.073
186.635082 199.612
186.641095 201.308
186.645035 197.434
186.651090 201.936
186.655093 201.02
186.661089 198.716
186.665088 199.361
186.671094 197.841
186.675092 196.431
186.681092 197.19
186.685087 199.482
186.690952 198.842
186.695054 198.073
186.704966 197.434
186.709090 202.714
186.712095 198.977
186.722094 196.543
186.725092 194.263
186.726085 194.918
186.731047 198.716
186.735085 197.952
186.741094 194.918
186.745096 196.543
186.751085 199.612
186.755070 195.78
186.761075 197.19
186.765096 200.25
186.771096 196.543
186.775094 196.543
186.781107 199.482
186.785086 198.716
186.793096 196.431
186.800103 195.021
186.801085 198.073
186.805987 199.612
186.811052 195.78
186.817065 196.431
186.820958 197.841
186.826956 199.482
186.830951 195.021
186.835963 197.307
186.840013 201.936
186.846074 197.434
186.850002 194.371
186.855996 198.204
186.860014 197.57
186.866092 197.434
186.870101 198.977
186.876097 198.204
186.880049 195.256
186.886096 195.256
186.890094 198.977
186.896009 199.752
186.900089 195.898
186.906094 198.073
186.910094 201.159
186.916093 199.612
186.920081 199.612
186.926085 198.977
186.930100 198.204
186.936093 198.346
186.940090 201.308
186.946094 200.529
186.950006 199.752
186.955961 195.898
186.960049 199.612
186.966046 201.936
186.970050 198.073
186.976047 197.19
186.980046 195.673
186.986043 198.073
186.989955 200.385
186.996093 201.936
187.002073 198.842
