132.700647 232.564
132.705892 233.112
132.706633 235.841
132.711987 238.851
132.717773 235.198
132.721776 234.549
132.727834 238.021
132.731842 236.053
132.737782 234.651
132.741783 236.487
132.747832 235.189
132.751785 232.192
132.757780 236.487
132.761779 236.592
132.765705 235.943
132.771851 235.096
132.775787 234.557
132.781787 235.735
132.785757 240.275
132.793794 234.753
132.796779 234.107
132.801785 234.647
132.805780 234.009
132.811703 235.096
132.815863 232.11
132.821785 233.82
132.825725 235.939
132.831784 239.487
132.835832 231.004
132.843831 234.107
132.846775 236.053
132.851791 229.828
132.857931 233.919
132.861647 239.249
132.867799 236.487
132.871646 230.939
132.877672 237.245
132.880727 236.833
132.886735 236.707
132.890735 234.107
132.896737 232.282
132.900732 235.833
132.906739 234.549
132.910738 234.664
132.916740 235.637
132.920734 236.487
132.926730 238.43
132.931799 236.707
132.935769 239.873
132.951805 234.329
132.953725 231.638
132.962734 235.402
132.965670 237.777
132.966725 233.91
132.967789 235.096
132.970727 234.472
132.976742 231.478
132.980737 235.011
132.986734 235.841
132.990735 237.363
132.996676 236.172
133.002741 234.864
133.005728 233.677
133.011796 235.731
133.015769 231.937
133.021736 231.873
133.025738 238.011
133.031925 238.116
133.035818 232.693
133.041781 232.693
133.045794 236.284
133.051853 237.664
133.055821 235.291
133.061785 237.24
133.066732 238.969
133.071848 236.053
133.075783 233.825
133.081785 238.204
133.085790 238.317
133.091762 231.391
133.095854 234.921
133.101782 236.411
133.106786 232.667
133.110781 229.68
133.116795 239.752
133.120790 237.363
133.126784 230.365
133.130779 237.127
133.136783 240.809
133.140782 236.478
133.146788 233.739
133.150784 233.369
133.156786 240.809
133.160795 237.245
133.166812 232.097
133.170701 235.841
133.176795 237.668
133.180798 231.655
133.186782 232.732
133.190782 237.371
133.196789 238.021
133.200793 236.053
133.206799 234.868
133.210783 239.211
133.216788 236.715
133.220786 234.651
133.226735 235.096
133.230733 234.378
133.236791 235.565
133.240789 233.765
133.246785 235.011
133.250784 235.091
133.256780 237.363
133.260783 238.021
133.266793 236.176
133.270789 238.69
133.276730 234.983
133.280712 235.943
133.286788 235.833
133.290773 235.748
133.296788 233.137
133.300707 233.137
133.307862 235.769
133.311833 238.351
133.317760 237.257
133.321784 237.371
133.327808 233.26
133.330780 235.648
133.338790 242.178
133.341709 238.151
133.346780 233.463
133.350754 236.916
133.356781 237.567
133.360790 238.212
133.366785 236.941
133.370784 234.664
133.376790 234.009
133.380789 236.172
133.386787 238.29
133.390784 236.569
133.396784 238.82
133.402785 234.983
133.406780 235.833
133.410792 237.68
133.416791 238.116
133.420789 233.056
133.426788 234.305
133.431857 236.738
133.435802 237.567
133.441786 235.956
133.445786 235.296
133.451848 233.463
133.455841 236.053
133.461733 236.707
133.465786 237.777
133.471850 238.317
133.475826 234.557
133.481787 234.378
133.485793 239.293
133.491855 234.6
133.495834 232.512
133.501786 234.395
133.505789 236.301
133.511856 233.825
133.515809 237.135
133.521783 235.296
133.525788 232.295
133.531853 236.592
133.537804 235.189
133.540783 237.135
133.546787 237.68
133.551858 230.222
133.555799 231.95
133.561669 238.86
133.565748 233.838
133.571795 232.019
133.575895 239.094
133.581688 232.732
133.585733 229.107
133.591798 236.176
133.595768 238.958
133.601678 237.245
133.605732 237.127
133.611799 238.964
133.615765 233.189
133.621737 233.82
133.625732 236.275
133.631663 237.457
133.635799 235.189
133.641738 233.919
133.645736 234.651
133.651676 236.707
133.657738 235.402
133.660738 234.214
133.666739 238.82
133.672744 236.707
133.675793 235.291
133.681743 237.127
133.685733 238.552
133.691679 232.727
133.695689 232.282
133.701673 238.43
133.705741 233.91
133.711750 233.369
133.715795 237.135
133.721751 233.382
133.725737 231.244
133.731749 234.557
133.735795 240.938
133.741738 234.651
133.745738 232.183
133.752741 238.029
133.756742 236.373
133.762742 236.373
133.766744 239.094
133.773738 235.198
133.780743 232.564
133.781730 237.021
133.786683 236.061
133.792658 237.899
133.796690 234.753
133.802739 234.453
133.806736 237.489
133.812738 235.943
133.816741 236.916
133.822745 240.585
133.826738 236.097
133.832733 231.327
133.836743 238.33
133.842734 238.439
133.846731 235.731
133.850738 233.57
133.856740 234.868
133.860737 231.737
133.866811 238.151
133.870752 241.139
133.876741 235.64
133.880710 235.296
133.886744 234.021
133.890699 237.567
133.896702 235.011
133.900787 236.39
133.906803 239.51
133.910784 235.198
133.916796 235.841
133.920790 239.623
133.926791 238.682
133.930786 234.107
133.936789 233.463
133.940798 236.478
133.946789 238.313
133.950792 233.919
133.956793 235.215
133.960977 234.378
133.966741 233.403
133.970787 234.472
133.976788 236.941
133.980792 236.504
133.986787 235.198
133.990791 234.009
133.996791 234.009
134.000738 236.588
134.006784 238.021
134.010788 233.91
134.017785 232.65
134.021792 233.326
134.027837 233.227
134.031854 234.395
134.037787 237.055
134.040795 236.301
134.046712 230.848
134.050794 234.459
134.056789 235.41
134.060768 241.066
134.066793 235.189
134.070734 237.895
134.076792 237.899
134.080790 233.369
134.086786 232.019
134.090791 232.131
134.096791 233.3
134.100789 233.936
134.106686 234.557
134.110747 234.881
134.116683 234.753
134.120794 233.566
134.126789 238.151
134.130798 238.151
134.136798 233.566
134.140786 234.753
134.146787 233.91
134.150787 233.838
134.156791 238.759
134.160789 235.858
134.166786 232.192
134.170800 232.925
134.176790 235.521
134.180793 233.677
134.186738 234.983
134.190788 235.903
134.196793 237.245
134.200803 237.777
134.206792 236.487
134.210786 233.3
134.216792 231.27
134.226786 231.27
134.230795 235.769
134.231859 237.034
134.242786 232.938
134.245789 232.39
134.246785 236.172
134.251862 232.925
134.255831 236.829
134.263858 238.682
134.266785 234.231
134.274786 235.731
134.276799 235.198
134.280796 233.765
134.286797 235.565
134.292793 233.206
134.295863 232.65
134.301796 237.777
134.305763 235.648
134.311707 234.864
134.315759 233.677
134.321740 240.019
134.325745 235.521
134.331805 231.642
134.335679 237.127
134.341749 236.377
134.345743 230.835
134.351802 234.009
134.355679 240.541
134.361878 233.677
134.365738 234.218
134.371798 235.238
134.375768 237.099
134.381693 234.991
134.385741 233.139
134.391804 234.864
134.395776 231.638
134.407751 230.556
134.410737 235.402
134.411801 235.521
134.416733 232.822
134.422663 232.278
134.426738 231.303
134.432748 232.493
134.436743 231.199
134.442742 232.073
134.446739 232.506
134.452737 230.569
134.456741 231.845
134.462742 231.953
134.466742 233.677
134.472742 231.84
134.475795 232.605
134.480739 231.961
134.486739 231.303
134.491798 231.953
134.495663 226.751
134.501693 227.379
134.505740 232.613
134.511747 232.613
134.515794 228.939
134.522237 232.613
134.525856 230.237
134.531795 230.781
134.535794 236.059
134.541741 231.937
134.547799 228.865
134.550738 228.782
134.555776 235.155
134.561744 233.692
134.565742 223.473
134.571797 231.019
134.575779 232.62
134.581745 228.639
134.585743 229.822
134.591802 231.141
134.595796 229.73
134.601745 228.46
134.605754 233.48
134.611747 233.48
134.615804 232.547
134.621747 226.058
134.626153 227.46
134.631818 233.987
134.635756 230.1
134.641743 227.985
134.645752 227.985
134.651752 230.497
134.655802 224.842
134.661697 229.297
134.665744 230.766
134.671693 232.131
134.675751 234.872
134.681748 230.699
134.685684 232.805
134.691753 230.415
134.695795 232.138
134.701745 234.627
134.705686 230.154
134.711865 225.836
134.715868 224.109
134.721800 228.256
134.725799 230.282
134.731856 230.413
134.735807 231.625
134.741794 228.037
134.745798 232.362
134.751860 231.821
134.755836 229.822
134.761793 231.562
134.765796 232.22
134.771870 229.839
134.775864 228.661
134.781792 234.132
134.785795 232.416
134.791870 227.596
134.795832 225.193
134.803859 227.176
134.806952 229.072
134.811863 232.805
134.815842 231.881
134.821735 228.661
134.827877 233.18
134.830789 234.523
134.835812 231.73
134.841799 232.039
134.845798 229.109
134.855867 228.037
134.856791 227.627
134.861798 227.229
134.867866 225.357
134.871828 227.009
134.878812 229.584
134.882747 234.337
134.891865 234.376
134.896790 229.541
134.897739 230.322
134.901792 234.192
134.906796 230.671
134.910775 225.858
134.916796 225.757
134.920810 225.942
134.926795 228.775
134.930793 230.387
134.938683 228.51
134.945755 226.736
134.946704 225.661
134.951756 230.447
134.957750 229.273
134.963755 230.922
134.966739 227.057
134.971752 223.287
134.977750 229.107
134.983805 235.06
134.986691 232.166
134.991758 230.922
134.995756 223.763
135.001744 224.86
135.005753 232.299
135.011755 227.484
135.015831 224.884
135.021753 226.435
135.025750 226.744
135.031853 233.311
135.035756 234.423
135.041746 228.661
135.045747 225.858
135.051834 228.661
135.055684 231.625
135.061750 229.234
135.065743 226.175
135.071753 223.421
135.075751 224.335
135.081670 222.614
135.085836 224.884
135.091849 228.228
135.095805 230.124
135.101825 226.1
135.105783 228.773
135.111869 231.84
135.115841 228.221
135.121803 228.178
135.127758 226.736
135.130789 222.383
135.136802 226.283
135.140800 230.322
135.146730 228.057
135.150791 223.636
135.156794 223.092
135.160654 229.878
135.166800 228.228
135.170797 226.605
135.176769 228.44
135.180796 227.229
135.186802 225.393
135.190794 226.1
135.196820 228.408
135.200803 229.769
135.206680 227.515
135.210759 228.329
135.216749 224.04
135.220747 224.183
135.226748 227.011
135.230701 229.63
135.236805 228.825
135.240798 223.672
135.246802 222.551
135.250808 229.377
135.256792 234.679
135.260807 229.273
135.267878 225.905
135.271814 225.843
135.277919 228.952
135.281755 231.344
135.287813 223.949
135.291758 222.614
135.296745 225.765
135.300817 227.108
135.306763 230.367
135.310753 227.73
135.316754 226.055
135.320751 223.493
135.326757 225.799
135.330752 230.05
135.336751 233.94
135.340758 232.476
135.346747 228.055
135.350750 225.843
135.358806 225.484
135.361802 235.875
135.366808 230.76
135.370777 224.455
135.376814 224.62
135.380801 228.107
135.386796 224.793
135.390804 228.854
135.396801 227.609
135.402802 224.62
135.405805 228.548
135.411870 236.061
135.418132 232.899
135.421809 228.011
135.425798 226.382
135.431866 228.46
135.435803 231.115
135.441803 232.011
135.445802 231.141
135.451870 226.144
135.455838 224.029
135.461787 223.958
135.465785 226.497
135.471895 230.317
135.475836 233.112
135.481819 222.587
135.485774 222.281
135.491877 229.094
135.495865 230.653
135.505813 227.774
135.509798 230.272
135.511867 230.358
135.522803 222.933
135.525801 224.404
135.526792 226.932
135.531868 227.108
135.535818 224.495
135.543863 222.407
135.546802 223.763
135.551837 224.958
135.555866 226.058
135.561822 227.486
135.570802 232.041
135.571856 226.261
135.576733 223.376
135.582814 227.484
135.586802 231.402
135.592803 229.776
135.596801 229.978
135.602667 226.568
135.606705 224.566
135.610806 223.575
135.616804 224.027
135.620803 225.898
135.626799 225.719
135.632804 224.967
135.635839 221.797
135.641797 220.309
135.645802 228.484
135.651864 227.934
135.655894 224.537
135.661801 223.435
135.665805 225.624
135.672805 227.319
135.676736 230.117
135.682942 227.359
135.687041 224.33
135.692674 222.814
135.695646 232.519
135.701675 229.513
135.706672 220.765
135.710673 218.424
135.716670 225.391
135.720672 228.589
135.726673 225.644
135.730672 227.486
135.736673 221.56
135.740661 225.712
135.746671 230.669
135.752676 232.519
135.755667 228.057
135.760671 221.443
135.766674 223.376
135.770673 225.169
135.776670 229.665
135.780674 226.34
135.786673 231.978
135.790669 226.844
135.796680 221.145
135.800673 224.664
135.806673 233.178
135.810710 231.465
135.816700 223.376
135.820708 223.421
135.826710 220.914
135.830704 228.375
135.836701 232.082
135.840707 228.039
135.846703 220.676
135.850699 223.877
135.856714 233.962
135.860703 231.216
135.866701 225.247
135.870703 227.269
135.876703 233.91
135.880706 233.056
135.886697 222.214
135.890704 224.493
135.896712 227.934
135.900713 226.654
135.906711 222.502
135.910708 226.51
135.916709 228.904
135.920705 226.1
135.926704 230.124
135.930689 229.447
135.936716 229.203
135.940706 229.759
135.946704 231.164
135.950710 228.484
135.956715 223.466
135.960711 225.548
135.966703 229.087
135.970703 232.519
135.976706 228.95
135.980706 227.697
135.986712 227.574
135.990692 226.393
135.996712 230.322
136.000713 228.484
136.006712 223.614
136.010709 225.16
136.016798 227.17
136.020811 230.05
136.026798 226.354
136.031816 223.255
136.036802 225.051
136.042798 227.317
136.046803 230.176
136.052744 228.773
136.056807 227.229
136.061804 225.874
136.065803 228.142
136.071870 230.315
136.075840 228.801
136.081806 225.109
136.085806 225.051
136.091833 227.374
136.097756 228.285
136.100755 225.553
136.106761 225.712
136.110748 228.952
136.116750 226.711
136.120750 229.872
136.126757 233.882
136.130755 231.087
136.136745 224.771
136.140756 221.038
136.146747 226.217
136.150755 227.317
136.156753 226.066
136.160751 228.309
136.166751 229.009
136.170744 228.65
136.176748 227.895
136.180745 230.827
136.186752 230.991
136.190748 226.605
136.196865 224.831
136.200759 228.473
136.206755 228.449
136.210755 232.093
136.216755 228.729
136.220760 226.217
136.226750 224.591
136.230755 228.329
136.238756 227.328
136.241753 227.783
136.246769 229.883
136.250755 222.398
136.256757 225.437
136.260751 234.376
136.266754 229.654
136.270751 219.547
136.276753 222.362
136.280759 231.763
136.286715 235.264
136.290706 228.228
136.296708 223.134
136.300801 223.687
136.306807 226.354
136.310810 231.141
136.316748 231.881
136.320806 226.175
136.326801 223.161
136.330798 222.405
136.336801 227.776
136.340805 231.164
136.346807 227.187
136.350755 221.185
136.356750 219.189
136.360805 226.883
136.366799 233.345
136.371872 229.497
136.377812 225.533
136.381803 228.801
136.387872 226.42
136.391841 227.229
136.396880 228.057
136.400800 226.72
136.406692 226.72
136.410751 227.387
136.416761 228.022
136.420759 227.352
136.426749 228.729
136.430749 229.993
136.436760 229.203
136.440757 228.65
136.446752 229.234
136.450750 224.958
136.456756 224.109
136.460754 226.736
136.466754 227.895
136.470747 229.582
136.476781 226.263
136.480751 226.817
136.486754 230.491
136.490805 230.792
136.496759 227.332
136.500785 227.985
136.506764 227.46
136.510745 228.591
136.516686 230.322
136.520755 229.273
136.526764 227.715
136.530754 227.776
136.536755 228.801
136.540754 226.705
136.546755 227.053
136.550756 227.198
136.556756 226.844
136.560753 227.934
136.566750 226.175
136.570684 228.44
136.576814 228.327
136.580806 229.107
136.586780 229.107
136.590797 227.741
136.596810 227.715
136.600809 224.791
136.606832 226.813
136.610799 230.621
136.616803 230.08
136.620808 231.978
136.626741 230.76
136.630807 228.904
136.636802 230.803
136.640801 232.708
136.646807 231.664
136.650806 232.71
136.656805 232.431
136.660800 228.499
136.666806 230.161
136.670808 229.497
136.676805 222.733
136.680803 227.715
136.686741 230.256
136.690813 228.221
136.696805 228.077
136.702804 223.808
136.707872 229.436
136.711782 229.037
136.717773 230.87
136.721799 232.002
136.727879 225.391
136.731869 224.029
136.737808 224.887
136.741805 231.625
136.747884 225.737
136.751843 221.296
136.757800 223.134
136.761800 226.283
136.767874 229.584
136.770798 228.379
136.775841 226.283
136.785804 223.161
136.789807 227.385
136.791864 235.232
136.802805 231.041
136.805799 223.226
136.806801 225.2
136.811868 229.109
136.815868 228.44
136.821801 228.563
136.825804 224.013
136.831710 226.314
136.836805 225.082
136.842805 231.305
136.846801 232.62
136.852886 227.985
136.856771 227.879
136.861752 227.906
136.865755 229.462
136.871850 233.343
136.875675 230.558
136.881760 230.315
136.885887 231.071
136.891828 230.126
136.895859 231.335
136.901703 231.374
136.905752 226.354
136.911852 225.286
136.914750 229.321
136.921720 233.392
136.925764 231.538
136.931822 226.128
136.934747 226.868
136.941757 229.369
136.944752 234.19
136.953768 228.694
136.956750 227.627
136.961702 227.115
136.965753 228.364
136.971842 235.62
136.975821 230.263
136.981761 227.82
136.984691 226.654
136.991846 227.108
136.995855 235.138
137.001752 232.94
137.004751 227.486
137.011850 223.495
137.016093 230.523
137.021769 233.48
137.026757 232.805
137.030757 230.009
137.036753 224.457
137.039693 225.286
137.046763 231.344
137.050758 230.766
137.056757 233.015
137.060752 229.978
137.066761 224.749
137.070758 225.391
137.076756 232.416
137.080756 229.741
137.086702 226.535
137.090766 226.283
137.096760 224.43
137.099844 232.131
137.106757 231.435
137.109752 228.116
137.116756 227.596
137.120757 226.314
137.126758 232.882
137.129756 237.817
137.136758 231.335
137.139841 226.497
137.146754 226.035
137.149758 230.64
137.156753 233.154
137.160770 228.758
137.166758 226.669
137.170759 225.488
137.176765 226.137
137.179858 235.372
137.186764 238.64
137.189762 227.46
137.196767 223.022
137.199858 229.978
137.206760 240.223
137.209756 235.735
137.216761 228.843
137.220765 228.118
137.226914 225.2
137.229754 231.623
137.236759 235.372
137.240755 230.766
137.246761 227.442
137.249756 229.284
137.256766 229.822
137.259846 231.141
137.266756 234.207
137.270753 232.246
137.276766 228.556
137.279849 230.126
137.286761 229.615
137.289753 228.989
137.296763 229.907
137.299850 231.087
137.306766 230.766
137.309760 230.083
137.316760 229.41
137.319845 229.709
137.326766 233.026
137.329753 231.821
137.336763 228.116
137.339849 229.319
137.346698 229.462
137.349797 229.388
137.356813 229.615
137.359880 232.131
137.366817 229.978
137.369805 229.865
137.376807 229.865
137.379871 229.349
137.386724 231.495
137.389807 236.053
137.396814 229.865
137.399873 226.155
137.406813 231.821
137.409806 231.041
137.416813 233.026
137.419873 232.362
137.426810 225.858
137.429750 226.058
137.436811 232.299
137.439870 231.495
137.446843 227.385
137.449805 230.126
137.456804 228.775
137.461804 227.879
137.467853 233.825
137.471844 234.602
137.477807 231.763
137.481806 230.02
137.486910 231.311
137.489696 231.432
137.496809 232.742
137.499845 229.578
137.506732 230.12
137.509765 232.729
137.516810 232.605
137.519873 230.764
137.526829 233.797
137.529803 233.028
137.536812 232.489
137.539872 235.516
137.546806 232.278
137.549805 232.282
137.556811 235.402
137.559868 232.822
137.566820 232.822
137.569814 237.363
137.576790 234.107
137.579878 234.004
137.586817 234.868
137.589817 233.463
137.596812 232.921
137.599769 234.864
137.606697 231.737
137.609770 229.915
137.616762 236.172
137.619845 233.686
137.626756 234.107
137.629714 233.463
137.636762 235.402
137.639824 235.291
137.646758 233.463
137.649756 234.009
137.656767 232.183
137.659822 237.127
137.666759 238.439
137.669756 234.864
137.676863 234.864
137.679692 231.547
137.686761 234.004
137.689753 240.279
137.696761 234.549
137.699710 233.283
137.706770 233.472
137.709688 235.41
137.716763 232.641
137.719680 237.127
137.726773 239.353
137.729691 232.097
137.736761 230.835
137.739837 237.493
137.746771 236.829
137.749754 232.921
137.756762 236.96
137.759832 236.172
137.766755 232.822
137.769758 231.104
137.776759 238.82
137.779818 237.245
137.786759 232.65
137.789752 232.019
137.796721 235.198
137.799824 237.371
137.806764 234.115
137.809760 231.556
137.816769 235.291
137.819828 232.282
137.826764 236.588
137.829708 236.829
137.836759 233.566
137.839832 232.641
137.846685 233.463
137.849765 237.777
137.856708 235.939
137.859852 236.592
137.866756 234.021
137.869768 232.019
137.876763 236.487
137.879823 235.308
137.886715 234.549
137.889812 233.275
137.896823 234.107
137.902753 234.983
137.906808 234.983
137.912814 231
137.916812 233.463
137.922928 240.678
137.924806 235.943
137.931890 229.12
137.934806 238.682
137.941816 234.753
137.944810 232.183
137.951882 244.051
137.954804 236.061
137.961779 225.291
137.964808 237.664
137.971881 241.731
137.974807 234.651
137.981803 234.881
137.984808 231.655
137.991882 233.365
137.994735 235.516
138.001815 235.516
138.004810 234.107
138.011852 233.463
138.014795 231.547
138.021814 234.549
138.024808 238.682
138.031880 239.877
138.034808 232.192
138.041756 232.732
138.044736 233.57
138.051884 236.715
138.055763 235.841
138.065813 237.668
138.069753 233.283
138.071828 232.097
138.082809 237.363
138.085817 237.099
138.086792 235.64
138.091976 232.381
138.094762 234.329
138.101770 234.214
138.104762 234.868
138.111763 235.296
138.114757 232.564
138.121699 234.557
138.124767 236.377
138.131840 234.651
138.134753 238.682
138.141763 234.107
138.144762 232.183
138.151861 241.74
138.154755 236.053
138.163848 232.093
138.166754 235.833
138.171851 235.402
138.174756 233.275
138.181740 236.592
138.186764 237.245
138.192768 231.547
138.196740 232.732
138.202765 237.371
138.206769 236.605
138.211688 232.938
138.214769 231.556
138.221775 237.24
138.224760 241.203
138.231856 236.833
138.234756 234.115
138.241768 232.282
138.244765 232.822
138.251848 240.678
138.254758 238.168
138.261912 232.848
138.264768 233.919
138.271872 232.11
138.274755 236.487
138.281772 239.877
138.284717 234.115
138.291871 230.835
138.294804 235.091
138.301758 235.296
138.304808 235.939
138.311880 234.868
138.314720 234.115
138.321817 233.369
138.324808 236.377
138.331703 239.623
138.334805 236.377
138.341816 233.382
138.344810 238.317
138.351778 234.762
138.354810 235.833
138.361809 235.296
138.364832 235.402
138.371881 237.127
138.374732 236.592
138.381818 235.33
138.385080 234.395
138.391873 238.011
138.394807 236.941
138.401832 238.351
138.404811 235.841
138.411882 233.472
138.414830 235.939
138.421814 240.678
138.424811 238.021
138.431803 234.107
138.434810 237.127
138.441814 235.841
138.444812 237.567
138.451885 238.877
138.454811 236.856
138.461819 233.679
138.464787 237.034
138.471880 239.094
138.474808 234.459
138.481827 237.021
138.484808 237.668
138.491876 232.732
138.494818 236.478
138.501817 239.752
138.504758 235.198
138.511851 236.106
138.514813 235.663
138.521817 238.254
138.524811 237.495
138.531821 235.053
138.534810 237.495
138.541810 236.941
138.544813 237.567
138.551881 236.605
138.554709 237.786
138.561819 235.096
138.564786 232.495
138.571875 238.212
138.574808 236.924
138.581840 234.934
138.584805 235.663
138.591879 233.859
138.594730 233.936
138.601820 238.33
138.604840 240.291
138.611881 237.567
138.614817 234.305
138.621818 236.199
138.624816 240.576
138.631839 236.377
138.634821 235.735
138.641817 238.969
138.644816 235.646
138.651873 235.646
138.654814 237.034
138.661713 238.229
138.664770 238.116
138.671857 236.199
138.676695 234.327
138.682719 239.293
138.686766 238.011
138.693025 235.553
138.696790 238.204
138.701692 237.021
138.704689 236.275
138.711690 240.279
138.714683 238.86
138.721687 234.395
138.724689 236.856
138.731660 239.334
138.734686 237.293
138.741692 234.934
138.744688 236.39
138.751686 237.034
138.754687 235.735
138.761689 239.389
138.764683 234.472
138.771688 231.873
138.774686 237.567
138.781690 240.834
138.784683 236.106
138.791689 236.755
138.794687 235.688
138.801819 233.859
138.804687 236.924
138.811688 236.377
138.814688 235.841
138.821688 235.096
138.824684 235.002
138.831689 239.502
138.834685 240.054
138.841687 230.039
138.844689 234.849
138.851688 239.002
138.854686 238.877
138.861688 235.663
138.864686 233.962
138.871685 232.495
138.874685 235.841
138.881689 237.786
138.884684 238.33
138.891690 236.823
138.894686 234.472
138.903692 235.108
138.906689 240.054
138.911770 238.137
138.914761 238.583
138.921767 234.891
138.924769 234.891
138.931855 240.726
138.934764 237.034
138.941765 236.916
138.944772 236.916
138.951855 233.825
138.954760 237.462
138.961767 238.65
138.964764 234.934
138.971853 236.755
138.974761 236.683
138.981777 236.755
138.984768 238.877
138.991857 238.212
138.994759 235.735
139.001772 239.618
139.004766 238.43
139.011866 237.135
139.014750 234.043
139.021772 236.106
139.024764 238.011
139.031882 240.915
139.034758 236.755
139.041780 236.22
139.044762 238.027
139.051852 236.106
139.054760 237.567
139.061766 242.796
139.064767 239.769
139.071865 233.748
139.074759 232.512
139.081769 237.373
139.084767 242.417
139.091820 239.406
139.094760 235.663
139.101769 234.472
139.104765 236.39
139.111835 238.229
139.114760 240.179
139.121795 238.254
139.124774 232.456
139.131848 233.137
139.134761 242.541
139.141773 240.042
139.144764 236.39
139.151871 236.199
139.154727 233.206
139.162828 241.226
139.166848 240.834
139.174829 238.137
139.176815 234.891
139.181825 233.701
139.184809 239.842
139.191988 241.516
139.194812 236.941
139.201823 233.859
139.204822 236.924
139.211878 242.014
139.214813 241.151
139.221817 238.613
139.224820 236.03
139.231878 233.026
139.234810 239.309
139.241816 241.234
139.244818 237.567
139.251881 235.663
139.254781 234.395
139.261824 239.406
139.264814 242.429
139.271872 237.947
139.274811 237.344
139.281819 236.123
139.284814 235.374
139.291860 239.754
139.295009 239.954
139.301775 238.667
139.304763 235.587
139.311862 235.13
139.314761 236.924
139.321774 236.377
139.327856 240.834
139.329761 238.78
139.336770 235.429
139.346774 234.806
139.350764 237.314
139.351851 239.309
139.365770 240.506
139.366677 236.055
139.367703 237.39
139.372770 235.493
139.376769 238.137
139.382766 240.726
139.386766 234.305
139.392777 235.476
139.396770 238.116
139.402770 238.667
139.409770 236.856
139.414768 236.123
139.416770 238.65
139.422770 239.406
139.426709 238.759
139.432704 240.705
139.435864 235.108
139.439832 234.472
139.446771 240.075
139.449770 236.683
139.456777 236.78
139.459856 234.327
139.466769 233.859
139.469772 240.179
139.476771 237.701
139.479859 235.688
139.486771 238.667
139.489769 234.493
139.496771 239.393
139.499686 237.68
139.506772 238.981
139.509777 237.034
139.516773 233.838
139.522711 237.474
139.526766 240.705
139.529764 238.759
139.536776 233.163
139.539860 235.053
139.546770 237.609
139.549765 238.877
139.556776 238.86
139.559856 235.735
139.568771 236.39
139.575863 236.835
139.582774 238.65
139.584766 238.562
139.586765 235.493
139.593771 234.305
139.597766 238.86
139.601714 242.262
139.609694 235.735
139.612778 233.919
139.618771 237.701
139.622767 238.78
139.627862 236.755
139.633762 234.955
139.636764 236.22
139.641772 235.587
139.647773 240.585
139.651699 238.212
139.657771 233.748
139.661796 236.39
139.664771 241.359
139.671851 238.562
139.677773 236.578
139.679836 237.495
139.686727 239.201
139.689769 241.779
139.696772 237.851
139.699853 235.493
139.706752 237.495
139.709778 238.137
139.716773 238.667
139.719865 236.055
139.726773 233.645
139.729770 233.257
139.736773 238.78
139.739873 238.011
139.746777 237.373
139.751878 235.476
139.754762 238.667
139.761773 240.601
139.764768 238.483
139.771860 238.541
139.774762 234.751
139.781774 237.226
139.784772 238.411
139.791861 236.738
139.794693 237.474
139.803862 236.738
139.806694 237.39
139.811796 236.148
139.814767 239.579
139.821773 239.579
139.824766 239.604
139.831862 236.595
139.837776 235.476
139.841791 240.585
139.844769 241.01
139.851857 239.042
139.857768 236.603
139.861771 237.137
139.864773 237.813
139.871859 237.977
139.874725 236.36
139.881767 236.856
139.884778 238.759
139.891784 240.054
139.894715 236.856
139.901732 239.779
139.904733 241.704
139.911794 237.784
139.914818 235.374
139.921820 236.814
139.924833 243.103
139.931888 238.027
139.934817 238.583
139.941821 238.086
139.944821 236.288
139.951881 238.613
139.954994 241.18
139.961824 240.418
139.964819 237.314
139.971884 238.053
139.977762 236.755
139.982829 239.293
139.985800 239.393
139.989825 239.393
139.996827 239.293
140.002768 241.151
140.004820 239.892
140.011807 240.235
140.014721 237.977
140.021825 238.137
140.027818 237.567
140.031879 240.809
140.034818 243.197
140.041824 236.22
140.044792 236.683
140.051834 240.31
140.054816 241.035
140.061942 236.578
140.064821 236.199
140.071899 240.037
140.074830 240.817
140.083812 241.779
140.086765 239.176
140.091885 238.441
140.094697 235.408
140.101786 239.892
140.104772 238.254
140.111872 236.856
140.114769 238.027
140.121781 232.598
140.124771 238.667
140.131841 239.426
140.134778 239.862
140.141770 237.344
140.144768 236.814
140.151845 239.779
140.154777 241.151
140.161731 237.947
140.164777 234.891
140.171832 239.251
140.174765 237.344
140.181726 236.085
140.184771 236.055
140.193707 238.053
140.196768 238.667
140.201786 238.137
140.207760 239.201
140.210769 238.562
140.214780 239.954
140.221775 241.151
140.224774 237.247
140.231869 237.725
140.234806 238.348
140.241789 240.21
140.244770 240.948
140.251859 238.053
140.256805 236.123
140.259864 238.562
140.266787 243.214
140.269775 236.966
140.276775 239.117
140.279857 239.021
140.286782 240.948
140.289776 239.779
140.296774 237.247
140.299856 240.393
140.306732 239.754
140.313846 238.667
140.315883 239.334
140.321764 238.726
140.327816 236.78
140.331886 237.314
140.336849 240.506
140.339857 239.862
140.346823 236.148
140.349822 236.148
140.356828 239.117
140.362823 239.222
140.364823 238.583
140.371812 239.842
140.374768 239.201
140.381829 237.947
140.384823 237.977
140.394820 241.093
140.396825 237.977
140.402826 234.186
140.406827 239.222
140.409830 239.426
140.416826 237.495
140.422824 234.267
140.425828 235.97
140.429825 239.117
140.436832 238.667
140.439887 238.583
140.446826 238.411
140.449830 238.411
140.456820 238.95
140.459829 237.314
140.466835 241.035
140.469770 239.309
140.476829 234.713
140.479833 234.866
140.486746 238.053
140.489820 237.39
140.497119 236.123
140.499875 239.737
140.506672 237.39
140.512676 237.947
140.514664 240.31
140.523674 240.31
140.530670 236.459
140.531666 236.595
140.536671 241.019
140.542673 238.667
140.546674 236.055
140.552670 234.267
140.556677 236.62
140.562669 239.222
140.566673 241.019
140.572669 238.011
140.576667 237.474
140.582670 237.926
140.586668 238.562
140.592715 236.055
140.595698 235.429
140.599706 237.344
140.606778 239.779
140.609774 237.977
140.616788 236.25
140.626722 235.587
140.630769 239.552
140.631851 241.903
140.642777 239.222
140.645777 235.616
140.646767 235.198
140.651857 235.519
140.654774 238.692
140.661884 238.137
140.664778 232.598
140.671856 237.373
140.674772 244.661
140.681771 241.131
140.684768 232.628
140.691872 236.085
140.696731 239.892
140.702777 239.222
140.706717 234.327
140.712782 236.755
140.716778 238.877
140.721787 238.116
140.724772 236.835
140.731869 238.667
140.734819 238.613
140.741796 237.158
140.744766 237.314
140.753826 241.251
140.756829 234.395
140.761833 238.116
140.764822 241.903
140.771821 238.667
140.774825 234.241
140.781825 238.583
140.784832 241.903
140.791816 236.22
140.794823 234.866
140.801828 239.979
140.804841 240.485
140.811813 234.305
140.814720 236.411
140.821760 241.491
140.824828 238.027
140.831812 236.36
140.837830 239.892
140.839806 234.985
140.846879 237.495
140.849834 240.726
140.856827 238.229
140.859811 238.027
140.866829 239.222
140.869845 238.692
140.876835 237.947
140.879811 236.148
140.886833 238.613
140.889827 238.508
140.896833 234.891
140.899810 236.683
140.906829 236.755
140.909833 240.054
140.916832 237.177
140.919817 235.688
140.926833 238.027
140.929835 239.142
140.936830 239.071
140.939812 235.945
140.946835 237.247
140.949832 236.683
140.956829 237.926
140.959814 239.426
140.966832 238.78
140.969778 236.301
140.976834 235.028
140.979820 241.903
140.986787 242.45
140.989830 237.876
140.996833 235.374
140.999809 236.683
141.006832 241.131
141.009830 239.406
141.016830 238.877
141.019812 238.667
141.026834 238.137
141.029828 241.251
141.036838 240.755
141.039813 239.862
141.046829 236.034
141.049734 239.309
141.056786 240.485
141.059824 237.495
141.066776 237.851
141.069780 237.314
141.077791 240.418
141.081774 239.754
141.087823 240.075
141.091831 238.116
141.097834 237.584
141.099818 239.937
141.106733 236.941
141.109730 238.667
141.116737 236.966
141.119794 235.616
141.126835 233.163
141.129828 241.131
141.136835 242.541
141.139814 236.411
141.146832 234.421
141.149831 236.22
141.156837 236.034
141.159814 238.583
141.166832 238.562
141.169774 235.587
141.176830 234.395
141.179813 236.738
141.186830 238.103
141.189823 242.417
141.196831 238.667
141.199792 236.595
141.206789 236.78
141.209797 239.754
141.216780 236.662
141.219841 236.755
141.226785 241.779
141.229781 236.662
141.236930 236.595
141.239803 236.78
141.246780 236.856
141.249782 239.426
141.256777 239.309
141.259843 236.22
141.266782 238.011
141.269778 238.759
141.276786 237.474
141.279838 236.578
141.286774 234.866
141.289723 235.408
141.296788 239.309
141.299843 239.426
141.307117 234.421
141.309783 235.16
141.316782 238.254
141.319850 239.456
141.326782 235.616
141.329783 233.731
141.336786 236.055
141.339791 236.123
141.346782 236.326
141.349783 235.565
141.356792 236.835
141.359794 238.65
141.366778 236.301
141.369781 238.667
141.376780 236.326
141.379773 235.493
141.386783 236.123
141.389783 236.835
141.396783 236.199
141.399840 236.738
141.406725 240.585
141.409771 235.476
141.416786 233.679
141.419839 237.926
141.426780 238.65
141.429775 239.201
141.436787 237.28
141.439894 234.849
141.446782 236.823
141.449780 237.462
141.456725 235.215
141.459842 235.011
141.466776 238.212
141.469781 238.229
141.476785 238.877
141.479841 236.941
141.486797 233.838
141.489782 238.33
141.496785 235.956
141.499850 235.977
141.506782 236.941
141.509783 233.137
141.516778 238.116
141.519845 235.663
141.526709 234.574
141.529783 240.279
141.536795 239.752
141.539846 236.916
141.547838 235.198
141.551984 236.377
141.557781 236.39
141.561793 233.859
141.567839 237.39
141.569734 236.199
141.576790 237.021
141.579838 237.257
141.586783 237.899
141.589782 237.899
141.596783 237.135
141.599967 233.936
141.606775 239.406
141.609777 239.426
141.616811 235.408
141.619801 234.921
141.626789 239.502
141.629777 237.895
141.636782 237.24
141.639847 238.43
141.646783 238.86
141.649784 236.199
141.656784 234.955
141.659928 238.562
141.666779 236.941
141.669956 235.858
141.676782 235.858
141.679839 238.981
141.686782 240.179
141.689795 237.701
141.696730 238.137
141.699967 238.053
141.706710 238.562
141.709734 239.737
141.716706 236.738
141.719705 235.553
141.726781 236.818
141.729781 238.851
141.736793 237.802
141.739808 237.68
141.746791 237.701
141.749786 238.759
141.756789 238.65
141.759844 241.251
141.766792 235.663
141.769778 234.493
141.776783 236.835
141.779849 240.054
141.786785 239.309
141.789787 237.415
141.796788 236.78
141.799838 237.474
141.806733 239.293
141.809786 239.393
141.816799 238.86
141.819842 239.393
141.826786 233.12
141.829782 236.924
141.836783 240.485
141.839844 237.926
141.846789 237.947
141.849782 236.755
141.856783 234.327
141.859802 239.309
141.867803 239.426
141.870777 236.755
141.877787 233.619
141.881786 236.22
141.887837 238.027
141.889779 235.663
141.896786 237.914
141.906789 238.099
141.910782 236.916
141.911839 240.693
141.924726 238.759
141.927859 235.493
141.929779 235.429
141.931819 236.814
141.937785 237.876
141.941732 234.955
141.947792 236.835
141.951840 236.924
141.954777 238.212
141.961793 242.014
141.964781 238.65
141.971841 236.662
141.974703 235.493
141.981791 236.301
141.984781 236.941
141.991865 236.941
141.994778 234.305
142.001793 234.934
142.004780 240.054
142.011841 240.705
142.014747 238.116
142.021780 236.835
142.024818 235.493
142.031853 237.926
142.034778 236.199
142.041708 236.823
142.044707 235.553
142.051813 235.646
142.054775 236.284
142.061785 236.301
142.064780 237.584
142.071843 237.034
142.074724 236.941
142.083837 236.301
142.086721 234.472
142.091812 233.825
142.094776 237.786
142.101790 237.567
142.104780 235.053
142.111847 236.148
142.114777 233.791
142.121790 238.116
142.124778 237.701
142.131844 237.055
142.137778 233.838
142.139704 236.284
142.146784 235.841
142.149785 237.786
142.156727 236.377
142.159815 236.411
142.166790 235.663
142.169786 233.765
142.176825 239.293
142.179829 235.883
142.186834 237.055
142.189837 234.574
142.196832 235.956
142.199826 234.651
142.206843 237.899
142.209834 241.466
142.216835 235.198
142.219825 234.369
142.226836 236.377
142.229830 240.042
142.236838 239.406
142.239854 235.13
142.246831 234.866
142.249836 235.493
142.256836 238.116
142.261840 236.504
142.264835 238.317
142.271842 235.833
142.274778 234.651
142.281834 237.021
142.284785 239.623
142.291819 238.116
142.294912 234.305
142.301897 235.565
142.304834 238.759
142.311888 237.034
142.314837 237.257
142.321834 237.152
142.324834 235.858
142.331794 236.941
142.334833 235.748
142.341843 236.411
142.344799 237.474
142.351821 236.301
142.354831 234.934
142.361836 236.301
142.365835 235.646
142.372841 235.215
142.375879 238.229
142.382840 238.116
142.385848 233.838
142.391819 235.858
142.394834 237.802
142.401837 237.68
142.404839 238.86
142.411867 234.557
142.414837 238.969
142.421837 242.673
142.424839 235.053
142.431820 231.795
142.434835 233.701
142.441799 235.663
142.444784 235.748
142.451847 237.777
142.454835 235.402
142.461836 234.004
142.464844 238.43
142.471863 242.532
142.474836 236.186
142.481845 236.738
142.484783 237.28
142.491820 236.106
142.494832 236.662
142.501841 234.934
142.504833 236.186
142.511861 235.096
142.514831 235.748
142.521841 235.748
142.524834 237.462
142.531828 233.206
142.534832 235.637
142.541842 237.034
142.544836 238.002
142.551819 234.84
142.555172 234.921
142.561835 237.373
142.564836 235.553
142.571820 236.924
142.574834 235.748
142.581839 234.043
142.584844 236.924
142.591819 235.956
142.594833 239.877
142.601843 234.753
142.604837 235.189
142.611826 238.439
142.614837 237.034
142.621841 233.765
142.624780 236.941
142.632051 239.527
142.634829 235.198
142.641840 235.296
142.644835 238.82
142.651821 237.777
142.654835 236.478
142.661840 237.899
142.664842 234.664
142.671866 233.919
142.674833 238.212
142.681844 238.969
142.684841 238.204
142.691822 235.296
142.694833 236.707
142.701837 234.983
142.704837 237.786
142.711825 239.086
142.714831 235.735
142.721841 236.377
142.724807 234.369
142.731825 238.851
142.734834 234.557
142.741839 234.021
142.744785 235.735
142.751821 234.557
142.754786 235.735
142.761835 235.841
142.764917 235.215
142.771835 233.748
142.774783 233.825
142.781848 238.851
142.784840 237.135
142.791774 235.308
142.794746 235.663
142.801797 233.765
142.804786 237.474
142.811713 235.587
142.816770 233.889
142.819790 234.985
142.826786 234.955
142.829792 233.748
142.836791 234.574
142.840929 237.135
142.846803 235.833
142.849789 237.664
142.856791 236.605
142.859819 235.108
142.866839 233.962
142.869790 235.028
142.876793 236.856
142.879805 236.123
142.886790 236.22
142.889796 238.65
142.896793 238.116
142.899829 240.054
142.906806 236.284
142.909785 238.747
142.916805 238.851
142.919798 235.198
142.926761 239.502
142.929810 234.459
142.936737 235.841
142.939840 235.198
142.946784 236.061
142.949946 238.43
142.956797 237.786
142.959795 235.841
142.966800 234.043
142.969792 239.794
142.976793 235.858
142.979794 233.936
142.986794 235.453
142.989792 234.838
142.996790 236.078
142.999807 235.533
143.006786 235.521
143.009792 238.816
143.016790 237.247
143.019805 237.099
143.026793 233.036
143.029800 235.108
143.036815 240.485
143.039806 237.947
143.046793 233.701
143.049788 232.512
143.056790 238.969
143.059841 237.664
143.066793 235.833
143.069792 236.275
143.076794 233.275
143.079778 237.664
143.086795 239.086
143.090793 238.851
143.097792 236.373
143.100793 237.558
143.107868 238.103
143.110700 238.002
143.116777 247.962
143.119806 238.43
143.126792 229.395
143.129787 223.002
143.136793 228.195
143.139805 256.611
143.146792 246.491
143.149793 227.565
143.156791 227.833
143.159805 239.435
143.166793 241.332
143.169789 234.158
143.176757 238.29
143.186862 238.317
143.190840 232.162
143.191821 231.512
143.202839 242.26
143.205846 252.337
143.206834 239.171
143.211835 220.425
143.214836 213.174
143.221841 246.295
143.224808 254.617
143.231822 230.976
143.234793 232.77
143.241839 250.284
143.244823 232.433
143.251824 230.939
143.256792 239.794
143.259826 244.733
143.266838 231.309
143.269846 227.387
143.276848 233.06
143.279802 248.473
143.286842 262.44
143.289975 231.769
143.296839 213.733
143.299823 227.022
143.306847 255.957
143.309846 239.136
143.316848 232.134
143.319837 252.509
143.326847 250.5
143.329812 213.836
143.336999 225.892
143.339825 225.925
143.346854 252.652
143.349848 246.66
143.356849 234.874
143.359831 227.392
143.366843 228.723
143.369847 236.84
143.376791 241.58
143.379823 237.712
143.386846 235.565
143.389845 229.928
143.396846 242.126
143.399872 261.733
143.406846 234.644
143.409848 224.054
143.416847 215.372
143.419824 226.25
143.427867 247.04
143.431829 249.497
143.437840 237.011
143.440850 240.429
143.446849 239.625
143.449843 226.192
143.456853 223.226
143.459826 232.28
143.466849 254.403
143.469904 240.31
143.476842 227.194
143.479826 242.017
143.486840 243.109
143.489791 232.871
143.496839 217.8
143.499806 233.861
143.506798 240.701
143.509782 244.395
143.516768 234.231
143.519831 233.137
143.528844 228.688
143.531831 234.267
143.536852 245.345
143.539827 239.217
143.546841 227.671
143.549843 233.619
143.556845 238.759
143.559823 247.186
143.566809 234.779
143.569841 230.291
143.576849 232.641
143.579825 238.317
143.586843 242.021
143.589845 240.404
143.596842 235.296
143.599827 232.65
143.606842 232.667
143.609770 239.552
143.616840 240.859
143.619826 231.469
143.626843 234.676
143.629849 233.825
143.636840 236.44
143.640104 239.635
143.646830 234.231
143.649828 234.864
143.656839 235.64
143.659838 238.021
143.666843 238.964
143.669851 238.313
143.676847 237.786
143.679860 235.108
143.686841 237.462
143.689881 239.406
143.696849 238.65
143.699833 233.748
143.706848 235.108
143.709850 235.108
143.716854 236.924
143.719824 236.924
143.726791 234.472
143.729721 237.021
143.736842 238.204
143.739825 237.558
143.746854 238.317
143.749847 235.735
143.757844 235.002
143.760839 238.851
143.767823 236.924
143.770838 235.748
143.777842 237.055
143.779861 235.769
143.786842 235.24
143.789844 237.609
143.796787 235.359
143.799827 233.962
143.806843 237.055
143.809851 236.078
143.816845 236.504
143.819833 237.152
143.826842 238.981
143.829805 236.377
143.836847 236.377
143.842842 239.635
143.849845 236.39
143.851831 236.924
143.857851 237.034
143.861850 235.748
143.867860 238.212
143.871826 240.817
143.878281 238.439
143.881849 237.017
143.887861 240.275
143.891802 239.618
143.897857 237.558
143.901842 238.747
143.904734 236.097
143.911863 239.188
143.914841 239.293
143.921846 236.835
143.924750 234.459
143.931869 235.833
143.934840 238.43
143.941845 238.556
143.944847 237.245
143.951863 234.557
143.954838 232.667
143.961847 237.584
143.964859 237.701
143.971863 235.799
143.974837 233.791
143.981842 233.765
143.984850 238.877
143.991863 238.969
143.994826 235.841
144.001831 234.557
144.004834 235.096
144.011886 238.212
144.014847 234.378
144.021849 234.934
144.024786 237.462
144.031855 235.646
144.034840 233.748
144.041843 235.24
144.044844 237.39
144.051859 234.305
144.054838 235.565
144.061843 237.68
144.064847 241.611
144.071861 235.637
144.074841 238.851
144.081846 242.788
144.084848 237.558
144.091865 235.011
144.094839 236.835
144.101850 236.199
144.104844 234.849
144.111861 235.215
144.114849 236.504
144.121848 234.664
144.124843 231.763
144.131874 235.956
144.134842 238.569
144.141857 236.504
144.144846 235.769
144.151869 236.411
144.154845 235.028
144.161853 235.108
144.164850 236.487
144.171862 237.777
144.174847 234.647
144.181842 237.777
144.184850 235.841
144.191883 235.011
144.195861 236.738
144.202851 235.663
144.205873 237.39
144.211873 236.856
144.217739 235.493
144.222851 235.028
144.225843 236.199
144.231868 234.472
144.234844 236.39
144.241848 235.769
144.247875 234.921
144.250841 237.373
144.254851 240.705
144.261848 239.862
144.264848 235.519
144.271864 235.97
144.274842 235.493
144.281795 238.65
144.284847 237.701
144.291854 235.13
144.294842 233.227
144.301846 233.838
144.307862 234.574
144.313856 237.135
144.316842 238.33
144.322124 235.028
144.324847 233.791
144.331874 237.977
144.334788 239.222
144.341849 240.506
144.344795 235.663
144.351866 235.663
144.354842 238.86
144.361758 238.747
144.364848 239.293
144.371876 236.123
144.374843 232.538
144.381855 235.493
144.384845 236.966
144.391868 236.941
144.394789 238.351
144.401848 237.584
144.404852 233.962
144.411891 239.426
144.414863 237.584
144.421854 236.301
144.424842 237.495
144.431850 236.22
144.434842 236.78
144.441795 236.78
144.444848 238.027
144.451864 238.116
144.455814 237.034
144.465844 238.351
144.469846 237.055
144.471868 236.39
144.481859 238.759
144.485847 237.474
144.486845 239.842
144.491867 237.947
144.494843 237.314
144.501852 236.78
144.504843 238.562
144.511867 237.39
144.514851 238.667
144.521851 240.054
144.524846 236.738
144.531848 239.293
144.534846 240.585
144.541849 240.054
144.544853 239.954
144.551870 237.495
144.554844 234.241
144.561853 236.966
144.564843 238.166
144.571865 237.084
144.574790 233.859
144.581875 237.055
144.584853 237.055
144.591862 241.251
144.594844 240.075
144.601845 233.163
144.604852 236.78
144.611868 238.137
144.614843 240.726
144.622845 236.301
144.625845 237.055
144.632848 235.748
144.636143 242.014
144.642863 241.234
144.644848 237.495
144.651861 237.314
144.654842 234.836
144.663866 234.216
144.666843 238.975
144.671887 236.535
144.674815 235.298
144.681854 236.595
144.684845 239.222
144.691864 237.205
144.694811 234.152
144.701848 241.118
144.704800 239.188
144.711806 235.408
144.714793 239.117
144.721788 237.977
144.724809 233.568
144.731818 236.148
144.734796 241.704
144.741801 235.429
144.744798 233.619
144.751780 235.688
144.754792 237.293
144.761838 240.289
144.764802 238.483
144.771819 233.077
144.774786 234.785
144.781801 239.309
144.784745 243.082
144.791815 236.199
144.794793 234.327
144.801807 240.204
144.804796 235.769
144.811855 234.395
144.814791 238.692
144.821806 241.18
144.824797 237.449
144.831753 234.891
144.834792 236.966
144.841789 238.981
144.844854 233.919
144.851860 237.567
144.854846 239.393
144.864008 231.933
144.866846 234.549
144.871864 238.964
144.874848 238.317
144.881851 235.096
144.884847 236.39
144.891869 238.011
144.894847 240.834
144.901855 240.485
144.904856 237.39
144.911873 234.327
144.914851 239.426
144.921855 236.835
144.924848 236.284
144.931870 236.377
144.934848 236.478
144.941857 238.969
144.944849 235.841
144.951871 237.034
144.954796 236.941
144.961861 237.055
144.964846 237.584
144.971866 238.877
144.974816 235.769
144.981851 236.941
144.984854 238.137
144.991873 239.979
144.994845 234.891
145.001849 234.955
145.004846 238.667
145.011870 241.379
145.014848 235.769
145.021804 231.972
145.024850 238.229
145.031873 239.769
145.034852 237.68
145.041856 235.13
145.044794 238.137
145.051860 237.947
145.054848 239.142
145.061855 238.726
145.064843 236.814
145.071872 235.374
145.074849 236.814
145.081863 240.012
145.084849 236.886
145.091869 233.163
145.095868 239.456
145.102856 237.495
145.105850 236.941
145.112847 239.406
145.115873 238.877
145.121849 235.565
145.124863 240.075
145.131893 238.692
145.134845 236.148
145.141801 239.675
145.144857 240.012
145.151872 238.692
145.154907 235.587
145.161855 241.491
145.164851 239.527
145.171873 240.054
145.174846 240.834
145.183850 237.68
145.186850 236.916
145.191869 240.412
145.194852 239.769
145.201854 238.351
145.204852 235.688
145.211894 238.027
145.214850 238.562
145.221862 239.754
145.224853 241.035
145.231869 234.866
145.234847 236.123
145.241855 238.562
145.244865 239.829
145.251863 238.667
145.254845 233.679
145.261858 233.137
145.264856 239.293
145.271869 237.567
145.274856 236.284
145.281856 237.68
145.284851 241.131
145.291876 234.357
145.294850 237.491
145.301951 235.595
145.304852 234.874
145.311868 240.452
145.315203 238.053
145.321866 237.474
145.324734 237.584
145.331870 237.567
145.334798 239.188
145.341811 238.011
145.344801 238.137
145.351890 237.495
145.354739 236.856
145.361810 243.103
145.364799 241.928
145.371946 239.552
145.374797 238.137
145.382013 238.759
145.384801 237.826
145.391864 241.01
145.394796 240.485
145.401807 233.701
145.404801 232.319
145.411866 236.106
145.414800 238.747
145.421805 238.33
145.424803 237.034
145.431870 235.215
145.434808 235.553
145.441808 236.941
145.444804 243.103
145.451783 239.892
145.454799 233.525
145.461807 231.83
145.464801 236.148
145.471898 237.731
145.474796 237.584
145.481807 236.301
145.484741 234.934
145.491886 236.186
145.494852 238.759
145.501855 241.131
145.504852 237.39
145.511870 231.769
145.514855 231.201
145.523875 240.601
145.526851 241.379
145.532855 232.456
145.536863 233.645
145.542807 237.344
145.546855 241.035
145.552996 240.626
145.556860 240.012
145.562858 236.034
145.566853 236.738
145.572771 237.584
145.576863 238.351
145.582858 235.646
145.586852 233.3
145.592856 233.206
145.596861 238.877
145.599878 238.759
145.606735 237.055
145.609848 234.395
145.616855 236.966
145.619874 236.755
145.626860 237.415
145.629852 241.704
145.636800 234.421
145.639904 238.65
145.646857 240.162
145.649865 236.487
145.656855 237.135
145.659872 234.493
145.666860 235.587
145.669852 238.027
145.676785 235.883
145.679876 236.966
145.686854 235.24
145.689860 239.002
145.696864 235.769
145.699870 236.941
145.706856 239.002
145.709859 238.137
145.716861 234.866
145.719870 235.493
145.726854 238.483
145.729802 236.662
145.736864 238.116
145.746859 238.65
145.750853 238.116
145.751892 240.485
145.762872 236.301
145.765856 238.759
145.766850 239.937
145.771790 234.934
145.774860 234.772
145.781804 236.199
145.784859 236.941
145.791869 239.201
145.794849 239.201
145.801857 238.137
145.804857 235.688
145.811890 239.456
145.814852 242.479
145.821861 235.519
145.824857 233.791
145.831877 239.002
145.834851 236.504
145.841860 237.68
145.845857 238.877
145.852859 235.688
145.855873 233.197
145.862859 237.415
145.865795 240.104
145.871872 236.055
145.874789 236.814
145.881866 238.613
145.884851 237.947
145.891890 236.106
145.894857 238.65
145.901854 238.747
145.904858 237.462
145.911874 240.054
145.914851 235.565
145.921735 231.89
145.924817 241.481
145.931777 237.977
145.934818 234.755
145.941822 235.996
145.944810 239.117
145.951872 238.562
145.954803 241.131
145.961817 236.941
145.964801 234.395
145.971870 238.011
145.974802 238.116
145.981812 236.326
145.984753 235.053
145.991875 236.22
145.994810 239.201
146.001815 237.609
146.004802 239.334
146.011843 235.087
146.014751 234.836
146.021815 235.519
146.024805 233.197
146.031869 237.643
146.034738 240.601
146.041810 234.472
146.044811 232.65
146.051869 240.809
146.054807 240.809
146.061808 238.103
146.064810 238.011
146.071869 239.201
146.074858 236.755
146.081809 236.856
146.084858 240.506
146.091880 236.123
146.094855 235.587
146.101864 238.116
146.104857 236.284
146.111885 239.51
146.114751 236.284
146.121863 233.838
146.124862 239.393
146.131869 238.33
146.134856 238.759
146.141861 238.229
146.144856 238.667
146.151879 238.116
146.154864 239.937
146.161863 240.312
146.164855 235.883
146.171875 232.693
146.174803 236.966
146.181862 236.326
146.184857 233.962
146.191874 236.411
146.194849 238.33
146.201830 237.021
146.204772 240.817
146.211877 239.002
146.214851 237.926
146.221860 238.667
146.224860 237.293
146.231880 236.755
146.234851 241.151
146.241860 239.979
146.247871 234.327
146.249855 236.326
146.256867 242.45
146.259877 238.254
146.267899 235.587
146.270852 236.966
146.277867 234.493
146.280857 235.011
146.287868 238.116
146.290870 239.527
146.296863 236.199
146.299877 234.395
146.306863 241.8
146.309852 243.132
146.316861 238.613
146.319876 236.713
146.326857 237.344
146.329859 237.415
146.336881 238.137
146.339873 238.78
146.346859 232.512
146.349862 236.924
146.356859 238.116
146.362860 238.667
146.364853 237.39
146.371876 234.985
146.374852 236.683
146.381861 237.314
146.384863 241.704
146.391876 239.222
146.394856 234.327
146.401860 238.027
146.404856 238.254
146.411877 239.527
146.414854 235.769
146.421860 237.495
146.424863 237.495
146.431873 234.241
146.434850 237.39
146.441865 238.053
146.444854 235.493
146.451875 234.241
146.454854 236.835
146.461806 242.557
146.464858 237.584
146.471870 236.835
146.474852 238.116
146.481856 238.65
146.484858 241.131
146.491873 239.309
146.494852 236.662
146.501863 236.755
146.504852 239.426
146.511877 237.495
146.514851 238.254
146.523883 236.941
146.526854 233.838
146.531892 237.567
146.534856 238.981
146.541865 236.835
146.544855 236.284
146.551876 235.748
146.554853 239.527
146.561859 239.954
146.564858 237.39
146.571875 236.22
146.574856 237.293
146.581863 239.954
146.584823 241.779
146.591878 238.027
146.594856 235.663
146.601808 235.108
146.604863 236.275
146.611871 238.86
146.614855 236.199
146.621968 233.765
146.624858 234.866
146.631875 239.117
146.634855 240.506
146.641960 236.22
146.644854 236.22
146.651874 240.585
146.654864 237.373
146.661863 238.65
146.665860 238.667
146.672863 236.055
146.677867 237.221
146.680865 236.595
146.687871 236.055
146.690826 239.862
146.696965 236.835
146.699877 235.108
146.706859 241.475
146.711875 239.111
146.714801 236.924
146.721767 237.055
146.725057 235.587
146.731889 233
146.734802 237.314
146.741814 240.506
146.744809 235.429
146.751870 235.616
146.754766 238.583
146.761786 237.415
146.764806 238.027
146.771887 236.301
146.774804 235.011
146.781813 240.042
146.784810 235.748
146.791896 233.206
146.794803 239.51
146.801813 242.532
146.804838 235.565
146.811867 239.862
146.814855 238.053
146.821803 235.349
146.824860 240.393
146.831933 239.309
146.834859 238.81
146.841865 236.22
146.844858 234.395
146.851874 235.646
146.854812 241.475
146.862038 237.152
146.864865 237.474
146.871874 240.485
146.874860 235.769
146.881869 238.562
146.884860 237.495
146.891880 238.667
146.894858 233.056
146.901867 231.348
146.904866 239.426
146.911879 239.954
146.915896 236.835
146.922869 235.663
146.925866 234.6
146.932860 239.002
146.935868 236.941
146.942870 235.028
146.944860 239.406
146.951872 236.411
146.954862 234.421
146.961870 238.613
146.964860 240.452
146.971881 232.983
146.974855 235.459
146.981869 241.704
146.984858 237.39
146.991874 236.021
146.994863 238.229
147.001859 235.646
147.004864 235.011
147.011866 238.116
147.015897 238.011
147.025868 234.305
147.028866 240.485
147.031892 238.562
147.041866 238.562
147.045857 241.035
147.046858 233.026
147.051877 237.314
147.054862 238.692
147.061866 235.799
147.070812 234.421
147.071875 237.609
147.076873 236.529
147.082860 233.838
147.086865 238.116
147.092874 242.014
147.096783 236.504
147.102811 233.36
147.105805 237.415
147.109864 238.583
147.116887 239.334
147.119881 236.755
147.126868 238.759
147.129867 240.576
147.136811 233.739
147.139888 234.378
147.146872 241.131
147.149860 236.835
147.156861 235.395
147.159886 236.106
147.166861 237.474
147.169867 238.55
147.176866 239.188
147.179874 240.585
147.186868 237.373
147.189860 237.39
147.196866 239.954
147.199869 238.466
147.206865 237.495
147.209864 236.966
147.216874 232.062
147.219880 237.701
147.226865 239.031
147.229787 232.796
147.236864 236.22
147.239879 240.726
147.246861 237.584
147.249865 234.305
147.256864 237.609
147.259883 235.028
147.266871 235.565
147.270042 241.131
147.276872 237.39
147.279885 235.519
147.286868 239.222
147.289808 239.954
147.296867 238.011
147.299842 238.877
147.306862 240.054
147.309868 233.3
147.316865 236.186
147.319888 237.584
147.326869 236.186
147.329862 239.406
147.336848 238.877
147.339867 238.137
147.346808 240.626
147.350859 238.137
147.357861 238.78
147.360875 240.075
147.367913 237.177
147.370806 235.108
147.376818 234.6
147.379877 236.941
147.386870 238.667
147.389876 234.955
147.396876 234.955
147.399881 236.22
147.406809 240.054
147.409870 239.51
147.416866 238.212
147.419882 239.51
147.426869 238.86
147.432930 236.284
147.435877 238.116
147.439876 238.759
147.446868 234.866
147.449862 238.508
147.456791 240.452
147.459876 236.713
147.466871 234.891
147.469865 238.053
147.476869 238.81
147.479876 236.856
147.486868 237.373
147.489870 237.034
147.496873 236.924
147.502862 240.705
147.505866 241.131
147.509811 239.222
147.516814 237.947
147.519953 236.78
147.526874 236.713
147.529868 240.339
147.536868 236.713
147.539884 231.868
147.546873 236.22
147.549863 238.877
147.556746 235.858
147.559878 234.378
147.566813 238.759
147.569823 241.359
147.576816 238.65
147.579873 239.293
147.586744 239.954
147.589758 236.148
147.596814 234.139
147.599880 236.654
147.606820 237.28
147.609814 237.247
147.616822 238.692
147.619889 236.941
147.626818 237.152
147.629812 237.786
147.636760 238.964
147.639882 240.154
147.646872 233.206
147.649867 231.769
147.656868 235.945
147.662869 238.975
147.665868 234.139
147.669871 237.247
147.676867 242.351
147.679876 234.327
147.688873 231.89
147.691871 238.027
147.696866 237.731
147.699870 233.619
147.706809 232.435
147.709870 234.934
147.716877 234.378
147.719882 235.646
147.726871 241.359
147.729865 238.027
147.736819 234.327
147.739868 236.25
147.746869 240.418
147.750812 239.334
147.757819 235.565
147.760865 233.206
147.767880 238.981
147.770868 239.623
147.776867 234.459
147.782877 239.502
147.784863 238.981
147.791978 237.055
147.794806 237.39
147.801866 239.426
147.804870 235.565
147.811871 234.472
147.814860 240.693
147.821876 237.668
147.824819 235.735
147.831882 234.021
147.834864 233.206
147.841867 236.487
147.844870 240.412
147.853865 238.317
147.856864 237.68
147.862785 240.179
147.866872 237.567
147.872867 236.284
147.876884 239.406
147.882871 240.179
147.886865 239.201
147.892870 233.679
147.896870 237.495
147.902864 240.585
147.906867 238.759
147.912868 239.527
147.916881 239.527
147.922872 237.584
147.926863 236.856
147.929873 241.251
147.936871 239.334
147.939880 237.293
147.946866 235.053
147.949872 236.123
147.956873 241.903
147.959872 238.137
147.966868 236.22
147.969870 238.137
147.976867 236.22
147.979822 236.856
147.986867 240.075
147.989817 237.495
147.996870 235.408
147.999863 236.78
148.006870 238.583
148.009867 238.667
148.016868 237.947
148.019872 237.247
148.026867 239.704
148.029863 237.188
148.036973 238.613
148.039870 238.692
148.046872 234.267
148.049869 238.053
148.058879 236.856
148.061870 235.493
148.066865 236.199
148.069872 239.552
148.076868 238.027
148.079853 235.519
148.086867 239.142
148.089870 237.525
148.096873 236.78
148.099871 239.222
148.106867 239.552
148.109865 235.028
148.116868 234.934
148.119853 242.673
148.126868 239.51
148.129865 236.73
148.136873 237.68
148.139870 236.199
148.146867 238.667
148.149869 236.755
148.156871 235.587
148.159873 234.327
148.166870 236.755
148.169865 236.835
148.176989 237.584
148.179833 236.941
148.186871 236.411
148.189875 237.584
148.196871 236.199
148.199874 236.199
148.206875 237.567
148.209869 238.229
148.216809 237.055
148.219874 233.206
148.226867 235.663
148.229870 237.474
148.236870 237.39
148.239873 235.519
148.246865 234.267
148.249865 238.483
148.256874 241.131
148.259872 238.65
148.266868 240.054
148.269865 238.103
148.276876 235.468
148.279870 240.834
148.286868 240.585
148.289818 236.301
148.296867 237.584
148.306870 235.688
148.310869 235.587
148.311867 238.137
148.322876 238.011
148.325873 235.215
148.326866 236.823
148.331876 237.257
148.334865 238.969
148.341869 237.558
148.344867 239.393
148.351871 240.705
148.354866 237.373
148.361866 241.359
148.364787 238.116
148.371870 235.053
148.374870 239.334
148.381875 236.22
148.384828 236.284
148.391873 237.135
148.394862 239.094
148.401872 240.554
148.404867 237.152
148.411849 235.663
148.414869 239.527
148.421869 240.705
148.424877 239.002
148.431873 240.585
148.434861 236.941
148.441872 236.22
148.444866 237.926
148.451876 241.151
148.454865 237.293
148.461873 236.034
148.464868 241.903
148.471873 241.886
148.474867 238.981
148.481870 237.021
148.484866 236.39
148.491833 238.229
148.494865 236.856
148.501870 235.587
148.506870 239.117
148.509814 238.613
148.516883 236.713
148.519937 237.344
148.526886 240.506
148.529793 241.903
148.536871 238.65
148.539875 237.584
148.546872 236.755
148.549865 232.383
148.556876 235.894
148.559885 239.579
148.566877 237.103
148.569865 232.28
148.576884 235.327
148.579876 242.037
148.586873 236.535
148.589876 236.62
148.596867 239.754
148.600027 234.327
148.607871 235.395
148.610867 237.474
148.617872 240.585
148.620871 233.227
148.627869 233.791
148.630854 238.053
148.636877 237.415
148.639887 237.525
148.646870 237.977
148.649880 229.401
148.656874 230.588
148.666869 238.441
148.667875 235.349
148.672876 237.205
148.676882 239.188
148.682873 234.378
148.686873 235.002
148.692886 240.817
148.696878 241.466
148.702868 233.275
148.706872 230.848
148.712881 233.3
148.715810 236.284
148.719874 227.326
148.726878 233.382
148.729873 240.312
148.736870 236.411
148.739883 235.028
148.746872 236.034
148.749875 240.585
148.756818 239.527
148.759874 233.748
148.766869 233.838
148.769810 236.924
148.776872 235.735
148.779877 236.377
148.786872 237.257
148.789876 236.504
148.796874 233.838
148.799877 234.804
148.806873 234.804
148.809870 234.043
148.816874 234.685
148.819875 236.39
148.826882 233.936
148.829868 236.941
148.836872 235.748
148.839874 237.68
148.846876 237.68
148.849874 238.351
148.856871 236.941
148.859874 236.941
148.866873 239.794
148.872880 235.883
148.874822 236.411
148.881870 239.527
148.884877 236.284
148.891879 236.377
148.894868 239.111
148.901874 240.291
148.904869 235.002
148.911879 236.504
148.914868 240.95
148.921878 237.68
148.924843 239.002
148.931876 235.24
148.934870 235.028
148.941875 239.136
148.944871 240.179
148.951873 232.796
148.955879 237.701
148.962879 236.411
148.965878 237.701
148.972825 242.151
148.975877 238.229
148.981872 235.646
148.984875 236.199
148.991875 239.527
148.994868 238.562
149.001865 233.791
149.004876 238.053
149.011858 236.123
149.014862 239.309
149.021876 242.014
149.024880 237.474
149.031877 239.393
149.034870 237.462
149.041876 237.462
149.044882 240.705
149.051878 238.667
149.054873 233.077
149.061872 238.583
149.064884 238.583
149.071876 238.692
149.074809 239.309
149.081875 237.211
149.084869 238.759
149.091875 236.284
149.094873 240.291
149.101879 238.212
149.104873 238.212
149.111875 237.567
149.114864 238.981
149.121817 242.002
149.124869 236.924
149.131920 236.411
149.134812 237.055
149.141872 232.598
149.144886 234.493
149.151877 237.584
149.154868 235.028
149.161883 236.835
149.164871 239.829
149.171877 237.462
149.174866 237.558
149.181872 240.154
149.184876 238.103
149.191880 236.097
149.194868 236.65
149.201823 238.55
149.204814 235.028
149.211882 237.584
149.214871 236.106
149.221828 235.565
149.224880 239.406
149.231891 238.877
149.234870 236.284
149.241874 237.152
149.244876 234.574
149.253876 236.504
149.256879 236.504
149.263877 239.136
149.265870 234.043
149.270878 232.766
149.277874 237.802
149.280872 237.257
149.286879 237.135
149.289881 239.623
149.296877 236.275
149.299880 234.459
149.306876 237.135
149.309924 236.916
149.316880 240.809
149.319878 238.969
149.326878 239.502
149.329779 237.127
149.336836 235.833
149.339884 240.809
149.346827 235.735
149.349838 235.646
149.356833 236.106
149.359886 236.738
149.366842 233.206
149.369829 240.054
149.376745 237.584
149.379880 238.116
149.386822 236.284
149.389828 237.308
149.396828 235.977
149.399887 235.769
149.406823 236.411
149.409834 234.934
149.416832 236.856
149.419891 241.131
149.426774 235.663
149.429884 236.738
149.437015 231.817
149.439878 233.619
149.446873 242.231
149.449881 231.868
149.456882 228.204
149.459880 234.806
149.466877 239.862
149.469893 236.22
149.476884 238.483
149.479878 236.683
149.486879 233.619
149.489825 236.199
149.496885 240.705
149.499878 237.567
149.506748 237.021
149.509826 235.735
149.516826 231.573
149.519900 237.68
149.526834 239.794
149.529815 236.301
149.536851 234.955
149.539822 239.979
149.546834 236.856
149.549831 235.13
149.556833 236.199
149.559882 238.851
149.566830 237.558
149.569827 236.377
149.576831 236.275
149.586803 233.919
149.590840 236.275
149.591889 234.647
149.602834 237.127
149.605824 233.472
149.606821 233.369
149.612840 231.391
149.615885 232.667
149.622780 237.373
149.625747 235.565
149.632832 238.027
149.634768 238.027
149.641834 234.955
149.644825 233.701
149.651865 238.027
149.654825 235.108
149.661839 235.096
149.664828 237.021
149.671984 236.377
149.674823 235.748
149.681833 235.769
149.684832 235.13
149.691833 235.13
149.694739 237.609
149.701823 236.44
149.704828 232.727
149.711840 236.78
149.714824 230.679
149.721832 233.568
149.724827 239.862
149.731840 238.116
149.734824 238.964
149.741959 242.547
149.744833 233.144
149.751904 232.925
149.754830 239.873
149.761834 235.296
149.764827 234.288
149.771903 236.199
149.774768 236.966
149.781829 234.955
149.784827 235.799
149.791870 238.759
149.794825 236.284
149.801839 237.786
149.804826 240.95
149.811834 235.308
149.814827 237.786
149.821782 236.053
149.824839 236.707
149.831838 241.207
149.834824 239.89
149.841777 233.382
149.844831 235.215
149.851900 238.351
149.854824 235.24
149.861787 235.646
149.864789 235.108
149.871887 240.162
149.874823 236.39
149.881845 239.293
149.884827 241.655
149.891906 236.924
149.894829 237.558
149.901834 242.417
149.904825 242.014
149.911894 235.565
149.914824 234.043
149.921818 236.732
149.925838 234.902
149.932836 235.198
149.935848 232.598
149.942833 239.426
149.945830 242.035
149.951910 240.585
149.954975 241.491
149.961833 239.769
149.964839 237.701
149.971889 236.301
149.974825 237.584
149.981835 235.476
149.984829 238.116
149.991891 240.705
149.994825 235.011
150.001843 235.553
150.004770 238.642
150.011887 242.126
150.014817 241.466
150.021838 234.132
150.024834 232.796
150.031911 235.97
150.034832 237.449
150.041836 239.251
150.044827 235.374
150.051907 235.519
150.054818 237.39
150.061830 236.835
150.064839 235.215
150.071835 237.802
150.074770 231.556
150.081834 233.91
150.084829 238.33
150.091896 234.6
150.094825 234.985
150.101835 236.654
150.105008 232.983
150.111833 234.139
150.114825 239.779
150.121835 239.222
150.124833 232.512
150.131890 232.512
150.134827 230.766
150.141778 236.487
150.144844 242.788
150.151893 234.651
150.154818 235.096
150.161835 237.021
150.164829 233.838
150.171863 235.476
150.174779 236.941
150.181835 233.137
150.184828 231.409
150.191911 237.034
150.194768 237.278
150.201840 233.583
150.204829 234.115
150.211837 236.592
150.217831 237.245
150.221902 237.245
150.224833 235.833
150.231838 232.732
150.234826 234.651
150.241836 235.296
150.244837 235.833
150.251842 236.487
150.254827 233.382
150.260833 233.283
150.264844 237.68
150.272839 237.257
150.275837 235.096
150.282977 237.021
150.285830 241.466
150.292787 234.369
150.294833 233.825
150.300833 240.576
150.304836 234.459
150.311838 236.916
150.314851 240.279
150.320837 237.668
150.324784 233.193
150.330837 237.68
150.334831 238.33
150.340835 233.206
150.344837 236.39
150.351838 238.981
150.354818 242.126
150.360849 235.841
150.364842 238.981
150.371839 235.33
150.374827 233.403
150.380827 238.981
150.384833 236.605
150.390952 235.841
150.394835 232.744
150.400833 237.462
150.404812 237.474
150.410833 238.011
150.414832 238.747
150.420830 239.623
150.424793 239.502
150.431843 236.818
150.434828 239.389
150.441834 234.369
150.444835 237.474
150.451840 237.373
150.454769 234.934
150.461852 236.22
150.464831 236.123
150.471840 235.663
150.474826 235.841
150.481841 237.245
150.484838 235.833
150.490838 237.899
150.494944 236.487
150.500791 235.565
150.504844 235.565
150.510832 237.39
150.517798 236.755
150.520883 235.408
150.524789 238.053
150.530897 234.866
150.534879 232.435
150.540887 237.021
150.544881 237.127
150.550825 235.189
150.554882 238.313
150.560883 238.439
150.564792 233.193
150.571848 236.284
150.574882 238.877
150.580890 235.883
150.584888 235.028
150.590857 235.663
150.594880 233.137
150.600890 232.435
150.604782 235.769
150.610856 235.215
150.614825 233.825
150.620756 236.373
150.624779 242.398
150.630764 237.127
150.634754 235.939
150.640765 235.296
150.644761 232.925
150.650757 238.317
150.654763 236.284
150.660763 233.326
150.664773 233.137
150.670762 230.243
150.674759 235.215
150.680760 239.89
150.684768 234.337
150.690759 234.218
150.694767 236.299
150.700764 238.021
150.704763 235.189
150.710762 237.021
150.714761 236.823
150.720759 234.293
150.724762 239.406
150.730764 237.828
150.734750 233.283
150.740753 233.472
150.744757 239.487
150.750828 233.144
150.754835 238.682
150.760831 240.01
150.764842 234.991
150.770837 234.549
150.774836 238.877
150.780838 240.971
150.784832 230.809
150.790835 232.628
150.794837 234.493
150.800836 234.804
150.804791 236.605
150.810836 235.296
150.814837 237.363
150.820834 241.872
150.824833 237.895
150.830838 235.833
150.834837 239.393
150.840834 234.378
150.844835 236.199
150.850779 236.856
150.855831 236.25
150.865838 234.241
150.868831 236.326
150.871841 237.584
150.881836 232.037
150.885832 235.977
150.886768 235.858
150.890832 235.841
150.894988 240.412
150.900835 242.134
150.904842 239.89
150.910833 237.257
150.914837 238.59
150.920839 235.108
150.924871 235.24
150.930845 237.495
150.937843 234.421
150.939833 232.598
150.945836 233.936
150.949756 234.021
150.955845 244.279
150.959849 242.928
150.965836 240.154
150.969766 238.313
150.975842 237.457
150.979840 237.91
150.985839 234.772
150.989837 235.565
150.995855 231.27
150.999843 234.934
151.005833 236.284
151.009839 237.933
151.015827 232.848
151.019839 235.296
151.025812 238.569
151.029843 238.86
151.035838 238.229
151.039892 236.966
151.047844 233.619
151.050832 239.201
151.057839 238.65
151.060835 236.199
151.067935 236.411
151.070830 236.301
151.076840 234.459
151.079838 236.707
151.085838 237.245
151.089779 236.707
151.095847 237.017
151.099908 235.096
151.105831 236.924
151.112000 240.054
151.115815 238.212
151.119823 236.186
151.125726 236.284
151.129720 234.459
151.135880 232.019
151.139841 234.651
151.145838 233.472
151.149836 229.277
151.155840 237.363
151.159843 238.432
151.165842 234.045
151.169838 236.172
151.175839 235.521
151.179838 232.641
151.185779 235.011
151.189833 236.755
151.195840 232.512
151.199958 233.056
151.205847 234.369
151.209918 235.841
151.215891 238.964
151.219889 235.291
151.225888 232.822
151.229880 230.456
151.235889 237.371
151.239892 238.816
151.245892 234.647
151.249885 233.382
151.255893 234.378
151.259891 233.3
151.265892 233.3
151.269885 235.198
151.275891 234.651
151.279950 234.753
151.285890 233.677
151.289890 232.493
151.295890 234.983
151.299888 232.925
151.305894 234.651
151.309884 237.127
151.315850 232.641
151.319876 232.192
151.325788 235.308
151.329898 232.83
151.335892 230.209
151.340023 234.651
151.345886 234.753
151.349839 230.913
151.358893 235.402
151.361891 239.345
151.365834 235.516
151.369882 234.214
151.376146 236.715
151.379905 232.209
151.385891 228.906
151.390785 232.11
151.395899 235.956
151.399923 234.009
151.405839 232.732
151.410016 236.592
151.415837 234.868
151.419827 234.864
151.425796 236.707
151.429798 234.329
151.435833 234.329
151.439814 236.053
151.445762 232.097
151.449776 233.275
151.455836 235.091
151.459823 233.919
151.465773 232.732
151.472777 235.189
151.474759 235.833
151.480730 234.004
151.484774 234.753
151.490762 236.829
151.494766 234.753
151.500852 232.278
151.504844 237.127
151.510837 235.735
151.514846 232.11
151.521067 235.841
151.524837 237.034
151.530840 232.131
151.534763 234.378
151.542788 230.939
151.545843 237.127
151.552803 237.624
151.555826 234.864
151.559850 234.864
