187.422957 234.921
187.426947 235.945
187.432132 237.75
187.435998 239.641
187.442087 238.55
187.446085 234.459
187.452017 235.833
187.455972 236.605
187.462096 238.046
187.466015 238.046
187.472107 235.108
187.476099 239.393
187.485102 237.914
187.487008 233.427
187.490091 233.439
187.496096 234.934
187.500096 233.283
187.506066 234.004
187.509960 234.448
187.516096 234.713
187.520097 233.268
187.526098 236.188
187.530104 236.176
187.536081 238.86
187.540106 238.642
187.548099 237.914
187.551092 235.395
187.556095 236.021
187.560103 236.186
187.566094 236.373
187.570092 234.004
187.576098 232.183
187.581012 233.463
187.585017 236.707
187.591047 236.478
187.595046 237.127
187.603050 237.017
187.606047 232.641
187.611049 236.275
187.615050 236.275
187.621049 235.002
187.625044 234.917
187.631047 233.275
187.635041 233.365
187.641050 235.939
187.645044 237.363
187.651045 233.463
187.654992 235.198
187.661049 234.651
187.665048 235.291
187.671045 236.377
187.675045 235.731
187.681057 238.002
187.685053 235.002
187.693329 236.818
187.695975 237.021
187.701045 237.558
187.705061 235.198
187.711048 234.329
187.715050 235.64
187.720979 233.686
187.725046 238.168
187.731043 236.592
187.735050 237.24
187.741054 238.43
187.745043 234.549
187.751053 235.096
187.755044 233.369
187.761048 234.009
187.765051 235.402
187.771042 238.021
187.775054 235.943
187.781051 235.296
187.785048 235.198
187.791046 235.833
187.795123 240.042
187.801049 235.002
187.805050 232.641
187.811046 236.916
187.815043 235.296
187.821053 235.091
187.825050 234.009
187.831050 235.296
187.835045 232.732
187.840987 236.605
187.845050 241.066
187.851050 235.091
187.856054 233.275
187.862048 238.552
187.865963 237.24
187.874051 235.731
187.876044 237.021
187.881049 235.841
187.885051 235.735
187.891047 234.549
187.895069 237.664
187.901052 235.291
187.905054 231.638
187.911044 234.647
187.915050 239.086
187.921051 239.623
187.925050 233.91
187.931048 235.833
187.935046 237.664
187.941051 237.558
187.945051 235.833
187.950991 236.592
187.955049 236.707
187.961054 234.647
187.965054 233.566
187.971054 236.707
187.975052 237.127
187.985054 235.291
187.989043 236.373
187.991041 237.462
188.001999 236.186
188.004982 237.91
188.005994 236.916
188.010960 235.735
188.015923 237.021
188.021962 234.647
188.025960 235.189
188.031959 232.641
188.035930 234.459
188.041962 236.284
188.045963 234.459
188.051964 233.283
188.055964 236.061
188.061962 234.115
188.064959 233.91
188.070962 236.916
188.075961 236.916
188.079965 235.548
188.087963 235.548
188.090961 236.284
188.095963 235.011
188.099963 235.468
188.105964 235.637
188.109948 234.455
188.115963 231.461
188.120963 235.291
188.125968 236.707
188.131916 231.547
188.135962 234.549
188.141963 239.623
188.145959 237.021
188.150966 232.65
188.154961 234.557
188.160964 236.478
188.164958 233.463
188.170920 236.707
188.174945 236.588
188.180944 232.822
188.185921 235.296
188.189937 236.707
188.195949 239.086
188.200943 235.189
188.204940 234.647
188.210945 237.021
188.214940 234.647
188.220942 235.939
188.226943 233.365
188.229944 234.455
188.235945 234.459
188.239943 235.833
188.245946 235.296
188.249943 236.592
188.255946 236.053
188.259945 232.381
188.265978 237.363
188.269979 237.363
188.275980 234.753
188.279983 234.009
188.285975 237.257
188.289985 234.664
188.297979 234.021
188.300978 234.664
188.305977 236.39
188.309987 235.198
188.315988 233.919
188.321974 237.668
188.325976 237.017
188.329979 235.939
188.335981 236.053
188.339979 237.777
188.345978 238.43
188.349977 237.017
188.355976 235.189
188.359985 235.735
188.365980 234.557
188.369977 231.391
188.375998 233.825
188.379980 237.135
188.385998 236.377
188.389979 237.777
188.395978 239.211
188.399967 235.939
188.406979 235.939
188.410976 237.899
188.416978 237.127
188.421022 235.296
188.427009 235.841
188.431012 233.489
188.436012 236.487
188.440010 237.245
188.446011 238.682
188.450008 239.086
188.456014 234.868
188.460012 238.556
188.465931 236.478
188.470014 236.478
188.476008 239.502
188.480018 238.964
188.486013 239.502
188.490010 240.275
188.496017 235.939
188.499903 235.189
188.506016 238.313
188.510018 238.43
188.516014 235.189
188.520014 230.209
188.526013 235.943
188.530008 236.715
188.536001 235.943
188.540010 240.279
188.546001 234.651
188.550011 235.189
188.556012 240.938
188.560015 237.668
188.566006 235.002
188.570009 232.564
188.576011 238.317
188.580012 235.637
188.586014 235.002
188.590006 238.103
188.596017 232.744
188.600013 234.459
188.606109 240.154
188.609965 240.809
188.615945 233.193
188.619967 235.553
188.626020 236.284
188.630012 236.186
188.636111 237.558
188.639977 239.094
188.646054 238.43
188.650050 237.777
188.656059 234.753
188.660056 236.053
188.666000 236.592
188.670053 234.651
188.676053 232.433
188.680058 233.382
188.686050 234.378
188.690049 238.642
188.696053 237.68
188.700054 232.019
188.706054 234.459
188.710049 236.478
188.716065 237.127
188.720055 233.472
188.726001 235.296
188.730054 233.472
188.736061 232.925
188.740054 234.107
188.746055 236.715
188.750054 236.487
188.757054 235.841
188.761055 234.557
188.767056 233.662
188.771055 237.457
188.777054 240.938
188.781051 236.478
188.786120 232.011
188.791096 238.43
188.795103 240.537
188.801088 233.797
188.805107 234.991
188.814102 235.648
188.816098 235.41
188.820109 234.009
188.826101 235.977
188.830104 232.131
188.836102 228.432
188.839979 232.938
188.846108 233.81
188.850105 236.968
188.856025 235.247
188.860107 237.099
188.866045 236.707
188.870100 238.556
188.876106 239.086
188.880049 234.557
188.886106 236.182
188.889979 232.097
188.896106 232.732
188.900113 239.086
188.906100 238.69
188.910104 234.115
188.916110 233.369
188.920104 237.388
188.926111 235.13
188.930107 237.39
188.936102 236.941
188.940088 233.283
188.946096 235.833
188.950104 238.69
188.956101 236.188
188.960017 233.283
188.966105 232.037
188.970303 233.765
188.976105 236.301
188.980053 236.39
188.986114 233.403
188.990102 229.12
188.996001 235.091
189.000113 239.744
189.006110 239.744
189.010104 235.735
189.016038 233.666
189.020109 235.565
189.026104 237.293
189.030107 237.851
189.036109 235.429
189.040108 231.769
189.046108 231.95
189.050107 235.296
189.056111 235.111
189.060174 234.762
189.066104 232.282
189.070101 233.365
189.077105 232.209
189.081100 238.229
189.087103 233.889
189.091102 234.241
189.097107 234.934
189.100098 239.51
189.106038 237.777
189.110100 235.521
189.116105 234.576
189.120108 231.953
189.126106 234.983
189.130100 238.29
189.136108 235.943
189.140106 235.735
189.146106 233.838
189.152103 236.835
189.155040 238.65
189.162108 236.818
189.165097 232.011
189.171101 233.472
189.175112 232.921
189.181107 238.682
189.186117 238.816
189.190100 234.983
189.196109 234.991
189.200115 234.337
189.206122 236.053
189.210302 236.707
189.219009 236.299
189.221116 235.402
189.225054 236.833
189.231106 240.404
189.235101 235.748
189.241105 233.838
189.245124 237.034
189.251092 240.938
189.255110 238.43
189.265108 234.218
189.269099 240.678
189.271044 239.744
189.282111 235.735
189.285108 236.941
189.286100 237.474
189.291101 235.646
189.295101 237.912
189.301111 241.348
189.305102 235.64
189.311110 232.493
189.315102 239.483
189.321099 237.777
189.325108 232.495
189.331108 233.077
189.335107 237.784
189.341109 236.62
189.345103 240.506
189.351102 239.979
189.355112 232.598
189.361112 230.766
189.365102 237.899
189.371106 242.543
189.375105 234.864
189.381110 237.24
189.385107 236.478
189.391104 235.735
189.395099 239.426
189.401108 236.713
189.405106 231.761
189.411105 233.568
189.415097 238.692
189.421104 237.731
189.427109 235.487
189.430107 232.959
189.436087 233.57
189.440116 238.155
189.446101 241.466
189.450110 235.735
189.456116 231.95
189.460109 230.636
189.466105 236.275
189.470056 238.569
189.476047 239.215
189.480109 231.556
189.486103 232.83
189.490133 232.83
189.496108 231.655
189.500106 232.848
189.506102 237.135
189.510051 234.557
189.516107 233.838
189.520110 237.802
189.526100 242.126
189.530114 233.369
189.536114 234.004
189.540109 234.647
189.546109 235.833
189.552110 232.83
189.555110 231.556
189.561108 231.556
189.565112 239.499
189.571059 238.021
189.575105 231.104
189.581016 236.715
189.585120 234.354
189.591110 233.382
189.595119 234.574
189.601105 234.6
189.605110 235.13
189.611112 235.108
189.615104 235.427
189.621102 231.858
189.625108 231.562
189.631106 234.725
189.635104 229.486
189.641072 232.39
189.646111 233.079
189.652111 230.783
189.656109 233.137
189.662110 238.137
189.666100 234.934
189.671102 234.84
189.675079 239.937
189.681126 237.786
189.685088 233.382
189.691044 236.487
189.696116 238.317
189.700106 235.731
189.706109 232.019
189.710108 237.584
189.716053 233.326
189.720109 232.209
189.726113 232.938
189.730110 236.324
189.736033 234.465
189.740112 233.703
189.746106 238.046
189.750110 239.89
189.756110 238.967
189.760047 234.576
189.766123 235.903
189.770106 240.104
189.776111 239.946
189.780110 235.111
189.786106 236.707
189.790104 238.969
189.796110 237.558
189.800116 236.021
189.805997 231.817
189.809975 229.493
189.815980 238.642
189.820013 242.673
189.826070 245.098
189.832063 242.045
189.835053 234.779
189.841065 237.388
189.845053 242.021
189.851060 238.851
189.855057 230
189.861040 231.83
189.865064 238.411
189.871062 236.713
189.875064 236.478
189.881061 234.282
189.885004 231.095
189.891000 235.533
189.895053 250.93
189.901066 245.839
189.905001 237.124
189.911061 234.644
189.915060 239.24
189.921062 250.936
189.925000 240.077
189.931057 230.549
189.935061 228.801
189.941062 231.638
189.947061 234.354
189.951059 236.73
189.957058 241.663
189.961061 235.189
189.967067 237.365
189.970063 241.68
189.974981 241.588
189.981064 239.675
189.985064 234.866
189.991058 233.227
189.995153 234.574
190.001059 233.604
190.005011 235.533
190.011064 231.746
190.015062 231.199
190.021069 233.677
190.027053 238.82
190.030066 237.363
190.035063 234.107
190.041061 237.68
190.045007 237.474
190.051062 237.39
190.055066 238.027
190.061066 236.034
190.065060 233.12
190.071061 235.096
190.075067 233.91
190.081070 231
190.085064 238.569
190.092015 237.095
190.096065 232.381
190.102065 232.39
190.106065 239.752
190.112068 240.279
190.116068 233.206
190.121062 236.856
190.124071 235.663
190.131068 236.284
190.135051 235.735
190.141003 234.664
190.145064 238.029
190.151066 234.107
190.154063 231.638
190.161063 235.648
190.165057 235.111
190.171065 234.218
190.175062 239.877
190.181063 230.922
190.185068 237.017
190.191059 239.211
190.195067 243.076
190.201040 235.833
190.205056 229.584
190.211062 237.388
190.215085 234.132
190.221064 235.308
190.225063 240.291
190.231062 235.198
190.234057 232.011
190.241068 237.899
190.245062 238.556
190.251063 236.284
190.257069 232.093
190.261968 238.43
190.266054 237.127
190.271985 236.818
190.276005 237.558
190.282063 232.495
190.286061 233.838
190.292062 240.291
190.296063 235.308
190.302010 234.917
190.305991 237.558
190.312071 235.308
190.316069 235.198
190.322064 234.557
190.325992 235.198
190.332064 235.468
190.336065 240.368
190.342064 240.911
190.345990 233.739
190.352065 231.314
190.356107 238.204
190.361064 238.86
190.369064 237.373
190.371054 234.164
190.377060 235.476
190.381069 233.739
190.386057 233.275
190.389064 237.777
190.396070 237.017
190.399056 235.002
190.406069 234.917
190.409064 236.284
190.416003 236.924
190.419061 230.692
190.426009 231.937
190.429075 238.212
190.436065 242.532
190.439055 233.748
190.446065 233.748
190.449004 233.039
190.456068 234.216
190.459055 241.114
190.466064 238.851
190.469061 233.602
190.476070 234.921
190.479056 237.777
190.486065 237.668
190.489069 235.011
190.496066 235.402
190.500070 232.093
190.506066 233.275
190.509065 237.462
190.516075 238.759
190.518997 239.092
190.526066 236.182
190.529066 234.004
190.536032 238.439
190.546065 242.295
190.550061 237.371
190.551056 232.11
190.562069 234.557
190.565065 241.599
190.566053 236.478
190.571064 235.096
190.574066 239.284
190.581064 235.637
190.584017 236.275
190.591062 237.021
190.594102 240.179
190.601071 237.912
190.604059 234.574
190.611007 236.377
190.614060 241.234
190.621066 241.226
190.624067 235.468
190.631067 236.097
190.634063 240.037
190.641073 236.377
190.644062 236.377
190.651068 237.786
190.654009 237.152
190.661063 242.94
190.664071 241.066
190.671067 236.916
190.674065 238.002
190.681066 243.602
190.684068 241.878
190.691066 237.457
190.694117 237.558
190.701073 236.373
190.704069 237.127
190.711068 237.24
190.714055 238.313
190.721071 237.457
190.723993 235.735
190.731061 238.212
190.734050 236.823
190.741059 239.929
190.744009 240.037
190.751013 237.558
190.754062 238.851
190.761065 238.851
190.764066 238.099
190.771065 237.558
190.773990 236.186
190.781070 232.495
190.784060 235.13
190.791066 238.759
190.795066 235.002
190.802062 239.929
190.806070 239.184
190.812064 236.186
190.816006 240.472
190.821066 236.186
190.824075 239.829
190.831066 240.377
190.834065 235.493
190.841065 236.738
190.844277 233.283
190.851070 235.198
190.854069 236.373
190.861073 235.189
190.864220 235.833
190.871009 236.275
190.874065 235.553
190.881066 236.823
190.884060 236.835
190.891067 236.106
190.894004 234.84
190.901070 236.73
190.904070 236.818
190.910989 234.369
190.914064 234.288
190.923075 235.468
190.926061 233.112
190.931085 235.637
190.933983 235.841
190.941062 233.369
190.944018 232.011
190.951062 237.017
190.954067 236.592
190.961061 234.557
190.964068 235.637
190.971072 238.317
190.974060 235.096
190.981067 235.735
190.984012 235.943
190.991009 233.472
190.994114 233.463
191.001120 235.402
191.004000 234.864
191.011137 234.107
191.017109 235.291
191.019098 235.735
191.026012 235.637
191.029026 236.916
191.036011 235.096
191.038950 234.455
191.046025 236.377
191.049022 235.096
191.056022 237.135
191.059011 235.516
191.066028 234.218
191.069020 235.943
191.076019 237.363
191.079012 234.107
191.086020 234.115
191.089015 234.132
191.096018 235.308
191.099016 233.919
191.106020 237.135
191.109020 237.668
191.116024 234.009
191.119019 238.313
191.126015 237.777
191.129017 237.24
191.136032 240.275
191.141100 236.478
191.147119 234.917
191.152115 234.288
191.156118 238.002
191.162129 237.558
191.166118 234.369
191.171118 236.823
191.174046 236.916
191.181122 238.313
191.184113 234.651
191.191123 235.096
191.194113 233.283
191.201107 237.462
191.204124 237.462
191.211122 236.199
191.214119 236.199
191.221120 236.199
191.224114 233.748
191.231119 236.39
191.234118 237.567
191.241134 234.459
191.244003 233.275
191.251069 235.091
191.254063 233.825
191.261068 240.809
191.264068 236.924
191.270998 233.666
191.274066 236.65
191.281068 240.377
191.284059 237.914
191.291067 234.921
191.294063 233.283
191.301075 235.096
191.304067 235.096
191.311067 237.664
191.314062 235.833
191.321077 235.939
191.324063 238.552
191.331064 235.939
191.334009 237.127
191.341063 238.86
191.346068 236.186
191.349002 233.043
191.356035 234.921
191.359073 235.646
191.368070 236.377
191.371059 233.825
191.376070 235.189
191.379001 235.939
191.386070 236.478
191.388983 237.24
191.396074 234.107
191.399058 229.654
191.406078 233.825
191.409009 236.823
191.416072 233.594
191.419064 236.186
191.426067 242.002
191.429036 233.825
191.435991 231.933
191.439120 239.752
191.446123 240.404
191.449116 233.275
191.456041 236.916
191.459031 237.664
191.466120 233.275
191.469119 236.373
191.476120 238.317
191.479120 237.017
191.485997 235.189
191.489078 237.135
191.496005 238.969
191.499070 234.549
191.506069 234.009
191.509065 236.707
191.516070 236.707
191.519065 236.053
191.526026 238.021
191.529065 237.127
191.536073 235.943
191.539062 236.478
191.546034 236.061
191.549066 235.943
191.556073 233.463
191.560071 237.363
191.567071 237.363
191.571067 236.588
191.576990 236.588
191.581071 237.899
191.587069 239.623
191.589071 236.487
191.596067 240.693
191.599063 238.099
191.606072 235.096
191.609069 239.094
191.616215 236.715
191.619069 234.753
191.626121 235.189
191.629114 238.317
191.636126 236.39
191.638986 238.877
191.646074 235.215
191.649119 237.933
191.656120 237.257
191.659114 237.777
191.666122 239.877
191.669113 237.899
191.676127 234.009
191.679113 238.439
191.686119 238.439
191.689065 235.646
191.696127 236.411
191.699112 236.941
191.706122 232.744
191.709119 237.668
191.716117 240.279
191.718995 233.275
191.726130 235.637
191.729123 236.487
191.736123 238.747
191.739095 237.28
191.746127 236.123
191.749123 237.495
191.756251 234.955
191.759113 233.227
191.766103 234.472
191.769106 233.472
191.776041 234.218
191.779112 235.516
191.786117 235.402
191.789160 236.605
191.796125 235.769
191.799115 234.421
191.806045 235.519
191.809123 232.456
191.816124 236.856
191.826125 235.663
191.830083 231.409
191.831091 233.206
191.842119 234.557
191.845121 235.198
191.846113 234.009
191.851118 235.198
191.857060 235.841
191.860126 233.193
191.864123 234.459
191.871068 236.487
191.874071 236.061
191.881118 233.369
191.884121 235.833
191.891117 235.296
191.894126 235.956
191.901129 234.664
191.904126 231.573
191.911124 234.009
191.914126 235.943
191.921120 235.833
191.924128 236.478
191.931120 235.833
191.934125 233.463
191.941122 237.895
191.944233 235.521
191.951120 234.107
191.954119 234.009
191.961125 235.943
191.967241 232.732
191.969127 234.651
191.976062 236.715
191.979118 232.925
191.986126 234.107
191.989123 237.363
191.996103 236.715
191.999115 232.925
192.006119 232.925
192.009117 235.943
192.016001 235.943
192.019024 237.668
192.026073 233.283
192.029069 234.651
192.038073 237.127
192.041015 237.245
192.046066 238.313
192.049079 233.91
192.058074 235.735
192.061072 238.851
192.066071 239.618
192.069075 238.204
192.076080 235.091
192.079159 240.809
192.086148 237.017
192.089122 237.777
192.096128 239.086
192.099118 234.664
192.106118 233.489
192.109120 232.848
192.116126 235.308
192.118990 240.412
192.126127 236.487
192.129120 235.956
192.136140 236.487
192.139114 236.924
192.146128 238.747
192.149122 234.557
192.156128 236.284
192.159062 235.646
192.166122 233.825
192.169125 236.377
192.176121 238.204
192.179116 236.377
192.186125 236.377
192.189122 239.502
192.196120 235.637
192.199115 235.108
192.206131 241.251
192.209040 233.791
192.216380 231.201
192.219151 236.301
192.226024 241.359
192.229027 237.021
192.236039 233.919
192.239021 233.3
192.246029 235.108
192.248994 234.664
192.256030 237.034
192.258987 236.199
192.268026 234.395
192.271023 234.293
192.276029 234.378
192.279011 238.204
192.286031 237.021
192.289028 233.193
192.297125 233.825
192.301120 235.735
192.307078 234.762
192.311119 235.841
192.317125 234.762
192.320997 235.41
192.326075 236.061
192.328992 234.762
192.336073 235.198
192.339068 236.39
192.346091 234.574
192.349014 232.744
192.356080 235.841
192.359068 238.556
192.366072 235.521
192.369073 234.753
192.375991 236.053
192.379074 233.677
192.386076 234.214
192.389075 238.439
192.396005 238.317
192.399004 234.549
192.406078 234.651
192.409078 235.296
192.416080 234.231
192.419067 233.036
192.426084 234.337
192.429068 236.307
192.436079 234.868
192.439074 234.337
192.446074 236.715
192.449074 235.841
192.456079 239.623
192.459125 235.198
192.466123 231.937
192.469118 237.021
192.476137 237.777
192.479117 234.647
192.486122 236.707
192.489123 241.731
192.496165 234.107
192.499129 237.127
192.506127 237.135
192.509100 233.3
192.516127 238.011
192.519117 236.924
192.526127 238.86
192.529128 238.86
192.536126 236.061
192.539126 236.592
192.546124 235.521
192.549124 241.348
192.556255 236.053
192.559118 235.291
192.566123 235.833
192.569125 236.275
192.579125 239.284
192.581061 242.417
192.587104 236.097
192.591126 232.019
192.594123 236.818
192.601132 236.275
192.604141 238.964
192.611123 237.786
192.614129 232.732
192.621123 233.283
192.624130 237.034
192.631122 240.585
192.634117 235.565
192.641136 235.553
192.644121 235.198
192.651120 238.204
192.654130 237.668
192.661130 237.567
192.664119 234.293
192.671129 234.216
192.674131 238.002
192.681123 239.184
192.684127 240.368
192.691127 236.823
192.694130 234.84
192.701126 236.916
192.704051 238.002
192.711123 232.564
192.714123 235.011
192.721125 233.193
192.724127 234.021
192.731124 237.135
192.734122 234.231
192.741129 232.295
192.744124 233.472
192.751123 235.308
192.754126 235.841
192.761123 232.65
192.764130 236.186
192.771066 237.457
192.774134 238.103
192.781131 237.567
192.786128 237.567
192.792123 234.549
192.796078 233.365
192.802135 233.189
192.807049 235.637
192.812009 235.108
192.816074 233.12
192.822135 234.378
192.826047 238.002
192.832135 237.558
192.836134 237.777
192.842077 236.053
192.848130 232.921
192.851121 234.864
192.856130 236.299
192.862131 236.968
192.866120 235.296
192.872003 235.198
192.876084 236.487
192.882079 235.731
192.886074 235.943
192.889074 235.291
192.896080 233.91
192.899069 236.377
192.906077 238.86
192.909072 238.747
192.916076 238.204
192.919074 234.549
192.926082 236.373
192.929077 238.313
192.936083 238.317
192.946078 236.478
192.947070 235.748
192.952074 234.651
192.956084 236.053
192.962073 235.943
192.966083 237.021
192.972075 236.377
192.976077 237.457
192.982079 239.086
192.986073 239.744
192.992082 235.939
192.996080 237.127
193.002075 240.275
193.006083 239.502
193.009082 238.743
193.016010 236.916
193.019072 234.557
193.026082 235.833
193.029076 234.651
193.036086 237.668
193.039073 239.502
193.046084 234.647
193.049092 238.43
193.056085 238.556
193.059075 237.127
193.066081 236.916
193.069080 238.103
193.076083 239.937
193.084097 235.646
193.087071 235.011
193.089082 235.735
193.095970 235.198
193.106081 237.245
193.110082 238.317
193.111072 236.487
193.122081 235.198
193.125073 235.735
193.126116 239.393
193.131190 240.162
193.134085 234.293
193.141082 234.849
193.145085 234.866
193.152087 236.662
193.156081 237.293
193.162073 236.755
193.166078 232.495
193.172079 234.369
193.174071 238.43
193.181084 238.43
193.184017 235.833
193.191063 232.011
193.194073 233.825
193.201088 235.476
193.204079 236.123
193.211079 238.508
193.214082 233.026
193.221082 233.619
193.224078 236.199
193.231074 238.439
193.234056 235.402
193.241081 233.028
193.244088 235.64
193.251089 236.176
193.254079 237.24
193.261028 238.43
193.264080 236.284
193.271077 233.043
193.274081 235.468
193.281080 237.668
193.284071 235.939
193.291086 232.183
193.294079 233.677
193.301019 235.402
193.304074 234.651
193.311079 235.939
193.314074 236.478
193.321080 234.459
193.324082 236.916
193.331080 234.651
193.334071 234.647
193.341026 234.214
193.344081 234.329
193.351048 234.329
193.354079 234.864
193.361081 234.004
193.364085 236.592
193.371084 237.017
193.374081 233.739
193.381079 238.86
193.384079 238.969
193.391085 232.093
193.394078 237.127
193.401076 238.43
193.404245 235.833
193.411080 236.916
193.414019 239.502
193.421030 235.091
193.426998 235.637
193.431002 240.537
193.434003 237.489
193.441017 232.822
193.444003 237.363
193.451006 240.01
193.454015 235.939
193.462011 237.777
193.466005 237.034
193.472009 232.495
193.476016 237.28
193.480992 237.373
193.486002 238.103
193.489006 233.91
193.496031 235.291
193.498999 236.592
193.506010 238.439
193.509006 239.086
193.516007 236.478
193.519001 238.313
193.526005 238.099
193.529009 236.186
193.536014 236.738
193.538998 233.137
193.546005 233.679
193.549002 236.199
193.556035 237.474
193.558999 235.748
193.566005 238.317
193.569002 239.086
193.576010 238.313
193.578982 235.833
193.586003 236.916
193.589004 235.011
193.596033 236.738
193.599002 234.934
193.606007 236.186
193.609006 237.365
193.616007 236.182
193.618998 234.369
193.626014 236.373
193.629007 236.373
193.636014 235.833
193.639003 235.833
193.645996 235.841
193.649002 235.553
193.656008 234.921
193.662004 237.914
193.669004 235.565
193.671036 233.12
193.674034 236.186
193.683041 233.193
193.686041 231.461
193.691038 236.588
193.694046 237.363
193.701042 232.822
193.704036 234.651
193.711055 238.212
193.717085 236.186
193.720129 236.186
193.724137 238.204
193.731134 235.833
193.734120 236.478
193.741133 237.127
193.744132 234.107
193.751133 237.245
193.754091 235.296
193.761133 235.296
193.764135 237.777
193.771130 237.017
193.774133 235.731
193.781130 236.588
193.784134 235.402
193.791142 235.833
193.794135 235.939
193.801075 237.24
193.804140 233.91
193.811135 237.777
193.814133 241.731
193.821129 233.463
193.824137 233.566
193.831128 239.215
193.834017 234.549
193.841136 236.373
193.847134 240.404
193.851126 237.363
193.858116 234.753
193.860003 237.245
193.866084 237.24
193.872086 237.558
193.876023 237.457
193.881083 240.576
193.884133 235.637
193.891134 239.502
193.894132 238.313
193.901130 234.004
193.904134 237.24
193.911131 237.895
193.914125 235.943
193.921073 237.664
193.924128 238.029
193.931134 235.41
193.934131 237.245
193.941143 235.41
193.944129 235.198
193.951128 237.668
193.954124 238.212
193.961132 237.567
193.964066 236.182
193.971051 237.457
193.974144 240.809
193.981141 242.262
193.984126 235.096
193.991078 235.011
193.994128 238.116
194.001139 234.455
194.003999 234.849
194.011155 239.117
194.014122 234.891
194.019025 232.383
194.026006 236.148
194.028994 239.552
194.036010 233.283
194.039003 234.549
194.046006 238.43
194.049005 236.053
194.056002 237.777
194.059003 235.637
194.065990 232.495
194.069038 236.034
194.076009 234.241
194.078998 234.955
194.086006 236.941
194.088999 231.95
194.096011 232.495
194.098999 236.916
194.106005 235.091
194.108981 232.641
194.116009 237.558
194.118998 235.748
194.126010 231.817
194.129009 233.077
194.136009 238.116
194.139007 232.564
194.146010 234.214
194.149005 238.583
194.156009 232.073
194.158998 232.506
194.166008 237.099
194.169005 234.329
194.176005 237.363
194.179002 239.086
194.186007 234.021
194.189007 232.744
194.196005 238.981
194.198998 235.956
194.206012 236.377
194.209006 235.41
194.218010 238.315
194.221000 234.354
194.226010 233.703
194.229005 235.977
194.236013 233.369
194.238999 234.455
194.246005 236.275
194.249011 234.369
194.256139 234.369
194.259000 235.731
194.266007 235.833
194.269006 238.439
194.276005 240.703
194.278998 237.388
194.286007 235.41
194.289008 234.009
194.296009 236.377
194.299002 240.472
194.306011 239.184
194.309010 237.28
194.316086 237.926
194.319083 236.199
194.326200 235.011
194.329087 238.204
194.336087 238.556
194.339077 242.029
194.346090 236.732
194.351251 237.034
194.357087 240.585
194.361087 241.118
194.367094 236.186
194.371082 233.748
194.376089 237.701
194.386088 233.382
194.390094 232.209
194.391079 234.231
194.402087 238.82
194.405081 235.402
194.406078 235.402
194.411087 243.22
194.414084 241.203
194.421098 237.017
194.424132 235.002
194.431088 238.55
194.434112 237.474
194.441092 236.301
194.444088 236.738
194.451093 234.921
194.454083 233.193
194.461033 232.019
194.464082 236.916
194.471039 241.131
194.474087 237.293
194.481205 237.28
194.484018 240.915
194.491082 235.945
194.494082 234.768
194.501085 238.103
194.504125 237.034
194.511087 231.039
194.514078 235.956
194.521010 234.651
194.524081 233.275
194.531086 236.707
194.534079 235.771
194.541091 236.172
194.544081 239.873
194.551087 239.228
194.554083 233.206
194.561086 238.212
194.567086 237.135
194.570086 235.096
194.574087 234.84
194.581092 236.65
194.584116 233.594
194.591087 228.147
194.596089 231.933
194.599078 238.116
194.606254 231.556
194.612094 234.132
194.616882 236.846
194.619027 234.991
194.626008 234.868
194.628998 232.39
194.636013 234.132
194.639008 234.043
194.646011 232.162
194.649003 233.257
194.656003 232.727
194.659042 234.955
194.666038 231.27
194.669040 234.378
194.676044 239.502
194.679039 234.107
194.686039 234.881
194.689043 239.37
194.696046 239.353
194.699040 235.296
194.706044 236.478
194.709039 237.474
194.716036 232.727
194.719038 235.291
194.726046 233.463
194.729040 232.925
194.736045 234.753
194.739034 232.39
194.746044 231.547
194.749037 236.707
194.756046 235.106
194.759033 235.41
194.766050 239.353
194.769039 238.583
194.776044 234.868
194.779032 237.257
194.786040 240.01
194.789039 234.753
194.796037 230.922
194.799040 231.314
194.806035 236.924
194.809033 233.825
194.816044 235.002
194.819004 236.188
194.826046 240.404
194.829043 237.135
194.836043 240.412
194.839016 240.687
194.846043 235.956
194.849043 239.752
194.856036 240.541
194.859049 237.055
194.866036 235.16
194.869050 233
194.876042 237.567
194.879034 235.296
194.886041 234.337
194.889145 238.682
194.896138 232.093
194.899137 229.584
194.906136 243.066
194.909088 238.747
194.916140 235.323
194.919140 237.39
194.926138 238.466
194.929134 232.366
194.936139 237.786
194.939142 243.891
194.946140 236.078
194.949138 233.054
194.956139 235.771
194.959105 234.713
194.966138 236.707
194.969023 232.744
194.976102 237.947
194.979081 238.95
194.986092 232.409
194.989029 235.087
194.996098 243.082
194.999084 234.6
195.006099 236.097
195.009094 236.284
195.016007 241.466
195.019087 232.65
195.026089 233.686
195.029085 239.499
195.036096 232.489
195.039075 232.822
195.046114 234.009
195.049090 230.848
195.056103 229.75
195.059082 232.317
195.066092 234.932
195.069098 234.043
195.076095 238.002
195.079037 235.011
195.086089 244.518
195.089084 240.162
195.096092 227.176
195.099081 230.757
195.106024 237.24
195.109082 240.404
195.116002 232.183
195.119023 232.921
195.126095 235.748
195.129094 234.557
195.136092 237.777
195.139084 235.939
195.146039 234.549
195.149089 235.096
195.156077 233.91
195.159082 237.777
195.166093 243.068
195.169093 230.569
195.176007 234.009
195.179081 233.463
195.186091 238.816
195.189086 235.521
195.197089 230.552
195.200030 234.864
195.207092 231.638
195.211089 232.822
195.217085 237.017
195.219046 236.626
195.226096 230.222
195.229078 229.802
195.236096 239.635
195.239081 237.912
195.246100 232.822
195.249008 235.111
195.256171 236.569
195.259133 233.139
195.266139 231.845
195.271143 233.57
195.274136 232.39
195.281082 235.41
195.284152 237.388
195.291135 238.981
195.294138 235.553
195.301139 231.95
195.304135 237.558
195.311133 237.777
195.316121 234.753
195.319133 231.465
195.326032 235.735
195.329025 240.693
195.336090 235.096
195.339087 231.746
195.346092 240.541
195.349089 235.41
195.356093 231.845
195.359083 232.069
195.366092 231.953
195.369091 233.57
195.376049 235.956
195.379082 236.411
195.386096 235.13
195.389091 235.453
195.396091 236.188
195.399087 238.029
195.406088 238.556
195.409091 234.337
195.416096 233.472
195.419082 233.275
195.428098 233.739
195.431086 237.365
195.436092 232.974
195.439082 235.548
195.446048 243.082
195.449091 237.021
195.456092 236.487
195.459063 233.917
195.466094 237.767
195.469093 240.985
195.476096 238.021
195.480098 234.115
195.487093 233.326
195.490094 236.44
195.497092 234.523
195.500093 234.753
195.507042 234.073
195.509094 232.131
195.516094 238.315
195.519088 235.238
195.526088 229.578
195.529102 233.139
195.536097 239.873
195.539254 238.552
195.546090 238.562
195.549302 238.099
195.556092 237.457
195.559085 237.462
195.566094 233.825
195.569044 235.002
195.576096 233.275
195.579086 235.402
195.586045 236.434
195.589094 233.463
195.596098 235.002
195.599085 236.916
195.606093 234.021
195.612095 234.557
195.614085 239.623
195.621099 236.487
195.624010 233.403
195.631006 235.748
195.634094 240.291
195.641101 239.389
195.644100 229.471
195.651096 237.495
195.655094 240.574
195.665096 234.779
195.669099 231.095
195.671086 233.797
195.681100 237.632
195.685087 240.541
195.686016 237.912
195.691035 235.748
195.697097 234.021
195.701095 235.41
195.707091 234.231
195.711021 239.094
195.717093 237.257
195.721095 231.933
195.727037 234.107
195.731090 241.502
195.737091 233.144
195.741022 229.732
195.747100 233.365
195.751099 236.373
195.757095 238.747
195.761098 232.487
195.767096 235.002
195.771096 238.743
195.777091 236.021
195.781094 238.65
195.787095 244.649
195.791090 235.402
195.794094 231.547
195.801095 237.899
195.804096 236.846
195.811095 232.527
195.814094 229.539
195.821096 236.897
195.824118 233.936
195.831093 233.3
195.834081 239.937
195.843103 234.574
195.846098 234.472
195.851095 237.912
195.854097 237.127
195.861099 237.777
195.864092 239.094
195.871096 235.296
195.874095 232.192
195.881105 234.218
195.884093 234.214
195.891097 233.275
195.894093 233.193
195.901098 236.916
195.904098 232.732
195.911095 232.641
195.914112 240.412
195.921100 237.257
195.925004 231.937
195.932148 236.186
195.935137 235.841
195.942129 235.198
195.945125 238.439
195.952148 237.388
195.954138 229.663
195.961146 232.183
195.964142 236.592
195.971142 235.64
195.974149 234.864
195.981145 231.314
195.984139 233.82
195.991144 242.126
195.994089 235.011
196.001141 232.422
196.004087 234.378
196.011141 232.577
196.014135 231.864
196.021151 238.204
196.024083 236.478
196.031150 230.757
196.034139 231.937
196.041149 238.43
196.044146 234.107
196.051147 233.365
196.057072 235.735
196.061147 234.107
196.067139 233.369
196.071115 231.655
196.074149 239.877
196.081150 239.211
196.084139 231.737
196.091144 232.282
196.094142 239.744
196.101148 236.053
196.104029 231.104
196.111143 232.192
196.114141 239.744
196.121147 234.753
196.124141 230.922
196.131137 237.293
196.134143 235.833
196.141147 234.557
196.144147 232.83
196.151144 235.427
196.154141 237.767
196.161144 236.176
196.164146 235.402
196.171147 238.816
196.174143 235.402
196.181146 232.822
196.184153 234.132
196.191140 238.569
196.194143 232.317
196.201149 236.487
196.205148 233.369
196.212149 240.156
196.216149 233.917
196.222067 235.767
196.225139 241.502
196.231147 233.139
196.234145 234.004
196.241145 239.389
196.246142 242.541
196.249143 237.373
196.256154 231.95
196.259150 234.288
196.266149 238.552
196.271120 237.152
196.274141 233.889
196.281152 238.707
196.284142 234.868
196.291146 234.864
196.294137 236.916
196.301145 236.916
196.304160 238.33
196.311140 236.504
196.314143 235.883
196.321149 239.94
196.324147 230.473
196.331144 229.493
196.334146 238.902
196.341148 238.86
196.344145 230.308
196.351146 235.296
196.354131 233.054
196.361146 236.188
196.364156 237.371
196.371144 237.257
196.374148 234.231
196.381149 236.188
196.384139 240.934
196.391124 238.964
196.394141 239.502
196.401152 234.762
196.404142 230.688
196.411156 234.009
196.414141 236.867
196.421019 234.779
196.423977 231.909
196.431107 237.413
196.434099 231.264
196.441127 231.789
196.444104 235.833
196.451098 235.533
196.456101 237.895
196.459163 230.209
196.466034 235.291
196.472149 236.053
196.476147 233.82
196.479141 233.825
196.486145 237.558
196.489144 232.83
196.496145 235.296
196.499139 237.899
196.506074 229.037
196.509146 232.011
196.516155 235.731
196.519138 236.188
196.526143 236.061
196.529091 232.744
196.536090 236.504
196.539151 235.108
196.549149 233.962
196.551143 240.834
196.557146 233.919
196.560063 230.369
196.567144 237.489
196.570148 236.707
196.577156 228.092
196.579084 232.278
196.586150 231.104
196.592151 230.835
196.595140 236.199
196.599147 235.028
196.606144 232.918
196.612150 229.523
196.614129 235.091
196.621017 235.402
196.624149 233.57
196.631148 232.725
196.634145 235.106
196.641153 234.576
196.644154 233.139
196.651146 236.833
196.654150 234.115
196.661146 233.838
196.664149 231.253
196.671146 234.934
196.674092 234.472
196.681149 235.091
196.684152 234.009
196.691043 238.816
196.694129 236.833
196.701146 234.218
196.704150 233.028
196.711151 235.911
196.714149 233.677
196.721145 228.554
196.727161 234.218
196.729144 238.82
196.736155 231.547
196.739144 233.472
196.746145 234.337
196.749153 234.864
196.756150 233.028
196.759143 235.648
196.766148 236.307
196.769146 233.365
196.776154 234.549
196.779143 241.872
196.786146 245.848
196.789069 235.189
196.796152 238.155
196.799140 231.311
196.806150 233.036
196.809089 242.178
196.816315 235.903
196.820152 233.797
196.827180 233.81
196.830145 236.078
196.837147 233.403
196.840150 233.962
196.847148 235.028
196.849150 237.567
196.856030 242.413
196.859146 239.502
196.866153 237.021
196.872148 236.966
196.875012 237.177
196.879107 238.732
196.886100 236.078
196.889100 236.478
196.896104 234.021
196.899095 233.326
196.906100 233.163
196.909101 235.837
196.916101 235.053
196.919091 233.859
196.926102 235.977
196.931110 238.071
196.935123 237.034
196.945103 237.474
196.949100 237.474
196.951096 235.688
196.961103 237.28
196.965101 236.301
196.966093 236.377
196.971101 234.753
196.974096 234.049
196.981094 236.047
196.984042 235.123
196.991101 237.099
196.994103 237.363
197.001039 234.132
197.004055 235.33
197.011278 234.6
197.014108 239.552
197.021104 239.031
197.024060 234.6
197.031108 234.664
197.034096 236.592
197.041107 235.648
197.044103 240.19
197.051110 237.674
197.054108 233.831
197.061104 233.703
197.064097 236.061
197.071103 239.094
197.074099 240.809
197.081108 238.099
197.084038 234.921
197.091097 233.748
197.094096 235.096
197.101108 235.308
197.104099 237.506
197.111104 233.703
197.114109 230.037
197.121100 233.157
197.124108 238.69
197.131102 232.192
197.134100 234.574
197.141105 236.39
197.147105 234.395
197.149101 236.106
197.156108 238.103
197.159094 238.099
197.166105 234.934
197.169104 236.487
197.176106 241.207
197.179094 235.198
197.186103 230.692
197.189071 238.743
197.196107 239.929
197.199076 233.206
197.206101 235.858
197.209040 229.68
197.216102 229.663
197.219097 233.369
197.226103 232.295
197.229091 236.478
197.236110 235.091
197.239094 232.282
197.246102 237.371
197.249103 237.371
197.256074 234.009
197.259199 235.296
197.266106 233.369
197.269103 228.414
197.276098 232.925
197.279106 235.943
197.286099 231.547
197.289108 236.941
197.296102 234.753
197.299093 234.549
197.306103 236.592
197.309099 234.329
197.316105 234.868
197.319095 234.218
197.326100 235.735
197.329106 236.182
197.336112 239.937
197.339093 233.91
197.346098 232.56
197.349100 234.549
197.356104 232.093
197.359099 234.549
197.366101 236.96
197.369102 234.983
197.376109 231.845
197.379033 236.707
197.386109 234.864
197.389103 237.493
197.396017 236.307
197.399091 232.381
197.406103 235.402
197.409097 237.371
197.416118 239.623
197.419096 235.189
197.426052 235.189
197.429068 237.363
197.436110 237.363
197.440105 235.402
197.447105 236.176
197.450103 232.097
197.457106 229.401
197.460107 239.929
197.468110 239.623
197.471098 237.021
197.476112 236.377
197.479090 233.382
197.486105 230.291
197.489109 234.218
197.496047 240.985
197.499123 232.742
197.506108 229.928
197.509106 233.604
197.516109 234.158
197.519091 234.395
197.526111 236.738
197.529105 239.829
197.536111 237.28
197.542106 232.357
197.544106 232.914
197.551120 237.914
197.554105 240.585
197.561111 236.182
197.564099 232.495
197.571105 234.849
197.574101 234.378
197.581107 230.404
197.587102 234.231
197.589045 237.632
197.596105 235.771
197.599096 233.677
197.606062 231.454
197.609107 235.145
197.616113 229.312
197.619101 234.231
197.626051 239.89
197.629271 239.89
197.636024 235.841
197.639041 232.65
197.646032 238.313
197.649037 236.592
197.656033 234.779
197.659023 237.506
197.666034 236.307
197.669031 231.199
197.676031 233.677
197.679028 235.516
197.686032 235.402
197.689032 237.489
197.696035 234.453
197.699027 232.493
197.706027 236.96
197.708979 237.91
197.716042 238.682
197.719027 237.624
197.726031 238.69
197.729033 235.296
197.736043 235.291
197.739026 238.021
197.746031 235.291
197.749035 235.189
197.756032 235.402
197.759033 239.086
197.766035 236.707
197.769025 235.943
197.776036 235.41
197.779025 235.41
197.786031 236.487
197.789033 235.841
197.796032 235.977
197.799025 234.574
197.806028 232.667
197.809034 237.055
197.816020 233.403
197.819029 230.939
197.826027 236.487
197.829035 235.956
197.836036 235.735
197.839026 235.735
197.846030 237.021
197.849009 235.002
197.856033 236.823
197.859026 238.011
197.866034 234.305
197.870044 234.934
197.877035 236.411
197.880028 234.779
197.887032 234.231
197.890010 236.307
197.896059 236.299
197.899027 234.453
197.906031 235.533
197.909031 233.583
197.916032 236.487
197.919026 237.135
197.926032 234.651
197.929033 238.69
197.936035 234.864
197.939032 235.402
197.946034 236.707
197.949036 235.943
197.956033 235.198
197.959032 234.549
197.966029 235.637
197.969059 235.002
197.976036 236.916
197.979030 234.369
197.986013 233.275
197.989031 233.275
197.996029 233.365
197.999028 233.365
198.006028 232.822
198.009036 234.549
198.015996 233.825
198.019028 232.65
198.026022 234.459
198.029027 232.65
198.036028 235.198
198.039022 233.919
198.046034 232.744
198.049029 235.198
198.055997 235.943
198.059027 235.189
198.066036 233.91
198.069040 235.735
198.076034 239.389
198.079031 234.455
198.086026 234.549
198.089034 235.833
198.096035 236.478
198.099027 233.919
198.106044 233.365
198.109034 236.588
198.116032 233.365
198.119026 232.727
198.126110 235.939
198.129108 235.402
198.136113 235.841
198.139108 236.061
198.146106 235.648
198.149110 234.881
198.156114 234.337
198.159100 235.521
198.168110 237.245
198.171105 238.682
198.176110 238.021
198.179100 234.864
198.186115 239.487
198.189110 237.624
198.196111 235.374
198.199099 238.958
198.206114 234.983
198.209102 234.214
198.216110 240.938
198.226073 236.823
198.230593 231.95
198.231176 231.95
198.244986 238.969
198.246033 237.777
198.247028 239.345
198.252045 242.178
198.255037 236.434
198.259035 237.506
198.266018 240.687
198.269031 242.547
198.276039 235.189
198.279029 234.369
198.286035 238.212
198.289039 237.462
198.296035 239.393
198.299033 237.786
198.306000 238.82
198.309045 240.977
198.316065 240.302
198.319028 243.068
198.326034 244.935
198.329034 240.279
198.336062 235.841
198.342055 242.66
198.347033 241.466
198.353032 237.899
198.355029 238.021
198.360036 232.381
198.366031 237.363
198.369038 234.868
198.376037 233.382
198.379028 234.849
198.386034 239.754
198.389030 239.117
198.396047 234.164
198.399031 238.466
198.406035 239.929
198.409061 238.002
198.416046 235.637
198.419032 236.916
198.426037 235.637
198.429024 233.748
198.436040 231.89
198.439021 234.955
198.446039 235.053
198.449030 233.701
198.455997 235.688
198.459028 238.254
198.466034 233.765
198.469037 236.755
198.476039 242.975
198.479029 235.408
198.486035 232.918
198.489037 238.458
198.498038 237.457
198.501033 233.039
198.506027 231.244
198.509038 230.757
198.516038 231.383
198.519030 231
198.526034 233.57
198.529033 232.295
198.538041 232.938
198.541038 231.642
198.546068 232.822
198.551034 236.373
198.554022 233.666
198.561015 231.201
198.564023 232.983
198.571037 233.043
198.574031 233.193
198.581111 232.727
198.587111 230.369
198.591111 230.465
198.594114 233.703
198.601112 232.407
198.607117 233.489
198.610103 234.651
198.614111 233.91
198.622121 232.487
198.625108 233.666
198.631994 232.495
198.635110 231.253
198.642053 236.182
198.645113 233.566
198.651110 232.192
198.654111 232.39
198.661112 235.648
198.664109 231.199
198.671108 232.938
198.674129 236.605
198.681125 236.053
198.684106 231.547
198.691117 233.91
198.697023 236.377
198.701173 235.198
198.707163 231.383
198.711120 233.275
198.714157 236.478
198.721159 232.727
198.724078 232.183
198.731160 236.053
198.734109 236.833
198.741161 233.472
198.744106 234.329
198.751160 237.363
198.754162 235.296
198.761159 233.283
198.764101 236.478
198.771154 236.275
198.776164 232.56
198.779153 232.487
198.786159 233.666
198.789156 234.84
198.796159 235.637
198.799152 235.189
198.806157 233.275
198.809160 235.291
198.816187 236.478
198.819080 235.833
198.826166 238.851
198.829164 237.558
198.836165 235.637
198.839155 236.916
198.846164 235.296
198.849162 235.943
198.856166 234.004
198.862160 237.24
198.866192 238.43
198.872029 237.899
198.875120 235.833
198.879120 237.668
198.886116 239.623
198.889055 239.502
198.896115 236.377
198.899107 237.668
198.908069 237.017
198.911108 234.651
198.916112 239.487
198.919102 236.299
198.926094 233.26
198.929112 240.687
198.936118 240.541
198.939105 236.053
198.946113 237.899
198.949110 238.969
198.956119 235.637
198.959105 237.457
198.966113 238.747
198.969066 233.748
198.976120 235.553
198.979060 237.558
198.986169 239.389
198.989165 238.851
198.996158 239.744
198.999152 239.086
199.006157 236.707
199.009164 239.215
199.016077 239.211
199.019156 237.777
199.026142 237.567
199.029168 234.395
199.036165 236.199
199.039154 237.474
199.046111 239.527
199.049153 235.663
199.058165 235.108
199.061163 236.275
199.066174 241.203
199.070157 241.74
199.077174 239.094
199.080058 237.127
199.091161 235.833
199.092105 233.189
199.097160 235.735
199.101159 238.212
199.107165 231.95
199.111174 233.748
199.117155 237.021
199.121163 235.308
199.127164 235.833
199.131103 235.291
199.137157 235.291
199.141138 238.317
199.147162 235.189
199.151159 238.002
199.154163 235.548
199.161159 236.097
199.170163 234.917
199.171166 239.389
199.176164 235.731
199.182159 233.275
199.186164 234.647
199.192171 235.939
199.196099 234.107
199.202164 232.282
199.206154 235.096
199.212162 234.459
199.216167 235.748
199.222167 235.011
199.226161 234.921
199.234092 234.549
199.237158 234.549
199.239155 232.921
199.246164 236.053
199.249161 233.57
199.256163 231.004
199.259096 232.822
199.266158 237.777
199.269160 235.939
199.276116 234.004
199.282168 233.91
199.285168 238.204
199.289175 234.647
199.296165 232.727
199.299156 234.004
199.306159 235.939
199.309045 234.549
199.316131 233.275
199.319107 235.833
199.326116 237.021
199.329054 232.097
199.336120 234.004
199.339107 235.291
199.346114 232.183
199.352113 234.651
199.354049 236.172
199.362121 232.489
199.365116 236.592
199.372113 237.24
199.375112 236.373
199.382119 235.637
199.385109 233.825
199.391115 233.193
199.394059 232.641
199.401082 235.833
199.404116 237.127
199.411115 235.296
199.414116 236.707
199.421122 235.521
199.424116 236.053
199.431060 239.752
199.434115 237.777
199.441118 235.091
199.444116 236.916
199.451115 237.558
199.454111 231.937
199.461116 232.019
199.464113 239.623
199.471112 235.296
199.474111 232.097
199.481120 232.83
199.484111 237.127
199.491071 235.731
199.495075 236.916
199.505121 237.017
199.508113 236.275
199.511116 236.186
199.521119 235.637
199.525119 239.502
199.526110 238.851
199.531119 233.275
199.534127 235.731
199.541122 237.668
199.544124 233.739
199.551114 234.472
199.554119 233.748
199.561118 231.937
199.564120 235.011
199.571120 237.474
199.574122 236.73
199.583121 238.642
199.586052 235.002
199.591121 235.091
199.594123 238.747
199.601115 240.162
199.604124 234.107
199.611068 233.825
199.614050 232.641
199.621122 235.833
199.624113 233.91
199.631113 234.459
199.634113 237.021
199.641127 235.011
199.644111 234.293
199.651116 238.851
199.654111 237.017
199.661211 233.91
199.664172 237.021
199.671165 240.938
199.674167 238.981
199.681165 235.841
199.684166 235.939
199.691163 236.829
199.694166 232.278
199.701163 234.214
199.704176 238.682
199.711162 234.214
199.714169 233.463
199.721167 236.588
199.724162 239.618
199.731162 236.373
199.734170 231.314
199.741170 236.924
199.744093 240.037
199.751176 235.296
199.754163 233.463
199.761170 234.864
199.764164 234.868
199.771175 235.841
199.774168 239.215
199.781164 238.439
199.784068 235.108
199.791168 235.189
199.794163 237.664
199.801151 234.455
199.804167 235.096
199.811161 236.186
199.814164 235.553
199.821165 237.91
199.824044 235.637
199.831132 237.558
199.834119 238.851
199.841093 237.558
199.844115 236.373
199.851122 235.731
199.854113 233.275
199.861122 235.735
199.864116 235.402
199.871350 235.291
199.874126 236.707
199.881120 236.592
199.884111 234.549
199.891119 235.096
199.894116 238.212
199.901123 234.369
199.904112 234.369
199.911117 240.809
199.914071 238.43
199.921124 238.33
199.924099 240.291
199.931118 236.715
199.934118 235.427
199.941122 236.715
199.944126 238.439
199.951122 237.668
199.954114 234.455
199.961052 233.825
199.964116 232.037
199.971121 234.395
199.974121 233.679
199.981069 238.759
199.984122 238.33
199.991125 235.308
199.994122 234.004
200.001121 238.151
200.004068 239.215
200.011117 235.943
200.014117 237.245
200.021125 235.402
200.024114 234.009
200.031053 235.833
200.034123 234.459
200.041133 237.365
200.044118 233.056
200.051124 231.223
200.054119 234.866
200.061123 237.314
200.064106 235.953
200.071125 237.28
200.074115 235.548
200.081122 237.664
200.084127 238.43
200.091122 236.053
200.094115 235.41
200.101123 237.493
200.104122 234.868
200.111122 235.402
200.114125 231.104
200.121113 228.963
200.124040 230.143
200.131127 240.693
200.134114 238.011
200.143130 234.849
200.146115 236.823
200.151121 237.664
200.154119 237.777
200.162121 238.439
200.165119 239.877
200.172125 234.762
200.175041 231.556
200.182078 234.753
200.185120 236.707
200.191120 233.369
200.194111 229.663
200.201043 232.744
200.204134 233.604
200.211122 231.017
200.217240 232.407
200.220113 236.732
200.224044 236.592
200.231122 237.127
200.234121 241.066
200.241127 238.317
200.244121 236.916
200.251123 235.091
200.254116 234.455
200.261120 232.56
200.264155 235.296
200.271120 235.402
200.274122 230.556
200.281121 234.218
200.284114 239.345
200.291122 235.296
200.294117 237.017
200.301134 237.899
200.304126 238.969
200.311120 237.668
200.314115 239.51
200.321122 236.924
200.324123 232.65
200.331115 233.91
200.334121 237.895
200.341122 238.021
200.344133 231.737
200.351122 230.552
200.354061 236.833
200.361064 238.682
200.364140 237.24
200.371129 236.592
200.374122 238.317
200.381126 235.841
200.384117 240.809
200.391120 240.162
200.397127 235.553
200.399113 236.275
200.406122 236.487
200.409117 236.478
200.416126 231.556
200.419114 233.463
200.426122 234.864
200.429114 236.172
200.436063 238.682
200.439066 237.899
200.446127 238.43
200.449122 239.389
200.456126 237.462
200.459118 237.373
200.466118 238.116
200.469121 237.373
200.476127 233.748
200.479113 233.919
200.486126 235.735
200.489122 234.549
200.496122 235.291
200.500127 236.053
200.507121 234.107
200.510123 237.245
200.517123 235.735
200.520051 235.096
200.526118 236.186
200.529118 235.011
200.536136 236.199
200.539118 236.835
200.546122 235.587
200.549116 231.89
200.556134 233.227
200.559113 233.919
200.566122 232.732
200.569119 234.868
200.576164 234.329
200.579128 235.402
200.586123 235.402
200.589123 240.934
200.596125 236.275
200.599143 236.916
200.606125 236.818
200.609123 234.557
200.616124 236.275
200.619122 231.937
200.626080 233.825
200.629126 233.275
200.636125 230.922
200.639063 236.592
200.646122 236.968
200.649073 236.96
200.656121 235.106
200.659114 234.448
200.666122 236.833
200.669119 234.218
200.676135 236.707
200.679113 233.365
200.686123 237.777
200.689120 236.061
200.696130 232.097
200.699115 235.291
200.706116 239.345
200.709128 234.214
200.716124 234.329
200.719118 235.64
200.726124 232.278
200.729062 235.939
200.736014 236.592
200.739070 238.43
200.746068 237.664
200.749118 237.127
200.756127 237.777
200.759115 234.753
200.766121 238.021
200.769119 233.677
200.776124 232.278
200.786123 236.707
200.790129 237.257
200.791115 233.919
200.802123 233.382
200.805113 235.735
200.806061 237.245
200.811118 237.899
200.814128 237.245
200.821130 234.557
200.824117 232.641
200.831123 235.189
200.834147 240.154
200.841137 235.841
200.844118 233.91
200.851061 232.83
200.854120 235.308
200.861137 235.198
200.865129 239.623
200.872061 241.731
200.875121 233.463
200.882152 234.004
200.885132 239.873
200.891120 236.377
200.894126 231.804
200.901127 237.28
200.904127 239.954
200.911127 233.765
200.914125 231.409
200.921126 235.308
200.924070 235.291
200.931073 233.369
200.934123 237.899
200.941134 239.345
200.944127 234.107
200.951122 234.004
200.954122 239.086
200.961129 238.969
200.964121 235.748
200.971126 233.765
200.974049 232.512
200.981126 231.817
200.984126 236.199
200.991045 238.747
200.994173 232.641
201.001177 235.189
201.004111 237.24
201.011172 237.24
201.014165 234.107
201.023191 238.43
201.026176 232.011
201.031166 234.369
201.034166 237.558
201.041171 237.135
201.044116 232.65
201.051176 232.11
201.054173 232.019
201.061176 231.314
201.064181 237.668
201.071170 239.211
201.074164 231.638
201.081173 234.107
201.084168 243.74
201.091118 237.668
201.097175 234.459
201.099110 238.964
201.106114 235.096
201.109175 230.757
201.116175 237.127
201.119166 234.868
201.126172 230.282
201.129170 231.547
201.136176 233.472
201.139241 235.41
201.146175 233.463
201.149172 233.686
201.156159 238.552
201.159165 237.127
201.166160 234.455
201.169171 233.91
201.176174 235.731
201.179174 231.383
201.186168 231.004
201.189176 235.291
201.196176 232.183
201.199166 234.753
201.206051 236.176
201.209169 235.402
201.216170 236.478
201.219165 235.41
201.226170 234.647
201.229091 237.017
201.236174 240.275
201.239167 236.478
201.246178 232.011
201.249186 237.127
201.256198 236.715
201.259169 229.737
201.266185 232.83
201.269170 236.188
201.276176 228.642
201.279114 234.214
201.286186 240.977
201.289176 233.793
201.296172 232.822
201.299176 237.24
201.306169 238.964
201.310169 232.487
201.317175 235.011
201.320152 233.748
201.327169 233.838
201.330169 230.939
201.337173 232.744
201.339167 234.009
201.346171 235.189
201.349185 234.651
201.356184 235.402
201.359164 232.925
201.366174 232.097
201.369165 234.459
201.376179 240.368
201.379168 235.476
201.386178 233.679
201.389175 235.663
201.396177 235.215
201.399118 233.283
201.406175 234.762
201.409177 233.57
201.416172 232.183
201.419059 232.727
201.426140 237.245
201.429127 235.833
201.436138 234.455
201.439120 237.017
201.446130 236.916
201.449134 236.823
201.456130 235.731
201.459120 232.641
201.466105 232.564
201.469081 235.833
201.476127 233.472
201.479126 229.194
201.486076 235.291
201.489124 236.172
201.496144 232.183
201.499122 234.009
201.506129 238.682
201.509127 238.556
201.516053 233.463
201.519131 234.647
201.526128 235.189
201.529127 233.919
201.536135 235.096
201.539117 235.646
201.546129 236.377
201.549129 233.57
201.556130 236.829
201.559112 237.371
201.566132 236.061
201.569067 237.899
201.576123 234.009
201.579037 237.24
201.586127 235.731
201.589134 234.459
201.596128 236.182
201.599119 239.389
201.606127 238.43
201.609122 236.592
201.616119 235.296
201.619121 231.004
201.626128 234.664
201.629124 240.834
201.636134 238.877
201.639123 238.759
201.646134 235.735
201.649074 238.204
201.657091 235.731
201.660138 235.833
201.667131 239.086
201.670132 238.682
201.677139 233.91
201.679123 234.651
201.686134 241.475
201.689131 237.127
201.696133 235.939
201.699122 236.592
201.706133 235.731
201.709137 239.502
201.716133 236.605
201.719283 233.3
201.726127 233.919
201.729135 237.245
201.736128 235.402
201.739121 237.127
201.746134 238.43
201.749126 235.296
201.756132 232.093
201.759122 238.43
201.766069 240.938
201.769069 234.459
201.776134 235.548
201.779121 240.693
201.786124 235.189
201.789133 235.731
201.796088 234.647
201.799070 239.086
201.806130 235.296
201.815128 234.557
201.816125 235.748
201.821062 233.936
201.827133 232.131
201.831131 232.667
201.837136 239.635
201.841062 235.198
201.847178 229.584
201.851173 236.478
201.857179 239.345
201.861178 232.183
201.867177 235.189
201.871177 239.502
201.877180 235.731
201.881178 232.097
201.887178 238.313
201.891170 236.592
201.897182 232.641
201.900181 232.487
201.907177 239.389
201.913181 237.017
201.916185 236.478
201.919170 235.402
201.926174 234.107
201.929145 233.365
201.936110 235.189
201.939175 234.549
201.946179 236.478
201.949181 232.83
201.956177 231.478
201.959149 235.198
201.966183 236.592
201.969172 234.868
201.976298 236.588
201.979171 235.64
201.986175 234.868
201.989184 234.864
201.996120 235.291
201.999175 236.478
202.006157 236.373
202.009089 233.275
202.016078 233.825
202.019184 237.668
202.026179 234.762
202.029175 229.737
202.036178 234.864
202.039172 238.682
202.046183 235.198
202.049176 235.735
202.056199 240.154
202.066180 234.009
202.070157 232.732
202.071171 235.189
202.082180 234.009
202.085170 232.641
202.086160 231.547
202.091177 237.245
202.097195 234.868
202.101122 231.199
202.107184 238.151
202.111179 236.829
202.117181 234.214
202.121177 235.402
202.127122 234.009
202.131179 235.296
202.138186 237.135
202.142184 237.668
202.148185 233.825
202.152184 235.833
202.158184 236.592
202.162181 238.69
202.167175 236.299
202.171187 233.917
202.177184 234.762
202.183179 238.439
202.186182 239.744
202.189173 232.019
202.196182 230.705
202.199172 237.567
202.206042 237.257
202.209055 231.478
202.216080 235.841
202.219122 237.24
202.226149 233.677
202.229132 238.569
202.236134 240.985
202.239123 239.487
202.246132 232.925
202.249131 236.478
202.256132 237.777
202.259252 234.369
202.266073 238.011
202.269137 237.293
202.276139 233.056
202.279126 234.378
202.286136 241.475
202.289129 235.291
202.296138 236.487
202.299127 242.407
202.306129 234.983
202.309184 236.487
202.316100 238.313
202.319180 235.189
202.326095 230.074
202.329185 234.934
202.336193 240.693
202.339120 232.564
202.346185 231.383
202.349183 234.651
202.356180 234.218
202.359184 235.291
202.366184 237.777
202.369186 234.762
202.376091 235.198
202.379155 236.377
202.386181 237.462
202.389183 236.835
202.396177 233.056
202.399161 230.636
202.406180 238.743
202.409182 240.934
202.416179 232.183
202.419174 231
202.426157 239.487
202.429120 234.983
202.436187 234.647
202.439172 238.851
202.446182 233.283
202.449195 233.12
202.456186 234.493
202.459175 235.011
202.466183 235.091
202.469185 239.744
202.476181 236.176
202.479198 232.493
202.486180 235.911
202.489183 231.311
202.496181 231.199
202.499185 234.983
202.506184 240.537
202.512051 234.549
202.514128 233.919
202.521130 237.786
202.524139 236.377
202.531138 235.091
202.534134 235.402
202.541133 235.296
202.544090 235.41
202.551137 237.624
202.554134 235.402
202.561133 235.402
202.566133 237.363
202.569130 234.549
202.576135 237.017
202.580134 239.744
202.586133 232.192
202.589131 231.017
202.596135 236.176
202.599126 234.753
202.606139 240.938
202.609136 240.938
202.616041 235.402
202.619174 232.641
202.626196 236.377
202.631179 240.279
202.634178 235.833
202.641184 236.478
202.644347 236.588
202.651181 231.547
202.654185 235.939
202.661180 237.493
202.664084 233.036
202.671186 233.472
202.674179 235.841
202.681078 236.924
202.685180 237.462
202.692185 238.212
202.695185 237.664
202.702185 237.127
202.705186 234.107
202.712194 237.363
202.714126 237.24
202.721181 233.463
202.724127 232.192
202.731193 234.557
202.734180 237.558
202.741192 236.916
202.744189 234.369
202.751177 235.002
202.754181 234.459
202.761126 236.916
202.764185 238.204
202.771186 236.275
202.774184 232.65
202.781124 236.275
202.784179 234.459
202.791179 236.275
202.794119 232.564
202.801180 230.757
202.804125 235.296
202.811191 236.707
202.814183 232.097
202.821184 232.732
202.824069 238.212
202.831185 233.825
202.834181 234.459
202.841051 236.916
202.844150 235.637
202.851133 236.373
202.854131 236.478
202.861145 233.275
202.864136 233.193
202.871094 230.831
202.874132 234.549
202.881142 238.43
202.884133 233.57
202.891139 231.547
202.894140 237.245
202.901135 239.086
202.904144 234.004
202.911076 237.127
202.914139 234.004
202.921139 232.727
202.924444 234.868
202.931081 233.57
202.934125 229.107
202.941029 235.402
202.944022 234.585
202.951142 231.199
202.954135 233.268
202.961186 234.983
202.964146 232.381
202.971132 233.463
202.974135 237.127
202.981142 235.841
202.984134 233.91
202.991071 235.091
202.994133 239.211
203.001134 238.021
203.004085 233.036
203.011138 237.388
203.014138 238.833
203.021148 237.371
203.024140 233.566
203.031305 235.64
203.034138 236.707
203.041141 235.189
203.044084 238.552
203.051140 238.552
203.054140 232.093
203.061136 233.275
203.067141 234.664
203.072140 234.557
203.078112 235.296
203.081093 240.404
203.087185 236.833
203.091172 237.767
203.097199 235.374
203.101191 235.771
203.107189 236.833
203.111194 235.291
203.117185 236.478
203.121185 233.919
203.129177 234.472
203.132126 235.108
203.139189 235.096
203.142183 239.752
203.144097 240.404
203.151192 234.651
203.155185 238.313
203.162199 243.596
203.165187 238.313
203.172188 235.731
203.175120 238.851
203.181124 234.549
203.184181 235.091
203.191189 236.478
203.194189 232.925
203.201176 233.57
203.207488 238.021
203.209295 237.899
203.216191 237.668
203.219181 235.108
203.226135 235.553
203.229183 237.373
203.236198 238.103
203.239170 234.921
203.246170 234.921
203.249172 235.735
203.256188 234.459
203.259121 232.097
203.266187 236.377
203.269189 235.943
203.276134 233.365
203.279164 233.463
203.286192 238.43
203.289181 235.189
203.296186 237.558
203.299158 236.377
203.308187 232.564
203.311181 237.462
203.316315 240.042
203.319178 233.825
203.326080 231.937
203.329188 234.651
203.336188 232.822
203.346192 232.822
203.350195 235.516
203.351183 236.172
203.362195 232.732
203.365182 233.463
203.366182 237.489
203.371184 235.291
203.374182 231.465
203.381189 234.664
203.384184 233.112
203.391182 228.897
203.394191 236.275
203.400191 234.549
203.404192 232.097
203.411192 237.584
203.414102 235.841
203.421186 233.283
203.424199 235.028
203.431182 234.651
203.437184 237.034
203.441200 235.096
203.444184 234.549
203.451193 233.91
203.454056 235.096
203.460152 233.739
203.464142 232.564
203.470147 238.317
203.474143 234.753
203.481149 233.677
203.484143 234.049
203.492144 234.453
203.495133 229.915
203.502142 235.402
203.505147 234.762
203.512144 232.093
203.514113 239.086
203.520146 238.155
203.524143 232.822
203.531139 232.192
203.537139 238.569
203.539131 235.308
203.545143 232.65
203.549146 237.668
203.556143 233.275
203.561138 233.91
203.564144 238.313
203.571141 238.964
203.574141 232.727
203.581133 235.189
203.584098 234.864
203.591136 233.677
203.594140 233.463
203.601146 235.402
203.604133 238.43
203.610147 235.833
203.614133 235.096
203.620140 241.075
203.624146 235.198
203.631092 232.097
203.634133 235.296
203.640152 239.873
203.644140 232.732
203.650110 235.943
203.654141 238.964
203.660145 231.383
203.664079 234.369
203.673141 238.969
203.676082 237.017
203.680154 234.369
203.684142 236.916
203.693147 234.459
203.696137 232.011
203.700141 237.127
203.704140 236.707
203.710146 234.753
203.714136 235.189
203.721139 237.899
203.724141 233.91
203.731141 232.097
203.734053 237.245
203.740101 236.487
203.744096 232.65
203.750142 234.557
203.754145 233.919
203.763180 238.204
203.766145 235.833
203.771140 235.189
203.774143 237.017
203.780085 233.369
203.784143 231.655
203.790144 235.296
203.794138 232.097
203.800150 235.189
203.804143 239.086
203.810142 237.899
203.814136 233.463
203.820344 235.402
203.824151 234.647
203.830141 235.189
203.834140 233.82
203.840143 237.664
203.844143 236.373
203.850149 233.739
203.855145 238.313
203.862146 236.478
203.865181 232.183
203.872139 239.086
203.875136 237.363
203.880192 231.547
203.884148 238.021
203.891141 234.753
203.894088 232.822
203.900142 237.777
203.907140 235.291
203.910145 235.402
203.914153 238.682
203.920145 234.337
203.924145 234.107
203.930144 233.686
203.934138 235.648
203.940151 237.895
203.947140 235.291
203.950144 238.021
203.957145 234.753
203.960149 233.144
203.964083 238.437
203.970145 236.053
203.974097 232.183
203.980144 237.245
203.984144 236.061
203.990145 231.017
203.994146 232.938
204.000148 233.054
204.004079 236.846
204.010143 237.127
204.014071 232.938
204.020144 236.478
204.024096 234.549
204.030058 239.094
204.034197 240.412
204.040192 233.369
204.044188 236.941
204.050198 237.584
204.054069 236.284
204.060148 236.186
204.064136 237.558
204.070142 234.549
204.074099 232.822
204.080085 235.833
204.084144 237.245
204.090143 235.943
204.094156 231.573
204.100153 234.685
204.104058 233.403
204.110144 231.599
204.114185 237.152
204.120147 235.308
204.124143 235.198
204.130165 233.57
204.134141 234.453
204.140144 237.238
204.144143 233.797
204.150142 235.41
204.154143 235.189
204.160140 232.019
204.164147 234.921
204.170143 238.562
204.174147 234.849
204.180148 231.804
204.187143 236.39
204.190139 237.021
204.194137 231.547
204.200145 232.925
204.204142 235.648
204.210083 232.925
204.214137 234.009
204.220148 234.651
204.224151 232.192
204.230146 235.189
204.234142 238.029
204.242154 236.588
204.245151 230.282
204.252152 234.004
204.255138 234.549
204.262093 234.369
204.265154 238.204
204.270146 239.502
204.274146 234.549
204.280149 234.549
204.284147 237.895
204.290158 236.707
204.294149 233.463
204.300148 236.833
204.304149 235.106
204.310147 233.677
204.314147 233.463
204.320148 238.43
204.324147 235.296
204.330147 231.465
204.334143 234.107
204.340151 237.777
204.344148 236.053
204.350146 234.868
204.354149 237.899
204.360151 240.412
204.364148 236.061
204.370147 234.009
204.374147 235.402
204.380148 235.291
204.384082 233.57
204.390092 234.762
204.397195 234.218
204.399189 236.053
204.405192 239.345
204.409197 238.298
204.415198 235.521
204.419195 233.57
204.425191 236.592
204.429205 236.478
204.435190 236.478
204.439194 237.021
204.445138 233.193
204.449196 233.825
204.455193 236.275
204.459187 237.462
204.465217 239.51
204.469196 235.198
204.475188 230.922
204.479079 236.592
204.485156 239.873
204.489146 235.833
204.495137 234.459
204.499147 233.936
204.505156 232.766
204.509145 232.693
204.515145 234.493
204.519140 237.584
204.525144 235.748
204.529144 232.11
204.535138 236.478
204.539138 239.873
204.545140 237.371
204.549152 235.521
204.555141 237.245
204.559146 236.377
204.565075 236.916
204.569138 233.825
204.575151 235.646
204.579143 235.748
204.585145 231.478
204.589088 231.573
204.595067 234.651
204.599075 235.521
204.607151 236.053
204.610084 235.402
204.617142 239.353
204.626153 237.245
204.630147 233.91
204.631134 236.916
204.642098 235.189
204.645198 234.218
204.646130 236.829
204.652197 233.028
204.655190 236.588
204.660196 234.107
204.664197 232.822
204.670199 237.127
204.674197 237.664
204.680098 236.478
204.684197 235.833
204.690193 240.404
204.694192 236.588
204.700197 232.822
204.704208 237.363
204.710208 238.29
204.714199 232.925
204.720199 229.737
204.724196 234.762
204.730193 230.922
204.734198 235.296
204.740207 238.155
204.744195 234.214
204.750150 236.434
204.754192 236.96
204.760199 234.214
204.764162 237.24
204.770194 233.193
204.774189 233.739
204.780198 237.567
204.784197 237.68
204.790197 232.209
204.794196 232.83
204.800192 233.566
204.804114 241.502
204.810195 237.767
204.814194 235.648
204.820196 237.371
204.824198 237.363
204.830194 234.009
204.834141 235.108
204.840198 236.411
204.844197 233.838
204.853145 233.838
204.856200 239.752
204.860199 236.833
204.864197 231.004
204.870194 234.881
204.874192 241.398
204.880202 239.136
204.884196 237.152
204.890197 237.021
204.894196 232.011
204.900206 234.455
204.904205 240.576
204.910199 237.474
204.914191 235.646
204.920205 233.739
204.924198 235.091
204.930198 239.211
204.934196 236.299
204.940203 232.381
204.944196 234.868
204.950139 234.329
204.954199 235.296
204.960200 235.977
204.964198 238.481
204.970139 232.162
204.974198 231.435
204.980198 235.748
204.984199 241.466
204.990192 235.189
204.994175 231.547
205.000187 234.762
205.004044 238.833
205.010160 236.061
205.014090 234.009
205.020093 240.693
205.024148 239.502
205.030157 236.275
205.034152 234.459
205.040151 234.115
205.044156 231.547
205.050152 230.204
205.054153 237.777
205.060156 237.363
205.064078 231.004
205.070153 232.295
205.074152 239.37
205.080153 234.021
205.084163 230.222
205.090152 236.487
205.094148 237.899
205.100152 232.727
205.104084 232.093
205.110142 239.086
205.114151 235.841
205.120153 232.11
205.124093 237.68
205.130153 237.899
205.134152 234.004
205.140158 231.383
205.144152 233.825
205.150152 235.735
205.154148 236.487
205.160157 232.65
205.164152 233.91
205.170152 237.777
205.174147 234.115
205.180162 234.004
205.184093 236.829
205.190153 234.329
205.194152 232.381
205.200158 234.214
205.204085 236.299
205.210151 233.144
205.214157 233.566
205.220151 236.053
205.224152 237.245
205.230152 237.021
205.234115 234.459
205.240150 236.199
205.244107 236.377
205.250152 235.646
205.254156 234.459
205.260150 238.86
205.264155 235.189
205.270147 233.463
205.274147 236.707
205.280156 236.833
205.284146 233.139
205.290151 234.107
205.294151 235.291
205.300078 237.24
205.304205 232.83
205.310200 235.41
205.314193 236.061
205.320204 235.427
205.324206 233.369
205.330183 237.245
205.334219 237.649
205.340217 231.961
205.344211 233.144
205.350196 237.489
205.354204 234.214
205.360201 235.943
205.364209 236.588
205.370200 236.275
205.374200 233.82
205.380196 233.662
205.384209 235.637
205.390195 238.313
205.394203 235.291
205.400198 235.291
205.404198 235.296
205.410198 234.864
205.417200 237.489
205.420202 235.291
205.424201 235.189
205.430206 237.664
205.434196 235.943
205.440200 234.557
205.444208 234.557
205.450149 233.489
205.454198 231.556
205.460207 231.655
205.464205 235.784
205.470197 236.176
205.474201 234.009
205.480206 234.549
205.484201 236.377
205.490201 235.096
205.494202 237.457
205.500201 233.825
205.504183 233.662
205.510218 233.666
205.514201 235.096
205.522202 238.969
205.525193 235.291
205.532196 233.365
205.535155 234.549
205.542205 232.732
205.545191 235.735
205.550132 235.735
205.554191 232.097
205.560199 232.097
205.564198 235.956
205.570199 234.779
205.574202 232.667
205.580202 231.95
205.584201 234.557
205.590202 233.036
205.594200 235.247
205.600202 232.073
205.604242 233.793
205.610212 234.708
205.614200 236.042
205.620204 237.386
205.624210 234.329
205.630199 234.214
205.634195 235.291
205.640203 235.943
205.644214 237.135
205.650241 232.192
205.654197 232.641
205.660198 234.864
205.664200 236.707
205.670202 234.218
205.674205 233.583
205.680201 236.626
205.684205 238.046
205.690200 239.89
205.694195 238.556
205.700205 235.296
205.704203 231.095
205.710204 236.172
205.714194 236.299
205.720198 235.64
205.724202 234.753
205.730202 232.822
205.734205 234.868
205.740197 237.493
205.744189 240.01
205.750200 235.939
205.754199 232.295
205.760148 232.667
205.764203 236.199
205.770198 239.293
205.774213 238.116
205.780203 234.378
205.784145 235.002
205.790197 233.365
205.794198 235.296
205.800201 234.115
205.804205 236.061
205.810200 235.296
205.814197 236.478
205.820216 234.549
205.824203 236.916
205.830205 240.154
205.834207 241.342
205.840202 235.735
205.844201 235.731
205.850104 238.204
205.854198 235.735
205.860201 235.565
205.864185 234.549
205.870201 234.549
205.874203 234.762
205.881200 237.245
205.885141 240.156
205.892210 237.363
205.895194 233.036
205.904210 233.26
205.908204 232.202
205.912127 234.453
205.921207 236.447
205.925069 233.079
205.926198 235.427
205.932144 234.664
205.935213 234.868
205.940204 241.497
205.944202 236.569
205.950204 232.493
205.954209 237.371
205.960210 232.732
205.964205 236.478
205.970200 241.466
205.974200 235.731
205.980211 235.637
205.984205 235.096
205.990206 236.097
205.994207 234.84
206.000203 236.73
206.004144 233.189
206.010202 232.093
206.014201 235.516
206.020217 238.151
206.024205 235.402
206.030205 234.004
206.037202 234.651
206.040204 234.557
206.044204 235.215
206.050208 237.177
206.054202 233.326
206.060197 232.598
206.064206 235.748
206.070213 237.371
206.074149 234.329
206.080170 233.028
206.084206 240.302
206.090201 236.43
206.094154 235.291
206.100206 237.127
206.104204 237.786
206.110204 234.369
206.114198 234.557
206.120140 236.487
206.124207 231.465
206.130199 232.641
206.134197 237.245
206.140144 236.715
206.144204 234.132
206.150206 235.956
206.154200 239.635
206.160206 233.283
206.164146 235.841
206.170118 236.707
206.174202 233.463
206.180203 233.566
206.184216 235.648
206.190201 232.282
206.194198 231.763
206.200148 234.021
206.204204 233.382
206.210200 232.65
206.214196 234.557
206.220214 239.635
206.224202 235.198
206.230223 232.011
206.234200 238.313
206.242205 239.211
206.245195 237.24
206.252205 234.107
206.255199 234.549
206.262151 234.004
206.264202 230.209
206.270181 231.864
206.274197 236.924
206.280205 237.021
206.284204 230.135
206.290209 235.731
206.294199 240.01
206.300081 236.061
206.304221 235.858
206.310205 237.786
206.314215 234.651
206.320209 233.193
206.324208 234.549
206.330218 236.377
206.334203 233.825
206.340203 232.65
206.344207 234.651
206.350202 235.402
206.354215 236.707
206.360208 234.218
206.364206 234.218
206.370267 238.682
206.374190 235.939
206.380126 232.641
206.384204 237.567
206.390206 235.028
206.394209 231.972
206.400149 235.215
206.404111 232.83
206.410203 231.004
206.414206 234.329
206.420202 234.868
206.424216 234.218
206.430207 237.245
206.434199 235.189
206.440212 234.549
206.444144 238.099
206.450145 235.637
206.454209 235.553
206.460209 233.748
206.464208 232.65
206.470204 232.732
206.474147 232.093
206.480206 230.913
206.484210 236.478
206.490205 236.707
206.494215 233.677
206.500201 236.053
206.504148 234.753
206.510209 233.365
206.514125 234.009
206.520146 235.198
206.524208 234.549
206.530207 233.275
206.534205 237.127
206.540221 235.833
206.544206 232.183
206.550159 234.004
206.554197 235.64
206.560216 233.26
206.564165 233.917
206.570210 234.329
206.574208 236.968
206.580133 237.363
206.584147 236.478
206.590145 236.707
206.594202 236.307
206.600206 232.493
206.605202 234.329
206.612215 234.218
206.615062 235.516
206.622210 235.516
206.625205 236.96
206.630209 238.682
206.634207 233.463
206.640210 231.314
206.644208 242.262
206.650209 240.95
206.654209 234.107
206.660207 236.172
206.664210 232.921
206.670210 235.402
206.674209 237.493
206.680210 236.188
206.687247 231.763
206.690215 234.252
206.697201 235.956
206.700209 236.061
206.704209 236.846
206.710209 238.82
206.714210 236.96
206.720209 234.753
206.724210 240.01
206.730204 239.086
206.734204 238.313
206.740208 237.021
206.744212 236.377
206.750204 235.735
206.754216 233.193
206.760213 235.637
206.764211 237.017
206.770149 237.127
206.774205 238.556
206.780206 236.96
206.784217 236.707
206.790206 234.753
206.794210 240.541
206.800173 237.135
206.804210 230.87
206.810205 235.663
206.814208 237.278
206.820149 237.786
206.824156 235.296
206.830213 235.402
206.834210 238.556
206.840205 237.245
206.844211 239.744
206.850156 238.969
206.855219 232.641
206.862211 237.365
206.865201 236.186
206.872153 235.646
206.875149 235.028
206.882210 233.679
206.884204 235.011
206.890204 238.851
206.894202 232.921
206.900209 237.257
206.904211 238.029
206.910212 236.053
206.914203 232.727
206.920211 235.002
206.924211 233.825
206.930211 235.748
206.934209 235.24
206.940218 232.162
206.944214 233.403
206.950206 236.377
206.954208 232.732
206.960210 234.107
206.964208 237.24
206.971205 232.282
206.975208 234.574
206.979212 235.943
206.985208 237.021
206.989144 235.091
206.995220 235.096
206.999205 232.564
207.005205 232.487
207.009204 232.744
207.015199 234.004
207.019199 233.463
207.025207 235.521
207.029199 237.371
207.036223 233.677
207.041209 236.172
207.045207 233.566
207.049210 235.939
207.055146 238.964
207.059221 235.189
207.065218 231.383
207.069211 232.093
207.075203 231.547
207.079206 231.547
207.085206 235.64
207.089219 235.64
207.095205 233.028
207.099155 236.176
207.105209 238.682
207.109207 238.556
207.115209 238.33
207.119212 235.296
207.125220 233.463
207.129153 233.463
207.135209 235.402
207.139234 236.833
207.145213 234.868
207.149198 233.144
207.155187 235.784
207.159208 235.111
207.165212 234.864
207.169211 235.943
207.176214 237.363
207.186213 236.176
207.190205 233.91
207.191203 235.833
207.202207 238.851
207.205204 235.833
207.206145 234.009
207.210216 237.017
207.217168 235.296
207.220211 236.172
207.224213 232.493
207.230219 233.686
207.234210 233.686
207.240210 233.369
207.244217 234.549
207.250211 240.154
207.254170 237.034
207.260217 233.137
207.264208 234.934
207.270205 234.395
207.274206 235.663
207.280206 233.919
207.284210 234.115
207.291205 234.991
207.295205 235.771
207.302205 233.793
207.305212 238.556
207.312210 239.744
207.315203 234.647
207.320211 232.564
207.324211 236.39
207.330211 236.738
207.334215 234.849
207.340149 237.474
207.344218 236.39
207.350208 232.097
207.354213 236.053
207.360211 237.363
207.364214 234.329
207.370210 233.566
207.374204 231.737
207.380213 235.291
207.384212 234.009
207.390312 234.459
207.394210 235.198
207.400211 234.557
207.404210 230.291
207.413183 234.115
207.416135 237.899
207.420215 233.472
207.424214 234.647
207.433217 235.731
207.436218 236.377
207.440224 237.127
207.444212 235.091
207.450206 233.193
207.454208 237.462
207.460213 238.204
207.464216 235.189
207.470211 238.313
207.474208 233.365
207.480170 232.732
207.484212 235.402
207.490198 240.01
207.494215 234.004
207.500223 229.028
207.504153 235.096
207.510211 234.021
207.514209 232.848
207.520148 233.489
207.524221 232.65
207.530212 233.369
207.534216 234.218
207.540211 235.648
207.544214 234.218
207.550219 231.638
207.554207 233.677
207.560153 234.214
207.564212 235.402
207.570208 234.868
207.574146 232.282
207.580213 234.009
207.584211 239.094
207.590211 235.841
207.594209 234.557
207.600214 233.91
207.604214 234.881
207.610214 235.521
207.614212 231.746
207.620209 234.864
207.624138 236.176
207.633210 235.41
207.636213 236.707
207.640079 233.677
207.644216 231.095
207.650211 229.107
207.654224 235.096
207.660211 235.215
207.664215 233.382
207.670208 227.952
207.674215 233.036
207.680217 234.329
207.684212 233.566
207.690208 237.245
207.694204 237.895
207.700212 233.91
207.704216 233.82
207.710216 235.637
207.714207 237.558
207.720215 233.739
207.724190 233.91
207.730215 238.964
207.734209 232.925
207.740225 231.004
207.744157 233.57
207.750212 232.938
207.754212 232.192
207.760212 235.956
207.764215 237.413
207.770211 233.936
207.774207 233.12
207.780119 233.283
207.784216 239.086
207.790208 235.516
207.794224 229.578
207.800214 235.238
207.804212 238.738
207.810218 233.677
207.814212 232.278
207.820212 237.127
207.824211 233.369
207.830058 231.937
207.834212 232.037
207.840165 235.565
207.847213 234.305
207.850207 236.73
207.854209 236.186
207.860163 238.317
207.864214 236.487
207.870214 233.283
207.874174 232.183
207.880216 237.786
207.884214 232.183
207.890210 230.831
207.894213 235.41
207.900194 234.132
207.904217 227.352
207.910213 233.326
207.914211 234.6
207.920217 232.693
207.924212 232.959
207.930211 234.779
207.934210 230.154
207.940216 236.968
207.944215 233.144
207.950210 234.753
207.954211 238.556
207.960215 234.557
207.964218 231.547
207.970214 235.402
207.974204 236.707
207.980218 234.107
207.984210 233.463
207.990216 236.053
207.994206 234.868
208.000215 234.329
208.004151 238.021
208.010213 237.895
208.014213 234.107
208.020218 236.592
208.024263 235.41
208.030218 234.868
208.034216 233.157
208.040216 230.569
208.044226 234.218
208.050211 233.797
208.054209 233.566
208.060216 232.278
208.064215 232.925
208.070214 237.895
208.074210 240.275
208.080213 237.777
208.084217 231.465
208.090212 235.296
208.094209 237.777
208.100229 234.549
208.104217 236.478
208.110302 234.779
208.114206 229.055
208.120216 232.037
208.124214 234.282
208.130210 233.403
208.137211 233.489
208.140132 236.188
208.144156 234.881
208.150222 234.651
208.154217 234.881
208.160215 239.215
208.164194 237.245
208.170219 236.487
208.174209 234.762
208.180157 235.943
208.184217 234.107
208.190213 235.402
208.194227 237.245
208.201217 234.762
208.205207 236.833
208.212213 238.82
208.215208 234.214
208.222217 235.291
208.225215 237.371
208.230159 238.43
208.234212 233.489
208.240223 234.252
208.244083 233.604
208.250169 232.83
208.254164 234.868
208.260175 237.624
208.264170 237.095
208.270168 235.64
208.274120 235.106
208.280168 234.983
208.284184 236.829
208.290170 239.215
208.294168 239.094
208.300169 238.021
208.304161 236.588
208.310171 235.521
208.314158 238.682
208.320167 237.245
208.324122 234.472
208.330165 233.227
208.334173 232.512
208.340120 234.6
208.344226 237.034
208.350228 235.427
208.354215 234.762
208.360217 235.402
208.364219 236.707
208.370225 238.569
208.374213 238.69
208.380220 237.899
208.384218 235.291
208.390218 235.548
208.394210 236.097
208.400228 237.365
208.404218 236.73
208.410218 233.838
208.414217 234.664
208.423211 232.192
208.426213 235.296
208.430221 238.439
208.437217 235.198
208.439212 234.378
208.445213 234.472
208.449212 237.567
208.456113 236.924
208.466221 234.472
208.470225 234.664
208.471209 232.925
208.482226 231.737
208.485219 235.771
208.486212 238.967
208.490212 233.028
208.494139 230.365
208.500222 235.939
208.504221 238.964
208.510224 233.275
208.514222 233.82
208.520217 237.017
208.524223 235.833
208.530162 235.189
208.534142 238.552
208.540234 238.816
208.544221 233.677
208.550222 231.737
208.554218 236.434
208.560203 235.911
208.564171 230.02
208.570223 233.703
208.577226 235.308
208.580218 232.019
208.585222 233.193
208.591213 235.308
208.595221 232.295
208.601218 231.547
208.605222 232.822
208.610220 236.053
208.614217 234.864
208.620218 236.707
208.624221 234.214
208.630215 235.291
208.634224 233.365
208.640220 236.478
208.644218 238.317
208.650168 233.193
208.654213 228.357
208.660215 234.472
208.664229 234.021
208.670218 234.132
208.674216 236.377
208.680144 232.766
208.684222 236.377
208.690216 234.231
208.694232 236.176
208.700217 236.833
208.704232 233.686
208.710220 229.29
208.714212 231.858
208.720113 234.991
208.724219 236.707
208.730215 235.291
208.737221 232.282
208.740215 235.402
208.744161 236.833
208.750218 234.864
208.754216 236.172
208.760218 236.707
208.764220 236.487
208.770217 237.245
208.774212 238.682
208.780221 236.478
208.784219 235.833
208.790219 237.786
208.794217 231.655
208.800221 231.478
208.804221 233.283
208.810220 234.115
208.814223 235.41
208.820220 234.218
208.824222 236.176
208.830218 237.24
208.834222 237.777
208.840218 237.664
208.844205 232.641
208.850222 232.641
208.854214 236.605
208.860220 236.504
208.864222 232.598
208.870217 230.187
208.874091 231.499
208.880174 236.487
208.884172 238.556
208.890176 237.493
208.897179 234.218
208.899165 233.463
208.905174 236.478
208.909170 235.841
208.915170 232.766
208.919172 232.693
208.925174 234.073
208.929174 237.828
208.935170 235.215
208.939171 235.427
208.945178 235.402
208.949174 234.983
208.955121 235.771
208.959173 234.585
208.965170 234.453
208.969158 235.402
208.975173 236.592
208.979115 235.096
208.985189 235.011
208.989171 236.39
208.995171 235.841
208.999175 235.308
209.005174 234.868
209.009170 234.329
209.015168 234.045
209.019170 236.569
209.025176 236.188
209.029135 237.363
209.036228 236.592
209.040226 233.825
209.044220 235.011
209.050219 231.435
209.054214 233.227
209.060224 235.646
209.064222 235.198
209.070222 232.938
209.074172 231.642
209.081221 233.566
209.086217 234.991
209.090224 234.107
209.096190 235.189
209.100223 235.748
209.105217 235.011
209.112219 233.748
209.115213 234.459
209.119220 232.65
209.125155 233.919
209.129226 233.193
209.135212 232.209
209.139224 236.061
209.145224 235.533
209.149219 238.682
209.155219 234.991
209.159162 233.036
209.165221 237.371
209.169213 237.245
209.175217 234.651
209.179213 235.841
209.185220 232.11
209.189216 230.835
209.195223 236.588
209.199215 237.099
209.205219 231.953
209.209222 233.797
209.215142 237.247
209.219178 235.123
209.225224 233.036
209.229227 242.029
209.235223 238.682
209.239218 232.641
209.245216 234.917
209.249221 235.011
209.255222 233.936
209.259171 231.499
209.265159 227.89
209.269215 232.39
209.275224 237.247
209.282226 236.059
209.285213 235.911
209.289217 235.247
209.295258 232.605
209.299217 236.299
209.305223 240.541
209.309222 242.002
209.315219 233.602
209.319218 232.435
209.325222 237.474
209.329231 234.779
209.335217 234.762
209.339220 233.268
209.345225 234.725
209.349224 236.569
209.355225 236.569
209.359225 239.629
209.365219 235.402
209.369223 240.154
209.375222 241.114
209.379225 232.983
209.385219 233.077
209.389384 235.493
209.395228 235.028
209.399221 234.021
209.405201 231.121
209.409216 231.642
209.415223 239.499
209.420221 239.121
209.426217 237.112
209.430223 237.247
209.436230 236.299
209.440162 239.623
209.446230 239.284
209.449231 238.562
209.455200 233.791
209.459219 233.197
209.465228 233.889
209.469221 233.36
209.475219 235.584
209.479214 235.928
209.485227 235.903
209.489224 238.583
209.495225 239.779
209.499214 236.307
209.505638 236.377
209.509229 236.284
209.515224 236.021
209.519226 236.021
209.525221 235.476
209.529328 233.825
209.535226 235.833
209.539225 238.439
209.545238 234.337
209.549218 234.337
209.555222 238.168
209.559219 236.833
209.565224 236.172
209.569216 237.786
209.575166 236.835
209.579220 234.866
209.585230 237.415
209.589226 235.087
209.595220 231.53
209.599220 237.152
209.605222 236.468
209.609220 230.89
209.615231 234.182
209.619226 236.865
209.625233 234.327
209.629218 232.073
209.635218 232.506
209.639222 238.707
209.648231 237.828
209.651225 233.889
209.655226 233.889
209.659225 235.13
209.665153 234.472
209.669218 233.283
209.675226 235.833
209.679224 234.004
209.686222 231.465
209.690200 236.487
209.696229 239.086
209.700229 235.553
209.706225 232.863
209.710216 235.259
209.715233 229.883
209.719222 231.054
209.725227 235.395
209.729226 233.043
209.736224 230.692
209.746222 232.564
209.750225 234.009
209.751218 234.231
209.763222 232.925
209.766220 232.39
209.767217 235.41
209.772225 234.231
209.775215 231.573
209.779222 232.209
209.785224 237.034
209.789222 234.574
209.795223 230.783
209.799225 231.95
209.805224 235.735
209.809233 234.549
209.815230 231.547
209.819226 231.638
209.825123 233.566
209.829222 232.097
209.835176 233.283
209.839238 233.283
209.845227 232.641
209.849321 233.679
209.855219 230.209
209.859221 232.282
209.865226 234.337
209.869228 234.453
209.875228 232.605
209.879221 231.311
209.885229 229.604
209.889227 230.781
209.895228 235.533
209.899221 236.078
209.905223 233.3
209.909227 230.161
209.915215 231.53
209.919221 235.308
209.925173 231.465
209.929223 232.183
209.935242 235.516
209.939228 231.737
209.945223 231.642
209.949169 237.245
209.955219 239.211
209.959221 231.461
209.965230 232.011
209.969221 237.777
209.975223 233.825
209.979224 231.478
209.985229 235.198
209.989227 232.192
209.995220 235.291
209.999229 235.402
210.005222 236.829
210.009231 239.877
210.015219 232.489
210.019220 233.26
210.025223 236.829
210.029227 238.29
210.035226 237.112
210.039224 232.527
210.045225 230.335
210.049228 235.663
210.055229 236.941
210.059221 234.395
210.065177 235.646
210.069227 236.053
210.075228 237.493
210.080227 237.247
210.086206 238.078
210.090223 237.706
210.096229 236.047
210.100228 236.299
210.105228 240.019
210.109227 242.423
210.115183 232.162
210.119226 234.111
210.125221 234.881
210.129225 232.162
210.135222 232.062
210.139223 232.908
210.145230 234.158
210.149223 233.054
210.155220 241.876
210.159221 242.407
210.165222 236.916
210.169220 235.637
210.175231 238.86
210.179235 240.576
210.185230 233.283
210.189234 232.192
210.195230 233.57
210.199226 235.521
210.205222 236.707
210.209144 236.732
210.215169 235.555
210.219228 231.707
210.225229 236.757
210.229096 237.308
210.235090 239.656
210.239233 239.456
210.245228 234.891
210.249230 233.825
210.255241 234.421
210.259222 236.186
210.265243 237.558
210.269230 234.864
210.275219 232.295
210.279229 237.112
210.285235 241.002
210.289230 232.39
210.295222 232.925
210.299233 237.668
210.305229 238.204
210.309227 240.472
210.318229 236.284
210.321225 236.106
210.325225 235.646
210.329228 236.487
210.335225 236.377
210.339224 232.727
210.345228 232.921
210.349239 233.677
210.355233 234.329
210.359225 234.337
210.365235 236.846
210.369230 234.252
210.375222 234.252
210.379228 236.21
210.385228 233.054
210.389226 230.569
210.395228 232.764
210.399229 236.833
210.405226 238.43
210.409231 235.735
210.415225 234.549
210.419225 237.24
210.425234 234.868
210.429229 232.093
210.435228 233.275
210.439141 236.373
210.445194 235.189
210.449232 233.919
210.455232 237.912
210.459231 235.296
210.465225 232.925
210.469206 238.029
210.475226 235.533
210.479230 231.746
210.485227 231.199
210.489180 233.525
210.495232 238.401
210.499233 232.362
210.505229 234.465
210.509180 235.939
210.515238 237.777
210.519224 239.345
210.525232 239.211
210.529230 233.677
210.535226 236.172
210.539135 236.053
210.545225 237.899
210.549234 243.608
210.555169 238.43
210.559224 235.189
210.565230 232.11
210.569232 234.043
210.575229 234.043
210.579227 231.499
210.585232 233.489
210.589232 234.354
210.595222 234.354
210.599121 236.188
210.605227 232.764
210.612229 234.762
210.614221 236.478
210.620230 239.618
210.624227 243.189
210.630235 236.186
210.634235 232.983
210.640228 233.137
210.644621 235.663
210.650240 234.84
210.654228 236.186
210.660191 240.162
210.664233 235.096
210.670231 227.794
210.674166 237.135
210.680122 242.002
210.684248 237.373
210.690234 235.395
210.694349 235.663
210.700229 235.748
210.704232 232.873
210.710247 232.766
210.714231 234.132
210.720232 234.021
210.724237 231.017
210.730226 235.402
210.734215 236.307
210.740161 231.737
210.744165 231.547
210.750225 236.373
210.754230 238.204
210.760235 237.365
210.764235 237.462
210.770226 236.924
210.774126 234.369
210.780234 235.189
210.784231 237.895
210.790228 237.245
210.794170 233.566
210.800236 234.214
210.804230 232.493
210.810231 235.648
210.814178 233.157
210.820173 231.121
210.824239 234.132
210.830234 232.873
210.834231 230.274
210.840241 232.796
210.844231 235.215
210.850250 232.097
210.854236 235.189
210.860235 238.029
210.864170 239.91
210.870163 236.078
210.874239 234.218
210.880232 233.677
210.884247 233.566
210.893111 235.189
210.896199 234.557
210.900195 235.215
210.904184 233.3
210.910185 235.858
210.914180 236.916
210.920197 236.478
210.924185 235.189
210.930130 234.231
210.934181 239.215
210.940062 234.218
210.947198 232.39
210.949186 235.665
210.954185 237.632
210.960180 233.797
210.964190 230.133
210.970186 233.797
210.974185 229.486
210.981150 234.868
210.985187 237.245
210.991126 232.11
210.995185 232.564
211.001179 233.403
211.005181 236.504
211.010132 233.382
211.024188 235.198
211.028186 234.021
211.029120 236.377
211.031178 234.664
211.042192 231.676
211.045186 229.212
211.046177 232.097
211.050128 237.777
211.054231 240.154
211.060236 232.641
211.064234 234.369
211.070190 234.762
211.074241 238.969
211.080394 237.257
211.084239 240.554
211.090239 234.231
211.094232 231.655
211.100247 236.061
211.104241 238.029
211.110229 233.686
211.114234 231.104
211.120246 237.363
211.124235 236.478
211.130220 230.766
211.134241 235.858
211.140231 236.605
211.144177 229.395
211.150105 235.247
211.154192 244.215
211.160186 233.26
211.164123 234.337
211.170181 235.64
211.174177 234.762
211.180186 239.744
211.184189 234.651
211.193181 236.186
211.196182 234.378
211.200140 234.557
211.204184 238.969
211.210188 239.345
211.214181 236.833
211.220143 234.218
211.224189 238.021
211.230058 234.647
211.237199 235.956
211.239176 235.646
211.244303 236.301
211.250246 239.954
211.254236 233.765
211.260130 235.011
211.264079 236.478
211.270062 237.099
211.274104 233.917
211.280112 230.656
211.284132 236.053
211.290182 238.43
211.294189 236.373
211.300189 236.916
211.304119 237.668
211.310186 232.65
211.314183 234.574
211.320197 240.472
211.324187 232.983
211.330184 236.738
211.334190 236.39
211.340079 231.478
211.344247 234.651
211.350238 236.707
211.354143 233.463
211.360233 234.864
211.364293 239.211
211.370113 234.337
211.374087 237.664
211.380068 235.956
211.385082 235.108
211.391082 235.553
211.395039 233.838
211.402101 235.735
211.403100 235.735
211.406094 235.096
