211.870099 127
211.873337 127
211.875353 127
211.879119 128
211.885236 129
211.889235 129
211.895180 129
211.899176 128
211.905146 127
211.909242 127
211.915237 126
211.919214 127
211.925236 127
211.929151 128
211.935239 128
211.939101 128
211.945262 128
211.949232 128
211.955247 128
211.959237 127
211.965264 127
211.969240 126
211.975236 125
211.979230 125
211.985236 126
211.989236 128
211.995102 129
211.999199 129
212.005188 129
212.009189 129
212.015191 129
212.019229 128
212.028204 127
212.031182 126
212.035190 126
212.039183 126
212.045114 125
212.054245 126
212.057238 127
212.059237 127
212.065236 128
212.072133 128
212.074236 129
212.079238 129
212.085237 130
212.089248 129
212.095239 128
212.099103 127
212.105134 126
212.109191 126
212.115191 127
212.119190 127
212.125190 127
212.129196 128
212.135180 129
212.139190 129
212.145191 128
212.149191 129
212.155187 129
212.159189 128
212.165199 128
212.169188 127
212.175122 127
212.179184 128
212.185187 129
212.189143 130
212.195189 129
212.199191 129
212.205191 128
212.209233 128
212.215194 126
212.219193 126
212.225186 125
212.229183 126
212.235186 128
212.239192 129
212.245194 130
212.249197 129
212.255186 128
212.259193 128
212.266141 127
212.270222 127
212.276201 127
212.280134 127
212.285194 128
212.292195 129
212.296142 130
212.312200 131
212.314184 130
212.323195 129
212.326195 128
212.327186 126
212.332191 127
212.335178 128
212.342197 129
212.345190 130
212.352196 131
212.355184 131
212.362189 130
212.365139 129
212.372197 128
212.375190 126
212.382195 125
212.385194 125
212.392133 126
212.395130 127
212.402195 128
212.404114 129
212.409206 130
212.415191 131
212.419190 130
212.425198 129
212.429196 129
212.435195 128
212.439187 127
212.445193 126
212.449134 125
212.455143 125
212.459135 126
212.465151 126
212.469153 126
212.475145 127
212.479147 127
212.485128 128
212.489143 127
212.495150 127
212.499143 127
212.505152 127
212.509146 127
212.515093 128
212.519116 128
212.525114 128
212.529123 128
212.535111 129
212.539114 128
212.545113 127
212.549114 127
212.556116 127
212.560090 126
212.564115 125
212.570117 125
212.574113 125
212.580117 126
212.584116 128
212.590111 130
212.594117 130
212.600115 130
212.604114 129
212.610117 129
212.615117 128
212.621108 127
212.625086 126
212.631108 126
212.635113 126
212.640119 128
212.644114 128
212.650114 129
212.654111 130
212.660117 129
212.664114 128
212.673119 128
212.676116 128
212.680117 127
212.684116 127
212.690111 126
212.694117 126
212.700114 127
212.704116 129
212.710115 130
212.714114 131
212.720115 131
212.724114 130
212.730116 129
212.734113 129
212.740120 128
212.744131 126
212.750193 125
212.754192 124
212.760142 125
212.764198 127
212.770195 128
212.774193 128
212.780195 129
212.784194 131
212.790194 131
212.794191 130
212.800199 129
212.807190 128
212.809196 127
212.814196 126
212.820105 125
212.824195 125
212.830196 126
212.834181 126
212.840144 127
212.844199 128
212.850191 128
212.854194 129
212.860196 129
212.867245 127
212.870195 127
212.875187 126
212.881192 125
212.885189 125
212.891195 125
212.895137 126
212.900194 125
212.904200 125
212.910192 125
212.914188 125
212.920193 125
212.927123 124
212.929192 123
212.935191 122
212.939112 121
212.945189 122
212.949193 122
212.955201 123
212.959191 124
212.965194 125
212.969200 125
212.975192 125
212.979192 124
212.985201 124
212.989132 123
212.995195 123
212.999195 122
213.006193 121
213.010198 121
213.014199 120
213.020193 121
213.024202 122
213.030123 123
213.034194 124
213.040141 124
213.044149 124
213.050094 124
213.054143 124
213.060157 124
213.064147 123
213.070142 123
213.074151 122
213.080156 121
213.084145 119
213.090147 119
213.094153 119
213.100149 119
213.104156 120
213.110152 121
213.114148 123
213.120109 123
213.124209 123
213.130086 122
213.134077 120
213.140143 119
213.144196 119
213.150196 119
213.154192 119
213.160196 120
213.164201 121
213.170196 121
213.174195 120
213.180193 120
213.184196 119
213.190200 118
213.197337 117
213.199190 118
213.204200 118
213.210297 119
213.214209 120
213.220202 120
213.224199 121
213.230200 120
213.234142 119
213.240140 119
213.244243 119
213.250213 119
213.254197 119
213.260128 119
213.264196 119
213.270201 120
213.274198 120
213.280198 120
213.284150 119
213.290207 118
213.294192 118
213.300196 118
213.304137 118
213.310193 118
213.314204 117
213.320132 116
213.324195 116
213.330196 117
213.334138 117
213.340145 118
213.347199 117
213.349196 117
213.355192 117
213.359193 117
213.365209 117
213.369193 117
213.375234 117
213.379192 115
213.385144 115
213.389198 113
213.395198 113
213.404203 113
213.407145 115
213.409149 116
213.415198 117
213.419197 117
213.425196 117
213.429135 117
213.435214 116
213.439203 115
213.445203 116
213.449191 116
213.455196 116
213.459193 116
213.465199 115
213.469123 115
213.475139 115
213.479194 115
213.488198 116
213.490187 118
213.497198 118
213.499186 117
213.504209 116
213.510198 115
213.514196 114
213.520202 114
213.524211 113
213.530127 114
213.534203 115
213.540202 115
213.544138 115
213.550206 115
213.554194 116
213.563199 116
213.566196 116
213.570118 116
213.575245 115
213.584352 115
213.588250 115
213.591240 114
213.601257 113
213.604239 111
213.606229 109
213.610241 109
213.614259 112
213.620250 115
213.624177 117
213.630244 116
213.634218 115
213.640260 113
213.644250 113
213.650146 113
213.654199 114
213.660142 116
213.664175 116
213.670193 116
213.674187 114
213.680202 112
213.684129 111
213.690196 112
213.694193 116
213.700196 119
213.704202 119
213.710197 117
213.714203 114
213.720198 113
213.724240 114
213.733197 114
213.736204 115
213.740153 115
213.744197 117
213.750195 118
213.754201 118
213.760201 117
213.764196 114
213.770196 113
213.774197 113
213.780194 115
213.784203 116
213.790197 117
213.794198 118
213.800201 118
213.804198 117
213.810197 116
213.815203 114
213.821145 112
213.826145 111
213.830199 113
213.836197 115
213.840199 117
213.845214 117
213.849197 116
213.855203 115
213.859197 114
213.865203 112
213.869199 111
213.875213 112
213.879199 115
213.885202 117
213.889203 116
213.895204 115
213.899190 114
213.905200 112
213.909196 110
213.915146 110
213.922198 112
213.924199 114
213.930197 115
213.934200 116
213.940206 114
213.944200 112
213.950204 112
213.954200 112
213.960196 112
213.964204 112
213.970200 112
213.974199 113
213.980199 114
213.984148 115
213.990195 113
213.994195 111
214.000206 110
214.004149 110
214.010202 110
214.017199 112
214.019199 115
214.025200 115
214.029205 115
214.035200 115
214.039182 114
214.045208 111
214.049203 109
214.055153 110
214.059196 114
214.065205 116
214.069162 116
214.075248 115
214.079203 113
214.085203 112
214.089117 112
214.095202 113
214.099206 114
214.105191 117
214.109210 118
214.115209 117
214.119203 115
214.125202 114
214.129135 115
214.135203 116
214.139205 117
214.145205 116
214.149200 112
214.155201 110
214.159211 110
214.165206 114
214.169203 118
214.175204 119
214.179210 120
214.185200 119
214.190203 117
214.196204 113
214.200211 108
214.206121 108
214.212201 109
214.217201 112
214.219193 115
214.225207 117
214.229199 118
214.235198 118
214.239202 117
214.245202 115
214.249118 113
214.263208 112
214.266198 114
214.267196 115
214.272141 114
214.275144 111
214.286215 111
214.287197 113
214.292203 115
214.295160 117
214.299208 116
214.305210 114
214.309218 112
214.315156 113
214.319197 115
214.325209 116
214.329208 116
214.335205 114
214.339202 111
214.345207 111
214.349210 112
214.355207 112
214.359202 111
214.365211 112
214.369231 112
214.375213 113
214.379199 113
214.385205 114
214.389200 114
214.395158 113
214.399205 114
214.405201 114
214.409211 111
214.415193 109
214.422216 110
214.427201 111
214.433206 111
214.435197 112
214.442208 114
214.448208 113
214.450194 111
214.454202 111
214.460217 114
214.464252 115
214.470219 115
214.474200 112
214.480210 112
214.484204 112
214.490204 110
214.494200 108
214.500203 108
214.504209 110
214.510209 113
214.514203 115
214.520202 115
214.524203 114
214.530205 112
214.534199 111
214.540247 112
214.544204 115
214.550204 116
214.554199 114
214.561210 112
214.565206 112
214.571208 112
214.575208 112
214.581201 113
214.585208 113
214.590204 112
214.594198 113
214.600206 115
214.604205 117
214.610200 117
214.614199 115
214.620205 112
214.624207 112
214.630203 113
214.634199 114
214.640205 114
214.644209 113
214.650200 115
214.654205 117
214.660201 117
214.664203 115
214.670148 113
214.674207 111
214.680207 113
214.684206 116
214.690205 118
214.694142 116
214.703206 114
214.705210 113
214.712242 111
214.714194 112
214.719147 116
214.725205 120
214.729209 121
214.735206 120
214.739201 117
214.745205 114
214.749202 113
214.755204 113
214.759204 112
214.765210 113
214.769202 115
214.775211 118
214.779200 118
214.785210 118
214.789197 116
214.795202 114
214.799205 112
214.805207 114
214.809198 117
214.816145 119
214.820198 118
214.824205 118
214.830117 117
214.834209 117
214.840121 116
214.844174 116
214.850228 117
214.855295 119
214.864159 119
214.868204 117
214.871197 114
214.881151 113
214.884198 115
214.886193 117
214.890210 118
214.894204 117
214.900205 117
214.904211 118
214.910205 120
214.914206 120
214.920230 118
214.924151 116
214.930201 113
214.934202 113
214.940218 115
214.944207 116
214.950205 116
214.954146 117
214.960210 119
214.964206 119
214.970205 119
214.974207 119
214.980208 117
214.984219 114
214.990208 115
214.994206 117
215.003207 118
215.006212 119
215.010210 119
215.014209 119
215.020211 118
215.024206 117
215.030102 117
215.034265 118
215.040256 118
215.044263 117
215.050250 117
215.054263 117
215.061288 117
215.065389 117
215.071247 117
215.075255 118
215.081259 119
215.085259 118
215.090253 118
215.094251 118
215.100258 118
215.104199 118
215.110257 117
215.114248 117
215.120266 116
215.124260 115
215.130160 116
215.134252 118
215.140260 119
215.144258 119
215.150285 118
215.154266 118
215.160258 119
215.164193 119
215.170259 119
215.174254 118
215.180259 117
215.184207 116
215.190227 118
215.194253 119
215.200258 120
215.204256 119
215.210256 118
215.214179 118
215.220270 117
215.224260 117
215.230255 118
215.234160 119
215.240383 120
215.244207 120
215.250206 120
215.254204 120
215.260212 120
215.264211 120
215.270202 119
215.274206 119
215.280153 119
215.284205 119
215.290205 119
215.294207 119
215.300205 119
215.304212 120
215.310102 120
215.314215 120
215.320207 120
215.324140 120
215.330213 120
215.334201 121
215.340203 121
215.344210 120
215.350135 119
215.354203 117
215.360436 117
215.364209 118
215.370208 119
215.374210 121
215.381209 121
215.385204 120
215.391209 120
215.395121 119
215.401203 119
215.405211 119
215.410203 118
215.414200 119
215.420209 120
215.424208 121
215.430208 122
215.434206 121
215.440208 119
215.444168 118
215.450264 118
215.454264 118
215.460190 117
215.464202 117
215.470269 118
215.474200 119
215.480262 119
215.484258 119
215.489256 119
215.495261 119
215.499257 119
215.504260 119
215.510257 119
215.514268 119
215.520256 119
215.524265 119
215.530256 119
215.537261 118
215.540260 119
215.544432 120
215.550255 120
215.554258 120
215.560203 120
215.564259 120
215.570255 119
215.574258 120
215.580259 119
215.584262 119
215.590258 119
215.594262 119
215.600262 120
215.604208 120
215.610256 120
215.614265 120
215.620252 121
215.624198 120
215.630265 120
215.634251 119
215.640260 118
215.644261 118
215.650258 118
215.654257 119
215.660273 120
215.664262 120
215.670261 120
215.677219 120
215.679252 120
215.685203 119
215.689263 118
215.695262 116
215.699209 116
215.705258 118
215.709395 120
215.715255 120
215.719259 120
215.725263 121
215.729270 122
215.735259 121
215.739257 121
215.745258 120
215.749278 119
215.755240 118
215.760284 119
215.766264 120
215.770262 120
215.779227 121
215.781256 121
215.785261 120
215.789259 119
215.795255 119
215.799253 120
215.805262 121
215.809260 120
215.815261 120
215.819255 120
215.825255 121
215.832216 121
215.834255 121
215.839263 121
215.848242 121
215.851199 120
215.855257 119
215.859256 120
215.865288 120
215.869204 121
215.875260 122
215.879264 123
215.885260 123
215.889267 122
215.895258 121
215.899259 121
215.905264 121
215.909258 122
215.915269 123
215.919260 123
215.925266 121
215.932258 121
215.935257 120
215.939270 120
215.945260 120
215.949254 119
215.955263 120
215.959207 121
215.965270 123
215.969207 124
215.974258 124
215.980265 123
215.984262 122
215.990257 121
215.994262 120
216.000261 118
216.004208 118
216.010260 119
216.014192 120
216.020264 120
216.024263 120
216.029258 120
216.035258 121
216.039262 120
216.045263 120
216.049261 120
216.055265 120
216.059227 121
216.065265 121
216.069259 120
216.075205 121
216.079182 120
216.085279 120
216.089259 120
216.095261 120
216.099259 120
216.105204 121
216.109256 120
216.115260 120
216.119259 119
216.125270 120
216.129251 120
216.136264 120
216.146262 121
216.149255 120
216.151255 120
216.162163 120
216.164267 120
216.166255 119
216.170332 118
216.177228 119
216.179257 120
216.187268 121
216.190265 121
216.194377 121
216.200213 120
216.204277 120
216.210263 120
216.214262 120
216.220274 120
216.224262 119
216.235270 120
216.238264 121
216.240257 121
216.247194 121
216.249260 120
216.254264 119
216.260265 120
216.264264 121
216.270258 122
216.274261 122
216.280268 121
216.284266 121
216.290268 120
216.294257 120
216.300262 120
216.304265 120
216.310265 120
216.314209 121
216.320243 122
216.324266 123
216.330266 122
216.334265 121
216.340265 121
216.344209 121
216.350264 121
216.354268 121
216.360263 121
216.364267 120
216.370267 120
216.374258 121
216.380211 121
216.384273 121
216.390262 121
216.394266 121
216.400262 121
216.404266 122
216.410261 123
216.417264 124
216.420258 123
216.427267 123
216.430258 121
216.434270 121
216.439260 120
216.445278 120
216.449256 120
216.455260 120
216.459262 121
216.465288 121
216.469267 121
216.475225 121
216.479259 122
216.485404 122
216.489260 122
216.495266 122
216.499277 123
216.505266 122
216.509267 121
216.515290 121
216.519265 120
216.525261 121
216.529760 121
216.535253 120
216.539250 119
216.545258 120
216.549271 120
216.555261 121
216.559265 121
216.565265 121
216.569256 121
216.575259 122
216.579263 121
216.585331 121
216.590259 120
216.596264 120
216.600263 120
216.606268 120
216.610257 119
216.616216 119
216.619252 120
216.625574 121
216.629283 121
216.635259 121
216.639265 120
216.645267 120
216.649257 120
216.655139 121
216.659380 121
216.665221 120
216.669222 120
216.675219 121
216.679219 121
216.685218 121
216.689225 121
216.695216 121
216.699216 121
216.705219 121
216.709219 121
216.715220 121
216.719232 120
216.725228 120
216.729222 120
216.735216 120
216.739216 120
216.745224 121
216.749218 123
216.755220 124
216.759217 124
216.765156 123
216.769224 122
216.775212 123
216.779218 122
216.785220 121
216.789215 120
216.794214 119
216.800265 120
216.804268 121
216.810264 121
216.814262 120
216.820268 121
216.824266 122
216.829261 123
216.835259 123
216.839266 123
216.845266 123
216.849269 123
216.855260 122
216.859266 121
216.865267 120
216.869270 119
216.875261 119
216.879265 120
216.885262 120
216.889264 120
216.895271 122
216.899210 122
216.905264 122
216.909263 123
216.915263 122
216.922270 121
216.924264 122
216.930263 123
216.934267 124
216.940272 124
216.944271 125
216.950214 126
216.954261 126
216.960266 126
216.964268 126
216.970279 126
216.974219 126
216.980268 126
216.984267 127
216.990262 127
216.994266 128
217.000170 127
217.004214 128
217.010270 127
217.014264 126
217.020269 126
217.024156 125
217.030270 125
217.034262 126
217.040264 127
217.044231 128
217.050278 128
217.054263 128
217.061271 128
217.065269 128
217.071593 128
217.075271 127
217.081271 126
217.085269 126
217.090274 126
217.094266 126
217.100267 126
217.104218 127
217.110267 127
217.114261 128
217.120215 129
217.124270 129
217.130266 129
217.134250 129
217.140278 129
217.144220 128
217.150272 127
217.154262 127
217.160266 127
217.164279 127
217.170276 127
217.174269 127
217.180212 127
217.184209 128
217.190146 128
217.194234 129
217.199221 128
217.205220 129
217.209215 128
217.215215 128
217.219219 128
217.225220 128
217.229218 127
217.235217 127
217.239219 127
217.245225 128
217.249219 128
217.255220 128
217.259161 127
217.265166 127
217.269149 128
217.275139 129
217.279145 129
217.285145 129
217.289140 128
217.295145 127
217.299144 126
217.305141 126
217.309148 125
217.315141 125
217.324150 126
217.327137 127
217.329192 127
217.335145 128
217.339142 128
217.345149 128
217.352151 128
217.354143 127
217.360144 127
217.364148 126
217.370160 125
217.374143 125
217.380149 125
217.384147 126
217.390147 126
217.394133 127
217.400119 127
217.404149 127
217.410148 128
217.415147 128
217.424151 127
217.428151 127
217.431140 126
217.441170 126
217.444147 126
217.446115 126
217.450167 126
217.454147 127
217.460148 127
217.464150 127
217.470143 127
217.474152 126
217.480147 126
217.484148 126
217.490139 126
217.494142 127
217.500148 128
217.505147 127
217.511147 127
217.515141 126
217.521147 127
217.525142 127
217.531142 127
217.534148 126
217.540153 126
217.544149 126
217.550147 126
217.556146 126
217.560147 126
217.564122 127
217.570143 128
217.574144 128
217.580145 127
217.587140 127
217.589142 127
217.595145 126
217.599147 126
217.605156 127
217.609141 127
217.615146 126
217.619141 127
217.625145 128
217.629142 128
217.635178 128
217.639185 128
217.645182 128
217.649187 128
217.655175 128
217.659196 128
217.665186 128
217.669172 127
217.675178 127
217.679163 127
217.685205 127
217.689179 127
217.696282 127
217.700276 127
217.704213 128
217.710275 129
217.714273 129
217.720269 128
217.724274 128
217.730269 128
217.734265 128
217.740273 128
217.744273 128
217.750267 128
217.754270 127
217.760271 127
217.764266 127
217.770249 127
217.774222 127
217.780270 127
217.784273 128
217.790273 129
217.794276 130
217.800428 130
217.804276 130
217.810272 129
217.814270 129
217.820279 128
217.824280 128
217.830270 128
217.834269 128
217.840207 128
217.844267 128
217.850271 128
217.854275 128
217.863529 129
217.865172 129
217.871180 129
217.874176 130
217.879167 130
217.885179 130
217.889176 131
217.895180 130
217.899178 130
217.905183 129
217.909177 129
217.915182 128
217.919204 128
217.925184 127
217.929177 128
217.935183 128
217.939180 129
217.945097 130
217.950185 130
217.956185 130
217.960183 130
217.966181 130
217.970178 129
217.975183 128
217.979180 128
217.985173 127
217.992187 128
217.997183 129
217.999175 129
218.005168 130
218.009183 130
218.015184 131
218.019174 130
218.025190 130
218.029181 128
218.035182 128
218.039178 129
218.045182 129
218.049180 129
218.055178 129
218.059179 129
218.065186 129
218.069184 130
218.075182 130
218.079188 130
218.085191 129
218.089176 129
218.095183 129
218.099180 129
218.105183 128
218.109189 128
218.115185 128
218.119138 128
218.125180 129
218.129175 129
218.135179 129
218.139183 129
218.145183 130
218.149152 130
218.155181 130
218.159178 129
218.165182 129
218.169182 128
218.175166 129
218.179184 130
218.186188 130
218.190182 129
218.194181 129
218.200192 129
218.204182 128
218.210183 128
218.214174 129
218.220162 129
218.224190 130
218.230187 131
218.234183 131
218.240186 130
218.244186 130
218.250096 130
218.254160 130
218.260155 129
218.264151 129
218.270147 129
218.274148 129
218.280153 131
218.284152 131
218.290153 131
218.294150 131
218.300148 131
218.304163 132
218.310153 132
218.314146 132
218.320151 130
218.324156 128
218.330154 128
218.334149 128
218.340155 128
218.344150 129
218.350150 129
218.354157 130
218.360267 131
218.364234 132
218.370223 132
218.374225 132
218.380173 131
218.384168 131
218.390235 130
218.394229 130
218.400227 129
218.404218 129
218.410227 130
218.414277 130
218.420279 131
218.424277 132
218.430154 133
218.434277 133
218.440272 133
218.445272 133
218.451210 131
218.455272 131
218.461429 130
218.465175 130
218.470162 130
218.474188 130
218.480224 131
218.484183 132
218.493178 133
218.495174 132
218.499177 132
218.505179 132
218.509182 131
218.515182 130
218.522180 130
218.524173 130
218.530178 130
218.534180 131
218.540181 131
218.544175 131
218.550180 131
218.554184 131
218.560182 132
218.564183 132
218.570179 131
218.574178 131
218.580180 131
218.584185 131
218.590183 132
218.594160 132
218.600121 131
218.604192 131
218.610184 130
218.614179 130
218.620169 131
218.624185 132
218.630180 132
218.634175 132
218.640174 132
218.644183 133
218.650193 133
218.654184 132
218.660181 131
218.664185 131
218.670181 130
218.674179 130
218.680186 131
218.684193 131
218.690187 132
218.694182 133
218.704185 134
218.708135 134
218.711181 134
218.721180 133
218.724181 132
218.726173 131
218.731181 130
218.735164 130
218.741279 131
218.745279 132
218.751274 133
218.754281 133
218.763279 133
218.766279 133
218.770277 133
218.774278 133
218.780283 133
218.784279 132
218.790140 132
218.794280 131
218.800277 131
218.804285 132
218.811277 132
218.815277 132
218.819281 131
218.825278 131
218.829273 132
218.835278 132
218.839277 132
218.845278 131
218.849284 131
218.855293 132
218.862278 133
218.864277 135
218.870281 135
218.874249 133
218.880327 131
218.884285 131
218.890275 132
218.894203 132
218.900209 132
218.904211 132
218.910278 132
218.914287 133
218.920289 133
218.924280 133
218.930276 132
218.934280 130
218.940277 129
218.944282 130
218.950275 131
218.954283 132
218.960219 131
218.964279 131
218.970276 131
218.977282 132
218.979270 132
218.985280 131
218.989213 130
218.995273 130
218.999185 131
219.005168 132
219.009275 132
219.015199 131
219.019272 131
219.025281 131
219.029275 130
219.035271 130
219.039221 130
219.045274 131
219.049283 131
219.055284 131
219.059280 131
219.065520 131
219.069284 130
219.075280 130
219.079275 130
219.085279 131
219.089282 132
219.095275 132
219.099277 132
219.105283 132
219.109274 130
219.115442 130
219.119281 131
219.125282 131
219.129276 131
219.135277 130
219.139299 130
219.145281 129
219.149278 130
219.155274 130
219.159274 130
219.165279 130
219.169274 130
219.175277 130
219.179274 130
219.185277 131
219.189281 130
219.195283 130
219.199281 130
219.205298 131
219.209258 132
219.215803 133
219.219277 132
219.225286 132
219.231278 131
219.234277 131
219.239279 131
219.245282 131
219.249278 131
219.255276 132
219.259277 132
219.265280 132
219.269279 132
219.275280 132
219.279275 131
219.285289 130
219.290288 131
219.296287 133
219.300261 134
219.306283 134
219.310277 134
219.316281 135
219.319286 134
219.325292 132
219.329276 130
219.335283 129
219.339283 129
219.345284 131
219.349274 133
219.355283 133
219.359273 134
219.365151 134
219.369278 134
219.375280 133
219.379293 132
219.385284 131
219.389259 131
219.395290 131
219.399278 132
219.405288 134
219.409283 134
219.415276 135
219.419287 134
219.425278 133
219.429281 133
219.435226 132
219.439273 132
219.445234 132
219.449270 133
219.455282 135
219.459223 136
219.465279 136
219.469283 135
219.475279 133
219.479281 133
219.488290 133
219.490249 134
219.496284 135
219.499273 134
219.504285 134
219.510276 133
219.514260 133
219.520297 134
219.524295 134
219.530280 133
219.534279 132
219.543278 132
219.545285 132
219.551285 133
219.554238 133
219.559275 134
219.565283 134
219.569273 133
219.575276 132
219.579278 132
219.585285 133
219.589286 134
219.595285 134
219.599284 134
219.605285 134
219.609276 134
219.615279 134
219.619283 133
219.625277 132
219.631289 131
219.634219 131
219.639286 131
219.645284 131
219.649276 131
219.655274 132
219.659279 133
219.665337 133
219.669237 133
219.675231 132
219.679228 131
219.686126 131
219.689242 132
219.695232 133
219.699170 134
219.706234 133
219.710230 132
219.716234 131
219.720240 131
219.726231 132
219.730239 133
219.735226 134
219.739230 134
219.745234 134
219.749230 133
219.755234 132
219.759234 132
219.765179 132
219.769231 132
219.775232 132
219.779173 132
219.785238 133
219.789221 134
219.795228 133
219.799293 132
219.805288 132
219.809274 132
219.815278 132
219.819281 132
219.825208 132
219.829285 132
219.835281 132
219.839267 132
219.845280 133
219.849279 132
219.855284 132
219.859282 132
219.865279 132
219.869283 133
219.878277 133
219.881284 133
219.885280 134
219.889259 134
219.895292 134
219.899278 134
219.905283 134
219.909281 134
219.915282 134
219.919280 134
219.925275 133
219.931279 133
219.935291 132
219.941282 132
219.945266 132
219.951279 132
219.954207 133
219.959281 135
219.965288 136
219.971283 136
219.976291 135
219.985285 133
219.989286 132
219.991278 132
220.002225 133
220.004226 133
220.006276 133
220.010280 133
220.016222 133
220.020287 133
220.026282 133
220.030274 131
220.036282 131
220.043283 131
220.045284 133
220.051292 134
220.055277 135
220.061296 135
220.065284 134
220.071261 134
220.075299 134
220.081284 134
220.086292 132
220.093240 131
220.096288 131
220.100286 131
220.106287 131
220.110280 132
220.115287 133
220.119292 132
220.125349 133
220.129281 134
220.135277 134
220.139284 134
220.145281 132
220.149267 130
220.155282 129
220.159289 129
220.165268 130
220.169276 131
220.184294 131
220.187227 131
220.189282 132
220.191281 132
220.195294 133
220.201295 132
220.205280 131
220.211235 131
220.215281 131
220.221288 130
220.225295 129
220.231281 130
220.234280 129
220.239293 130
220.245282 131
220.252285 131
220.254283 132
220.260299 132
220.264324 132
220.270282 134
220.274279 135
220.280227 135
220.284295 134
220.290280 133
220.296295 134
220.299281 134
220.304288 133
220.310288 130
220.314284 128
220.320288 128
220.324286 129
220.330302 132
220.337284 134
220.339286 134
220.345287 135
220.349286 136
220.355263 136
220.359234 136
220.365289 135
220.369290 133
220.375288 133
220.379287 132
220.385429 132
220.392287 132
220.394278 131
220.400231 132
220.404282 134
220.410284 135
220.414289 135
220.420289 136
220.424292 135
220.430284 134
220.434283 132
220.440293 131
220.444291 131
220.450248 131
220.454176 133
220.463291 134
220.465203 134
220.471288 134
220.474292 134
220.479217 133
220.485295 133
220.489286 133
220.495294 132
220.499287 132
220.506294 131
220.510295 132
220.516289 133
220.520227 132
220.526236 132
220.530286 131
220.535291 130
220.539288 130
220.545289 130
220.549280 131
220.555283 132
220.559288 134
220.565289 135
220.569291 135
220.575287 134
220.579283 133
220.585287 131
220.589283 130
220.595287 130
220.599292 130
220.605287 131
220.609290 132
220.615282 132
220.619301 132
220.625285 132
220.629289 132
220.635282 132
220.639289 133
220.645289 133
220.649288 132
220.655285 132
220.659282 133
220.665282 134
220.669292 134
220.675387 133
220.679290 131
220.685297 131
220.689266 131
220.695285 132
220.699280 132
220.705289 133
220.711284 135
220.715280 135
220.719285 135
220.725292 133
220.729167 132
220.735272 132
220.739285 132
220.745286 133
220.749290 133
220.755212 133
220.761460 134
220.764227 134
220.769298 134
220.775290 133
220.779226 133
220.785288 132
220.789292 132
220.795288 132
220.802289 132
220.804286 132
220.810287 132
220.817290 132
220.819283 132
220.825289 131
220.829283 131
220.835293 131
220.842288 132
220.844240 132
220.850290 133
220.854264 133
220.860163 133
220.864248 132
220.870436 132
220.874229 131
220.880250 130
220.884237 129
220.891245 130
220.895237 131
220.901237 131
220.905241 132
220.911183 132
220.917238 133
220.919232 134
220.926242 133
220.930241 131
220.934240 130
220.940247 130
220.944241 129
220.950241 129
220.954241 130
220.960241 131
220.964246 133
220.970236 134
220.974241 133
220.980242 133
220.984240 132
220.990182 131
220.994247 131
221.000239 131
221.004236 131
221.010290 131
221.014204 132
221.020294 132
221.024292 131
221.030282 131
221.036293 131
221.040230 132
221.044290 133
221.050293 132
221.054290 132
221.060257 131
221.064290 131
221.070286 132
221.074290 132
221.080290 132
221.084245 133
221.090293 133
221.094289 133
221.100295 132
221.104292 131
221.110288 131
221.114284 131
221.120292 132
221.124299 133
221.133286 133
221.136235 132
221.140290 132
221.144294 132
221.150251 132
221.154300 132
221.160273 132
221.164296 133
221.170292 133
221.174291 134
221.180291 133
221.184295 133
221.190295 132
221.194179 131
221.200280 130
221.204390 130
221.210141 131
221.214132 131
221.220132 133
221.224137 133
221.230134 133
221.234132 133
221.240137 132
221.244131 131
221.256138 131
221.265134 131
221.269137 131
221.271129 131
221.272130 131
221.282138 130
221.284132 131
221.286133 132
221.291101 132
221.295133 132
221.301148 132
221.305133 131
221.310132 131
221.316134 131
221.319128 130
221.324138 130
221.330134 130
221.334132 130
221.340137 130
221.344133 130
221.350137 131
221.354132 131
221.360132 130
221.364135 130
221.370133 130
221.374139 131
221.380138 131
221.384132 132
221.390138 132
221.394133 132
221.400139 132
221.404133 131
221.410138 131
221.414133 129
221.420139 129
221.424134 130
221.430134 131
221.434139 132
221.440133 132
221.444138 131
221.450134 131
221.454132 131
221.460139 131
221.464133 131
221.470180 130
221.474133 130
221.480096 131
221.484093 131
221.490134 132
221.496122 131
221.500124 130
221.504129 129
221.510127 129
221.514133 130
221.520124 131
221.524124 132
221.530133 132
221.534129 132
221.540379 133
221.544170 133
221.550293 133
221.554290 134
221.560297 133
221.564295 132
221.570291 131
221.574286 130
221.580296 129
221.584296 129
221.590296 129
221.594287 130
221.600204 131
221.604171 132
221.610205 133
221.614199 133
221.621203 134
221.625201 133
221.629199 132
221.635197 131
221.639199 131
221.645217 132
221.649197 132
221.655201 132
221.659198 132
221.665164 132
221.669140 132
221.675192 132
221.679246 131
221.685252 130
221.689253 129
221.695244 131
221.699244 133
221.705250 134
221.709250 134
221.715241 134
221.719164 133
221.725248 131
221.729163 130
221.735137 130
221.742178 131
221.744163 132
221.750173 132
221.754168 132
221.760168 132
221.764164 131
221.770167 131
221.774177 131
221.780157 131
221.784171 132
221.790173 133
221.794149 133
221.800139 133
221.804251 133
221.811233 131
221.815244 130
221.821260 129
221.825235 128
221.831244 128
221.834249 129
221.840249 132
221.844253 134
221.853260 135
221.856172 134
221.860180 133
221.864172 131
221.870303 129
221.874296 128
221.880275 128
221.884250 130
221.890202 132
221.894296 133
221.910218 134
221.913324 132
221.914301 130
221.916291 129
221.920201 129
221.926179 130
221.930195 132
221.936162 133
221.940208 134
221.946205 133
221.950214 133
221.956190 133
221.960200 132
221.966201 129
221.970209 129
221.976208 129
221.979186 130
221.984195 132
221.990176 133
221.994250 134
222.000305 133
222.004243 132
222.010300 130
222.017290 130
222.019289 130
222.028298 131
222.031299 133
222.035281 133
222.039293 132
222.045299 131
222.049198 131
222.055179 131
222.059296 132
222.065291 132
222.069294 131
222.075294 131
222.079233 133
222.085299 134
222.089303 134
222.095295 133
222.099293 132
222.105303 130
222.109302 129
222.115158 129
222.119139 129
222.125174 130
222.132242 132
222.134243 133
222.140252 133
222.144177 133
222.153253 133
222.156243 134
222.160248 134
222.164253 133
222.170276 133
222.174255 132
222.180157 131
222.184137 130
222.190258 130
222.197258 130
222.199242 131
222.205252 132
222.209256 133
222.215243 134
222.219175 135
222.225260 134
222.229252 133
222.236257 131
222.240160 131
222.246144 131
222.250200 131
222.256315 130
222.260300 129
222.265306 129
222.269293 130
222.275280 130
222.279245 130
222.285304 131
222.289297 132
222.295297 133
222.299292 132
222.305170 132
222.309140 131
222.315263 130
222.319248 131
222.325253 131
222.329196 129
222.335186 129
222.339304 129
222.348317 129
222.350291 130
222.354303 130
222.360299 130
222.364302 131
222.370161 132
222.374109 132
222.380195 132
222.384218 132
222.390208 132
222.394210 131
222.400203 130
222.404209 128
222.410222 128
222.414208 128
222.420208 129
222.424208 129
222.430205 130
222.434204 131
222.440210 132
222.444211 132
222.450205 133
222.454205 133
222.460213 133
222.464210 134
222.470207 134
222.474205 133
222.480212 132
222.484209 131
222.491211 131
222.497206 131
222.502206 132
222.504198 132
222.510210 132
222.515201 132
222.519202 133
222.525217 134
222.529211 135
222.536203 136
222.545207 135
222.549222 134
222.551202 132
222.562209 132
222.564209 132
222.566192 132
222.570139 131
222.574223 131
222.580210 131
222.584212 130
222.590210 131
222.594220 132
222.600215 133
222.604211 133
222.610209 133
222.614215 132
222.620216 132
222.624211 131
222.630209 132
222.634299 131
222.640295 130
222.647310 129
222.649276 129
222.655310 129
222.659311 129
222.665251 131
222.669553 131
222.675232 132
222.682192 132
222.684197 132
222.690301 132
222.694300 132
222.700296 132
222.704315 132
222.710299 131
222.714307 129
222.720300 129
222.724298 129
222.730301 129
222.734298 129
222.740303 130
222.744303 132
222.750317 133
222.757296 133
222.759298 132
222.765297 132
222.769297 133
222.775313 134
222.779307 134
222.785308 133
222.789293 132
222.795297 132
222.799298 132
222.805558 132
222.809266 131
222.815253 132
222.819165 131
222.825214 132
222.829484 132
222.836265 133
222.840252 133
222.846254 134
222.850247 134
222.856264 134
222.860253 134
222.865252 132
222.869246 131
222.875257 130
222.879252 130
222.885253 130
222.889198 131
222.895251 131
222.899249 131
222.905263 132
222.909253 132
222.915195 133
222.919246 134
222.925259 133
222.929247 132
222.935256 131
222.939252 131
222.945250 131
222.949306 131
222.955310 131
222.959305 131
222.965263 131
222.969277 130
222.975303 130
222.979305 131
222.985245 131
222.989220 131
222.995301 131
222.999298 132
223.005300 133
223.009299 133
223.015295 134
223.019295 134
223.025303 134
223.032308 134
223.034298 131
223.040301 130
223.044315 130
223.050311 129
223.054306 130
223.060234 132
223.064307 133
223.070301 134
223.074290 136
223.080301 136
223.084316 135
223.090301 133
223.094304 131
223.100286 130
223.104315 130
223.110283 131
223.114300 132
223.120303 132
223.124306 132
223.130301 132
223.134206 131
223.140301 130
223.144305 130
223.150301 130
223.154309 131
223.160305 132
223.164299 132
223.170298 134
223.174313 134
223.180245 133
223.184237 131
223.190301 129
223.194305 127
223.200251 127
223.204220 127
223.210304 129
223.214221 130
223.220304 132
223.224316 134
223.230302 133
223.234238 132
223.240306 131
223.244316 132
223.250311 133
223.254301 133
223.260304 133
223.264308 132
223.270299 131
223.274306 129
223.280314 128
223.284259 128
223.291301 128
223.295305 130
223.301244 131
223.305297 132
223.313304 134
223.316305 135
223.320304 136
223.324308 135
223.330304 134
223.334284 132
223.343301 132
223.345483 131
223.351235 130
223.354305 130
223.359305 130
223.365301 129
223.369241 129
223.375301 129
223.379306 130
223.385302 133
223.389300 135
223.395313 137
223.399301 136
223.405305 136
223.409315 135
223.415276 133
223.419306 131
223.425314 129
223.429304 128
223.435300 128
223.439445 129
223.445319 129
223.449303 130
223.458312 132
223.460523 133
223.466271 133
223.470249 134
223.474256 135
223.480196 134
223.484256 135
223.490278 135
223.494258 134
223.500254 133
223.504266 133
223.510255 132
223.514264 131
223.520257 130
223.524260 130
223.530260 131
223.534259 131
223.540258 133
223.544265 134
223.550265 134
223.554297 134
223.560265 133
223.564261 133
223.571255 133
223.575258 132
223.581258 132
223.585180 132
223.591258 131
223.595258 131
223.600256 132
223.604261 131
223.610260 131
223.614262 131
223.620262 131
223.624262 131
223.630263 131
223.634251 132
223.640259 132
223.644264 132
223.650255 133
223.654258 132
223.660259 131
223.664260 131
223.670261 130
223.674256 130
223.680261 129
223.684260 129
223.690207 129
223.694258 129
223.700261 129
223.704258 130
223.710258 131
223.714183 132
223.720207 132
223.724263 134
223.730259 134
223.734175 133
223.740262 131
223.744258 130
223.750203 129
223.754251 128
223.760197 129
223.764257 129
223.770257 131
223.774260 132
223.780260 133
223.784262 133
223.790253 134
223.794258 133
223.800257 132
223.804257 131
223.810204 130
223.814254 130
223.824264 129
223.828258 130
223.831254 131
223.841258 131
223.844258 131
223.845248 131
223.850257 131
223.856257 132
223.860258 132
223.866263 132
223.870255 133
223.876259 134
223.880259 134
223.884264 134
223.890257 134
223.896262 132
223.899254 131
223.904210 131
223.910733 131
223.914257 132
223.920268 133
223.924266 133
223.930256 134
223.934206 134
223.940308 134
223.944308 133
223.950251 132
223.954304 132
223.960310 131
223.964308 131
223.970429 132
223.974308 132
223.980308 134
223.984311 135
223.990312 135
223.994310 134
224.000250 133
224.004254 133
224.010305 132
224.014320 131
224.020326 131
224.024309 131
224.030305 131
224.034313 131
224.040309 133
224.044307 134
224.050252 134
224.054307 133
224.060312 133
224.064177 133
224.070317 132
224.074286 131
224.080311 132
224.084310 131
224.090306 130
224.094314 129
224.100309 128
224.104308 128
224.110309 129
224.114290 131
224.120238 131
224.124236 132
224.130294 133
224.134316 133
224.140322 132
224.144305 131
224.150266 129
224.154304 127
224.160254 126
224.164309 126
224.170217 127
224.174302 128
224.180307 129
224.184312 131
224.190305 131
224.194303 130
224.200310 130
224.204310 130
224.210306 129
224.214303 128
224.220319 129
224.224308 129
224.230316 129
224.234302 129
224.240305 129
224.244309 128
224.250310 127
224.254247 128
224.260310 129
224.266313 130
224.270334 131
224.274312 131
224.280323 132
224.284306 132
224.290312 132
224.294311 131
224.300306 131
224.304297 130
224.310306 129
224.314309 128
224.320337 128
224.324323 129
224.330311 131
224.334306 131
224.341312 131
224.345315 132
224.351307 133
224.355306 135
224.361308 134
224.365312 133
224.370324 133
224.374302 132
224.380306 131
224.384310 130
224.390310 129
224.394262 130
224.400308 131
224.404246 132
224.410308 132
224.414311 132
224.420290 134
224.424313 135
224.430309 135
224.434312 135
224.440306 134
224.444322 133
224.450600 131
224.454306 130
224.460311 130
224.464311 130
224.470316 131
224.474308 134
224.480308 135
224.484311 135
224.490308 135
224.494303 135
224.500312 135
224.504325 133
224.510311 132
224.514302 132
224.520259 133
224.524314 133
224.530400 133
224.534307 133
224.540303 134
224.544307 135
224.550304 135
224.554333 134
224.560307 132
224.564321 132
224.570311 132
224.574305 132
224.580311 132
224.584253 131
224.593305 132
224.595303 132
224.600310 132
224.604309 132
224.610306 132
224.614293 132
224.620304 132
224.624314 132
224.630308 131
224.634316 131
224.640308 131
224.644311 130
224.650305 130
224.654249 131
224.660302 131
224.664318 130
224.670312 131
224.674311 131
224.680290 131
224.684310 132
224.690307 132
224.694305 131
224.700311 131
224.704314 130
224.710308 129
224.714309 128
224.720311 128
224.724311 127
224.730320 127
224.734309 128
224.740314 129
224.744312 128
224.750321 129
224.754318 129
224.760313 129
224.764312 129
224.770312 129
224.774249 129
224.780308 129
224.784313 129
224.790308 128
224.794312 127
224.800318 127
224.804312 127
224.810312 128
224.814253 128
224.821319 128
224.825310 129
224.831316 128
224.835314 128
224.841309 128
224.844311 129
224.850255 130
224.854178 130
224.860269 130
224.864266 130
224.870266 130
224.874261 131
224.880262 131
224.884264 130
224.890264 129
224.894263 129
224.900270 128
224.904265 128
224.910221 129
224.914265 129
224.920261 131
224.924264 132
224.930268 132
224.934264 132
224.940206 131
224.944269 131
224.950265 131
224.954268 131
224.960267 132
224.964267 132
224.970266 133
224.974263 133
224.983265 132
224.985267 132
224.990259 132
224.994268 132
225.000267 133
225.004208 133
225.010267 133
225.014267 133
225.020265 134
225.024264 133
225.030264 132
225.034263 132
225.040266 132
225.044265 132
225.050264 132
225.054204 132
225.060295 132
225.064279 133
225.070268 134
225.074260 133
225.083199 132
225.085263 131
225.091446 131
225.096273 131
225.105216 132
225.109267 132
225.111258 133
225.127268 132
225.129255 131
225.130253 129
225.132262 128
225.137268 128
225.141268 129
225.147265 130
225.150203 132
225.156217 133
225.160263 133
225.166260 133
225.170635 131
225.176275 130
225.180177 128
225.186319 127
225.190312 127
225.194309 127
225.200321 127
225.204325 128
225.210315 128
225.214313 129
225.220317 130
225.224317 131
225.230324 131
225.234317 131
225.240312 132
225.244320 131
225.250315 131
225.254315 129
225.260316 128
225.264323 127
225.270182 126
225.274178 127
225.280272 128
225.284267 129
225.290277 130
225.294264 131
225.300273 132
225.304267 131
225.310204 131
225.314263 129
225.320270 128
225.324222 128
225.330268 129
225.334267 130
225.340202 131
225.344267 131
225.350272 130
225.354268 128
225.361263 128
225.365273 127
225.371270 128
225.375177 129
225.381272 130
225.385260 131
225.390215 132
225.394218 131
225.400271 129
225.406269 128
225.410266 128
225.416210 127
225.419259 127
225.424263 128
225.430267 130
225.434261 132
225.440269 132
225.444268 131
225.450266 130
225.454266 129
225.460265 129
225.464222 128
225.470271 128
225.474264 128
225.480270 129
225.484277 130
225.490307 129
225.496272 130
225.499266 131
225.504309 131
225.510270 131
225.514266 130
225.520271 130
225.524286 130
225.530266 131
225.534273 131
225.540271 131
225.544268 131
225.550268 131
225.554320 132
225.560275 133
225.564270 133
225.570268 134
225.574209 134
225.580273 133
225.584201 132
225.590271 131
225.594268 132
225.600276 132
225.604276 132
225.610272 132
225.614271 133
225.620269 133
225.624191 132
225.630269 131
225.634260 132
225.643270 132
225.645264 133
225.650265 133
225.654266 134
225.660267 133
225.664273 132
225.670265 132
225.674271 131
225.680271 131
225.684269 130
225.690278 131
225.694265 132
225.700274 132
225.704221 132
225.710275 132
225.714310 131
225.720268 130
225.724306 129
225.730276 128
225.734271 128
225.740272 128
225.744275 129
225.750271 131
225.754265 132
225.760272 132
225.764272 132
225.770275 131
225.774270 130
225.780272 128
225.784269 128
225.790269 127
225.794265 126
225.800276 126
225.804218 126
225.810266 128
225.814267 129
225.820268 131
225.824269 133
225.831270 134
225.835264 134
225.841314 132
225.845271 131
225.851270 129
225.854268 127
225.860275 125
225.864270 124
225.870274 125
225.874270 127
225.880268 128
225.884190 130
225.890270 131
225.897181 132
225.899250 132
225.905266 132
225.909271 132
225.915268 132
225.919271 130
225.925279 129
225.929268 128
225.935277 127
225.939271 126
225.945211 127
225.949262 130
225.955270 132
225.961271 132
225.965270 130
225.969276 129
225.975191 129
225.979270 128
225.985274 128
225.989274 128
225.995319 129
225.999217 130
226.005270 130
226.009267 130
226.015209 129
226.019264 128
226.025274 129
226.029198 130
226.035272 131
226.039219 131
226.045266 131
226.049278 131
226.055268 131
226.059267 129
226.065272 128
226.069268 128
226.075309 128
226.079272 129
226.085272 130
226.089268 131
226.095270 131
226.102276 132
226.104265 132
226.110270 131
226.114269 132
226.120280 132
226.124274 131
226.130274 129
226.134265 129
226.140270 128
226.144283 128
226.150272 128
226.154272 128
226.160274 129
226.164273 129
226.170271 131
226.174282 131
226.180210 131
226.184324 131
226.190194 130
226.194274 128
226.200277 128
226.204283 128
226.210264 128
226.214265 129
226.220278 130
226.224271 131
226.231269 130
226.235273 129
226.241278 128
226.245277 128
226.251214 128
226.254306 129
226.260276 129
226.264215 129
226.270279 129
226.274272 128
226.280223 128
226.284277 128
226.290274 128
226.294266 129
226.300282 129
226.304283 129
226.310274 129
226.314201 129
226.320273 129
226.324278 128
226.330273 129
226.334273 130
226.340273 131
226.344277 131
226.350249 130
226.354269 130
226.360271 131
226.364274 130
226.370215 130
226.374271 129
226.384275 129
226.388275 130
226.391269 131
226.401444 130
226.404276 130
226.405264 130
226.410267 129
226.414273 131
226.420275 132
226.424274 132
226.430275 133
226.434276 133
226.440276 133
226.444274 132
226.450279 131
226.454269 130
226.460280 129
226.464279 128
226.470266 128
226.474279 128
226.480274 129
226.484273 130
226.490274 130
226.494271 131
226.500279 131
226.504273 131
226.510283 131
226.514215 131
226.520276 130
226.524274 129
226.530275 129
226.534270 128
226.540275 129
226.544279 130
226.550275 130
226.554274 131
226.560221 131
226.564276 130
226.570274 129
226.574275 129
226.580269 128
226.584271 128
226.590280 127
226.594270 127
226.600279 128
226.604281 129
226.610233 129
226.614274 130
226.620276 129
226.624302 128
226.630276 127
226.634269 127
226.640282 126
226.644275 126
226.650422 127
226.654268 127
226.660276 127
226.664275 128
226.670280 129
226.674274 130
226.680276 130
226.684281 129
226.690228 129
226.694284 128
226.700286 128
226.704274 128
226.710280 127
226.714276 127
226.720196 126
226.724276 125
226.730443 125
226.734278 126
226.740276 127
226.744280 128
226.750275 129
226.754271 131
226.760274 131
226.764275 131
226.770275 131
226.774269 130
226.780298 129
226.784284 129
226.790275 128
226.794216 128
226.800283 128
226.804277 129
226.810273 129
226.814277 129
226.820275 129
226.824282 128
226.830272 128
226.834272 128
226.840283 128
226.844211 128
226.850285 127
226.854277 128
226.860231 129
226.864327 130
226.870327 129
226.874337 128
226.880325 128
226.884325 129
226.890318 130
226.894332 130
226.900324 129
226.904326 128
226.910322 128
226.914320 126
226.920321 126
226.924325 127
226.930328 128
226.934333 129
226.940328 130
226.944312 129
226.950327 126
226.954330 125
226.963319 128
226.965322 131
226.969328 132
226.975333 132
226.979333 129
226.985300 126
226.989326 127
226.995320 130
226.999322 129
227.005326 127
227.009324 125
227.015332 126
227.019319 129
227.026336 132
227.030320 133
227.036329 131
227.040330 128
227.046325 128
227.049322 129
227.055275 131
227.059210 132
227.065290 129
227.069287 126
227.075281 126
227.079272 129
227.085292 130
227.089281 129
227.095224 135
227.099279 141
227.105276 139
227.109286 132
227.115281 126
227.119279 123
227.125285 126
227.129277 128
227.135273 128
227.139279 124
227.145187 121
227.150276 125
227.154277 137
227.160279 142
227.164278 141
227.170276 133
227.174274 128
227.180280 125
227.184278 130
227.190276 131
227.194271 127
227.200227 122
227.204278 121
227.210279 124
227.214220 135
227.220309 136
227.224326 135
227.230326 132
227.234329 129
227.240252 126
227.244328 124
227.250321 122
227.254211 120
227.260288 122
227.267333 126
227.269324 129
227.275327 130
227.279325 131
227.285332 132
227.289322 132
227.295303 133
227.299325 131
227.305330 129
227.309321 128
227.315324 127
227.319323 125
227.325329 125
227.329335 126
227.335326 126
227.339268 127
227.345325 128
227.349329 129
227.355322 129
227.359308 130
227.365324 130
227.370323 129
227.376329 129
227.380333 128
227.386323 128
227.390332 128
227.395323 129
227.399325 130
227.405326 130
227.409323 130
227.415335 130
227.419329 130
227.425225 130
227.429233 130
227.435323 130
227.439337 130
227.445331 129
227.449269 129
227.455301 129
227.459331 128
227.465327 128
227.469336 128
227.475324 128
227.479335 128
227.485331 129
227.489331 130
227.495406 130
227.500331 131
227.504497 132
227.510324 133
227.514321 133
227.520329 132
227.524332 131
227.530328 129
227.534326 126
227.540332 125
227.544331 125
227.550326 126
227.554322 127
227.560325 129
227.564331 129
227.570338 130
227.574308 131
227.580332 131
227.584282 131
227.590329 130
227.594271 129
227.600339 129
227.604333 128
227.610329 127
227.614330 128
227.620332 129
227.624335 128
227.630327 128
227.634317 129
227.640275 129
227.644329 130
227.650333 132
227.657331 130
227.667329 128
227.669333 128
227.671325 128
227.682330 127
227.684196 127
227.685319 128
227.690326 129
227.694331 130
227.700335 130
227.704329 129
227.711335 129
227.715331 129
227.721330 129
227.725329 129
227.731279 128
227.734322 128
227.740335 129
227.744330 129
227.750331 129
227.754333 129
227.760324 130
227.764337 130
227.770328 130
227.774332 129
227.780339 129
227.784333 128
227.790338 128
227.794325 128
227.800327 128
227.804326 128
227.810246 128
227.814331 129
227.820332 130
227.824330 131
227.830324 132
227.834326 131
227.840334 130
227.844332 128
227.850291 127
227.854321 125
227.860332 125
227.864328 127
227.870341 129
227.874339 130
227.880334 130
227.884334 130
227.890333 128
227.894332 127
227.900333 128
227.904325 128
227.910327 127
227.914341 126
227.920331 127
227.924251 127
227.930335 128
227.937331 128
227.939326 129
227.945329 129
227.949306 129
227.955331 129
227.959334 129
227.965276 127
227.969324 126
227.975276 126
227.979326 127
227.985337 127
227.989229 128
227.995328 129
227.999341 130
228.005321 131
228.010329 131
228.014334 130
228.020335 131
228.024334 131
228.030334 131
228.034336 129
228.040333 128
228.044507 126
228.050343 126
228.054334 127
228.060338 128
228.064340 130
228.070327 132
228.074331 133
228.080330 132
228.084283 132
228.090268 132
228.094334 131
228.100330 128
228.104333 127
228.110340 127
228.114323 127
228.120279 127
228.124335 128
228.130271 129
228.134324 130
228.140336 131
228.144252 133
228.150334 132
228.155326 131
228.161329 130
228.165334 129
228.171331 128
228.175335 128
228.180202 129
228.184282 130
228.190284 130
228.194281 131
228.200284 130
228.204284 130
228.210282 129
228.214284 129
228.220284 128
228.224288 128
228.230235 127
228.234281 127
228.240281 128
228.244283 129
228.250280 129
228.254279 131
228.260289 131
228.264283 131
228.270287 131
228.274233 131
228.280286 130
228.284276 127
228.290286 126
228.294283 126
228.300234 126
228.304287 127
228.310288 128
228.314287 129
228.320285 129
228.324287 130
228.330480 131
228.334292 131
228.340288 130
228.344292 130
228.350235 129
228.354287 128
228.360288 128
228.364206 128
228.370343 127
228.374327 128
228.380332 129
228.384334 130
228.390331 130
228.394277 130
228.400382 129
228.404338 128
228.410339 127
228.414318 127
228.420341 126
228.424335 127
228.430334 127
228.434338 127
228.440339 128
228.444281 129
228.450344 129
228.454336 130
228.460338 129
228.464335 129
228.470331 129
228.474330 129
228.480336 129
228.484338 129
228.491390 128
228.495332 128
228.501330 127
228.505335 127
228.511200 128
228.515333 129
228.520339 129
228.524337 129
228.530333 129
228.534331 130
228.540338 130
228.544335 129
228.550335 130
228.554330 130
228.560333 129
228.564338 129
228.570334 129
228.574337 130
228.580334 130
228.584245 130
228.590343 129
228.594335 129
228.600341 128
228.604326 129
228.610331 129
228.614329 128
228.620337 127
228.624348 126
228.630331 127
228.634331 128
228.640331 129
228.644335 129
228.650336 130
228.654331 129
228.660350 129
228.664338 129
228.670266 129
228.674336 128
228.680337 128
228.684335 129
228.690336 128
228.694335 127
228.700338 127
228.704320 128
228.710343 128
228.714338 129
228.720330 129
228.724353 129
228.730340 128
228.734339 129
228.740207 129
228.744335 128
228.750310 128
228.754349 128
228.760338 128
228.764337 128
228.770286 129
228.774333 129
228.780338 130
228.784337 130
228.790343 130
228.794311 130
228.800338 129
228.804337 129
228.810336 128
228.814346 128
228.820337 127
228.824339 127
228.830339 128
228.834336 128
228.840337 128
228.844501 129
228.850335 130
228.854339 130
228.860336 131
228.864277 131
228.870335 130
228.874330 129
228.880338 129
228.884351 129
228.890345 129
228.894339 129
228.901338 129
228.905341 130
228.911333 129
228.915279 128
228.921336 128
228.925332 127
228.930277 127
228.934273 128
228.944338 129
228.948341 129
228.951331 129
228.961338 131
228.964333 131
228.965333 131
228.970339 131
228.974342 129
228.980333 129
228.984341 128
228.990344 128
228.994341 128
229.003334 128
229.005255 128
229.010336 129
229.014324 130
229.020341 131
229.024340 131
229.030326 130
229.035332 129
229.039339 129
229.045455 128
229.049329 128
229.055375 129
229.059337 128
229.065338 129
229.069336 130
229.075339 130
229.079336 130
229.085336 131
229.089341 131
229.095332 130
229.099335 130
229.105341 130
229.109339 129
229.115339 129
229.119278 129
229.125219 130
229.129338 130
229.135337 131
229.139335 131
229.145349 130
229.150317 129
229.154338 129
229.160337 128
229.164337 128
229.170338 129
229.174336 130
229.180338 130
229.184346 130
229.190335 130
229.194332 131
229.200336 131
229.204339 131
229.210339 131
229.214335 131
229.220354 130
229.224336 129
229.230338 129
229.237353 129
229.239331 128
229.245345 129
229.249335 129
229.255342 130
229.259335 130
229.265337 131
229.269341 131
229.275341 131
229.281337 131
229.285336 130
229.289349 129
229.295335 129
229.299338 130
229.305227 129
229.309337 129
229.315339 129
229.319309 129
229.325325 128
229.329324 129
229.335323 129
229.339337 129
229.345337 129
229.349336 130
229.355336 129
229.359345 128
229.365341 128
229.369343 129
229.375292 130
229.379333 130
229.385332 130
229.389257 129
229.395343 129
229.399340 129
229.405285 129
229.409337 129
229.415355 129
229.421351 129
229.425345 129
229.431337 130
229.434344 130
229.439335 129
229.445338 129
229.449338 129
229.455336 129
229.459343 129
229.465340 130
229.469332 131
229.475340 130
229.479337 129
229.485352 129
229.489342 128
229.495271 128
229.499333 128
229.505342 129
229.509344 129
229.515340 129
229.519258 130
229.525308 130
229.529344 131
229.535351 131
229.539347 130
229.545346 130
229.549336 131
229.555339 131
229.559343 130
229.565344 130
229.569334 129
229.575338 128
229.579336 127
229.585348 128
229.589346 129
229.596340 128
229.600344 129
229.606349 129
229.612339 129
229.616347 129
229.620344 129
229.625339 128
229.629307 127
229.635331 127
229.639347 128
229.645339 128
229.649347 128
229.655343 129
229.659338 129
229.665340 129
229.669341 129
229.675345 129
229.679344 129
229.685321 129
229.689320 129
229.695347 128
229.699342 128
229.705346 128
229.709339 129
229.715341 129
229.719349 129
229.725344 130
229.729287 131
229.735298 130
229.739334 129
229.745342 129
229.749337 128
229.755342 128
229.759335 128
229.765264 128
229.769351 129
229.775249 130
229.779337 131
229.785346 132
229.789354 132
229.795344 132
229.799282 131
229.805334 130
229.809343 129
229.815343 129
229.819348 129
229.825283 129
229.829334 131
229.835344 131
229.839343 131
229.845339 130
229.849337 130
229.855335 130
229.860342 131
229.866343 132
229.870286 132
229.876287 133
229.880344 133
229.885342 133
229.889342 131
229.895340 131
229.899340 131
229.905342 131
229.909346 132
229.915293 132
229.919341 131
229.925340 131
229.929344 131
229.935346 131
229.939339 131
229.945340 131
229.949288 131
229.955701 132
229.959338 133
229.965340 133
229.969339 134
229.975338 132
229.979342 132
229.985347 133
229.989346 132
229.995359 132
229.999339 130
230.005452 129
230.009265 129
230.015249 129
230.019160 129
230.025224 130
230.029214 130
230.035289 130
230.039297 130
230.045295 130
230.049293 129
230.055296 129
230.059315 129
230.065297 129
230.069298 129
230.075296 129
230.079295 129
230.085295 129
230.089292 130
230.095301 130
230.099296 129
230.105294 128
230.109202 127
230.115309 128
230.119295 128
230.125301 129
230.129295 130
230.138293 131
230.140296 132
230.145297 132
230.149297 131
230.155294 130
230.159293 129
230.165295 128
230.170234 127
230.174231 128
230.180297 129
230.184300 130
230.186337 130
