86.068428 199.123
86.072421 197.57
86.078524 197.57
86.082394 196.797
86.088395 196.797
86.092662 193.61
86.098384 193.61
86.102371 198.073
86.108414 195.898
86.113401 190.906
86.117403 193.848
86.123426 197.717
86.127400 196.026
86.133397 196.939
86.137424 199.752
86.143396 194.489
86.147424 195.021
86.153397 194.263
86.157400 197.307
86.165400 198.073
86.168399 195.021
86.173412 197.19
86.179404 196.543
86.182398 192.2
86.187401 194.618
86.193399 194.618
86.197404 194.618
86.203403 192.961
86.209412 191.552
86.212402 197.434
86.219406 197.434
86.222396 191.552
86.227403 192.096
86.233404 200.529
86.237397 196.163
86.243406 193.982
86.247406 195.389
86.253411 195.256
86.257397 188.521
86.265407 191.672
86.268531 194.618
86.273396 191.031
86.277396 197.307
86.283392 196.665
86.287402 198.204
86.295403 199.279
86.298402 203.342
86.303406 197.952
86.307398 194.263
86.313408 195.78
86.317404 200.529
86.324410 196.026
86.328381 190.032
86.334404 192.096
86.338397 200.529
86.344402 207.002
86.347373 197.717
86.353374 193.08
86.357404 197.434
86.363404 198.346
86.367407 198.977
86.373344 199.902
86.377403 196.797
86.383406 197.307
86.387398 196.665
86.393403 199.279
86.397419 199.902
86.403444 192.44
86.407403 196.163
86.413410 198.346
86.417390 193.848
86.423397 193.724
86.427403 200.848
86.433405 198.977
86.437400 193.61
86.443404 200.684
86.447399 208.828
86.453411 202.872
86.458404 200.684
86.462402 196.026
86.468406 198.204
86.472403 200.529
86.478410 200.684
86.482396 195.256
86.488410 194.489
86.492402 193.724
86.498405 200.529
86.505404 207.425
86.507396 200.684
86.513404 200.848
86.517405 201.308
86.523421 199.123
86.527401 202.566
86.533405 200.848
86.537394 195.389
86.543402 192.2
86.547401 196.939
86.553405 196.163
86.557404 193.08
86.563403 203.039
86.567351 202.425
86.573405 193.349
86.578405 193.724
86.582407 198.346
86.588394 203.828
86.592399 198.204
86.598398 196.543
86.602399 196.026
86.608399 195.021
86.612409 197.307
86.618409 197.57
86.622397 195.389
86.628402 192.44
86.632471 193.349
86.639478 192.575
86.645479 202.252
86.647470 203.494
86.653430 196.939
86.658407 200.385
86.662475 194.371
86.668466 197.434
86.672481 197.434
86.678479 192.961
86.682476 193.61
86.688504 193.724
86.692478 195.256
86.698478 195.389
86.702479 200.062
86.708521 196.797
86.712489 193.724
86.718480 195.389
86.722477 196.797
86.728485 193.724
86.733480 195.78
86.737546 196.665
86.743483 192.315
86.747481 197.434
86.753477 196.797
86.757487 194.489
86.763477 195.256
86.767481 199.444
86.773482 196.939
86.777478 191.442
86.783487 189.18
86.787482 195.78
86.793476 202.566
86.797482 198.977
86.803504 189.932
86.807489 192.852
86.813489 200.385
86.817483 199.752
86.823478 198.497
86.827435 195.533
86.833494 192.2
86.839477 191.442
86.842456 198.204
86.847477 200.848
86.853482 195.256
86.857485 191.343
86.867479 198.073
86.871475 199.902
86.872483 200.848
86.883490 201.308
86.886481 198.204
86.887472 195.78
86.892482 196.797
86.898606 199.279
86.902489 202.089
86.908480 193.21
86.912420 187.323
86.918479 198.204
86.922478 205.232
86.928480 202.872
86.932483 193.08
86.938416 193.848
86.942474 201.159
86.948490 203.494
86.952482 195.256
86.958434 192.315
86.962482 197.57
86.968432 201.467
86.972483 200.062
86.977482 197.717
86.983482 196.163
86.987421 193.848
86.993483 193.08
86.997487 196.163
87.005428 199.902
87.008483 193.08
87.013393 200.848
87.017535 203.217
87.023525 192.44
87.029525 189.275
87.032536 199.752
87.037415 204.443
87.043540 198.346
87.047532 197.434
87.055467 198.497
87.058526 198.658
87.063523 193.982
87.067525 196.163
87.073526 197.717
87.077541 196.469
87.083533 197.717
87.087524 197.717
87.093530 198.977
87.097525 198.204
87.103515 196.543
87.107568 192.096
87.113539 192.754
87.117531 194.489
87.124530 195.389
87.128520 192.315
87.134525 197.434
87.138528 202.566
87.144534 204.277
87.147524 203.494
87.153523 196.939
87.157522 193.982
87.163530 189.932
87.167530 189.275
87.173525 199.123
87.177524 203.404
87.183525 193.848
87.187528 186.561
87.193548 190.906
87.197452 198.658
87.203522 201.467
87.207535 200.529
87.213543 195.898
87.217529 194.618
87.223524 199.752
87.227824 201.159
87.233393 198.977
87.237382 195.898
87.243383 193.08
87.247522 195.898
87.253539 196.163
87.257437 199.123
87.263426 194.756
87.267511 194.618
87.273385 198.346
87.280499 200.062
87.282485 196.797
87.288488 191.343
87.292484 194.263
87.298488 198.073
87.302482 200.529
87.310482 199.123
87.313474 194.489
87.318477 191.672
87.322478 194.489
87.328418 195.389
87.334316 196.939
87.339873 195.389
87.342563 196.797
87.348478 196.026
87.352367 197.091
87.358369 197.717
87.362366 190.906
87.368482 195.133
87.372485 195.133
87.378483 192.2
87.382477 194.618
87.388484 198.204
87.392483 195.133
87.398488 193.507
87.402483 193.61
87.408435 199.752
87.412490 201.308
87.418490 192.315
87.422479 189.932
87.428483 195.133
87.432490 203.494
87.438491 198.204
87.442491 194.618
87.448485 192.961
87.452487 192.315
87.458482 196.797
87.462486 195.256
87.468483 196.797
87.472482 199.752
87.478488 197.874
87.482478 196.163
87.490489 196.026
87.493484 199.752
87.498482 196.939
87.502476 188.521
87.508482 187.211
87.512483 199.902
87.518484 201.308
87.522427 198.842
87.528422 194.618
87.532482 200.412
87.538484 201.636
87.542479 195.389
87.548462 189.932
87.552493 191.552
87.558488 203.828
87.562482 202.089
87.568499 195.133
87.572484 193.848
87.578430 196.797
87.582531 199.902
87.588531 204.443
87.592501 196.026
87.598538 192.961
87.603526 199.752
87.609531 201.308
87.613539 201.936
87.619524 196.665
87.623446 192.852
87.628530 193.724
87.632527 197.434
87.638534 194.371
87.645530 196.665
87.647418 205.232
87.653538 195.389
87.657536 195.389
87.663526 203.039
87.667532 200.848
87.673557 198.346
87.677528 195.256
87.683517 191.442
87.687454 191.672
87.693519 196.939
87.697533 199.279
87.703534 196.026
87.707538 190.686
87.713529 191.552
87.717543 204.443
87.723476 203.828
87.727471 196.026
87.733486 185.526
87.737527 187.019
87.746535 200.529
87.747537 205.847
87.752514 198.977
87.758525 191.552
87.762528 189.18
87.768533 196.939
87.772532 200.848
87.778535 197.717
87.782535 196.665
87.788534 192.44
87.792533 193.848
87.798533 200.25
87.804483 205.061
87.807528 198.842
87.812547 192.096
87.818527 192.852
87.825528 196.797
87.827522 197.57
87.833525 197.434
87.837529 198.497
87.843530 193.08
87.847528 187.864
87.853529 198.977
87.857552 206.635
87.863649 200.25
87.869440 193.08
87.872434 193.499
87.877446 197.717
87.883437 197.307
87.887442 194.371
87.893437 196.026
87.897439 192.315
87.903444 194.371
87.910444 198.073
87.912434 196.665
87.918437 195.256
87.922442 196.939
87.928437 202.714
87.932445 194.489
87.938437 191.552
87.942434 193.08
87.948445 200.385
87.952441 196.797
87.958440 193.507
87.962440 192.961
87.968444 196.026
87.972439 201.467
87.978439 199.752
87.984440 193.08
87.991438 193.21
87.992438 197.091
87.997446 196.163
88.003433 198.204
88.007435 193.61
88.013438 195.021
88.017438 201.022
88.023439 199.902
88.027442 188.521
88.033440 195.133
88.037435 202.252
88.043509 199.279
88.047551 196.163
88.053542 193.08
88.057535 192.852
88.063531 196.026
88.067540 203.828
88.073493 198.977
88.077539 195.021
88.083535 195.021
88.087531 200.385
88.093534 198.977
88.097547 197.434
88.103537 195.898
88.109534 193.61
88.112536 194.618
88.117489 198.346
88.123534 196.163
88.127533 196.163
88.133528 196.797
88.137532 196.797
88.147513 200.529
88.151532 197.254
88.152536 197.57
88.163533 192.315
88.166483 197.434
88.167529 199.902
88.172537 194.489
88.178534 191.442
88.182477 195.389
88.188469 201.467
88.192548 196.665
88.198538 198.977
88.202551 199.279
88.208541 194.618
88.212505 198.977
88.218526 198.204
88.222522 191.442
88.228540 194.371
88.232479 196.797
88.238540 196.939
88.242530 193.724
88.248535 193.724
88.252538 198.977
88.258561 200.385
88.262412 202.714
88.268493 200.385
88.272489 195.78
88.278434 195.021
88.282483 201.792
88.288500 201.936
88.292493 196.431
88.298490 192.852
88.305486 196.543
88.307444 197.434
88.313489 197.434
88.317493 197.434
88.323492 196.665
88.327485 194.263
88.333488 195.133
88.337493 202.089
88.343490 198.842
88.347484 196.665
88.353427 198.842
88.360549 196.797
88.362527 200.529
88.368536 196.311
88.372472 197.717
88.378520 196.026
88.382543 196.939
88.388534 197.57
88.392461 195.389
88.398544 198.204
88.402539 195.133
88.408538 196.665
88.412409 201.159
88.418500 198.716
88.422484 195.78
88.428501 196.543
88.432483 198.842
88.438438 196.797
88.442486 197.434
88.448480 194.618
88.452496 195.021
88.458563 196.797
88.464575 199.752
88.467488 196.797
88.472436 196.543
88.478488 195.898
88.482485 198.073
88.488439 202.566
88.492485 197.57
88.498498 195.898
88.502490 194.489
88.508414 196.543
88.512544 198.977
88.518534 202.714
88.525540 196.665
88.527528 191.343
88.533538 195.78
88.539530 201.159
88.543528 200.25
88.548540 194.489
88.552540 194.263
88.558536 198.716
88.562545 202.872
88.568521 202.089
88.572519 197.57
88.578404 198.073
88.582490 195.256
88.588491 196.026
88.592417 199.752
88.598491 197.57
88.602721 196.163
88.608488 194.618
88.612483 200.529
88.618483 201.467
88.622488 199.752
88.628489 195.021
88.632483 197.434
88.638495 200.529
88.642483 195.021
88.648504 198.073
88.652495 197.57
88.658484 192.961
88.662493 194.371
88.668489 198.977
88.672488 198.204
88.678488 194.263
88.684493 196.665
88.687484 198.073
88.692489 195.898
88.698488 200.25
88.702479 195.898
88.708499 196.665
88.712488 197.307
88.718489 195.389
88.722487 198.346
88.728429 196.163
88.732497 195.898
88.738490 194.489
88.742489 201.159
88.748493 199.123
88.752678 195.898
88.758499 194.371
88.762482 194.371
88.768490 196.431
88.772416 198.842
88.778488 198.842
88.782484 195.133
88.788489 194.371
88.792487 195.78
88.797484 202.089
88.803493 201.936
88.807482 194.371
88.813515 192.852
88.817499 193.08
88.823434 200.529
88.827541 196.797
88.833540 194.489
88.837514 195.133
88.843518 192.961
88.847548 199.902
88.853544 205.412
88.857541 196.163
88.862533 192.754
88.868541 195.78
88.872515 199.752
88.878539 200.385
88.882605 196.665
88.888546 194.263
88.892536 193.61
88.898542 197.307
88.902532 197.57
88.908549 196.665
88.912479 194.263
88.918535 195.133
88.922538 200.529
88.928535 203.494
88.932544 198.842
88.941536 199.752
88.942529 198.073
88.948544 197.434
88.954539 201.308
88.958526 198.977
88.964534 196.431
88.968541 195.256
88.973541 195.898
88.977457 196.665
88.983536 198.204
88.987531 196.026
88.993536 197.307
88.997537 196.665
89.003536 199.612
89.007544 201.936
89.013539 197.434
89.017531 198.842
89.023540 198.073
89.027551 196.797
89.033510 201.159
89.037544 198.204
89.043543 196.026
89.047534 192.961
89.053537 194.756
89.057552 201.467
89.063459 196.939
89.067531 196.543
89.073395 193.507
89.077406 195.256
89.083406 202.872
89.087404 202.714
89.093400 195.021
89.097404 196.543
89.103368 199.123
89.107359 202.252
89.113386 196.797
89.117377 198.977
89.123382 200.385
89.127382 193.724
89.133423 198.842
89.137419 200.529
89.143418 197.434
89.147411 192.754
89.153422 197.57
89.157411 201.159
89.163413 193.61
89.167414 197.952
89.173392 200.529
89.177423 197.307
89.183418 197.19
89.187417 203.494
89.193418 203.494
89.197456 192.666
89.203497 192.003
89.207486 196.665
89.216450 199.612
89.217485 198.204
89.222407 194.618
89.228550 195.256
89.232543 196.543
89.238539 200.529
89.242548 206.635
89.248543 200.385
89.252541 195.78
89.258542 195.78
89.262546 201.792
89.268551 201.792
89.272540 198.204
89.278540 195.898
89.282540 194.371
89.288544 197.307
89.294539 202.089
89.297543 201.467
89.302535 195.256
89.308538 190.79
89.312521 195.133
89.318538 200.385
89.322536 200.529
89.328454 197.57
89.332536 193.724
89.338479 194.371
89.342545 201.792
89.348547 202.089
89.352545 200.385
89.358547 194.489
89.362536 193.61
89.368540 195.133
89.372543 201.159
89.378559 199.612
89.382539 195.133
89.388544 194.918
89.393543 192.096
89.399544 201.936
89.403536 200.684
89.409538 196.431
89.413537 195.576
89.418542 198.073
89.428567 203.342
89.432539 198.346
89.433532 196.543
89.445455 193.724
89.447535 198.716
89.448676 205.061
89.453539 202.252
89.457492 193.61
89.463538 192.096
89.467541 199.361
89.473537 202.089
89.477539 203.494
89.483540 196.665
89.487548 192.666
89.493545 196.431
89.497535 203.342
89.503538 204.443
89.507545 194.618
89.513538 194.165
89.517542 197.307
89.523538 204.12
89.527537 200.529
89.533416 193.724
89.537550 194.489
89.543541 194.371
89.547542 198.842
89.553546 202.252
89.557531 199.902
89.563538 191.552
89.567542 194.371
89.573542 197.57
89.577543 201.936
89.583545 199.123
89.587544 198.073
89.593540 195.78
89.597576 192.852
89.603544 198.842
89.613411 204.277
89.615429 198.204
89.617492 191.343
89.623490 192.852
89.627495 196.665
89.635489 203.494
89.638495 197.19
89.643499 193.507
89.647498 196.543
89.653496 196.665
89.657493 201.308
89.663423 199.752
89.667503 192.852
89.673420 192.096
89.677416 199.752
89.683424 204.443
89.687410 200.385
89.693421 193.61
89.697411 195.78
89.703416 201.159
89.707382 201.159
89.713423 195.256
89.717419 189.842
89.723418 193.61
89.730504 199.612
89.732409 199.612
89.738429 195.133
89.743423 195.021
89.749418 197.307
89.753414 204.12
89.761417 202.089
89.763473 194.371
89.768415 196.543
89.772415 195.021
89.778417 194.263
89.783408 201.02
89.787414 201.792
89.793421 195.133
89.797412 192.096
89.803416 194.371
89.807415 198.346
89.813433 199.752
89.817420 195.78
89.823412 195.256
89.827417 198.204
89.833417 195.256
89.837417 201.159
89.843416 202.089
89.850418 192.315
89.852416 193.848
89.858417 194.756
89.862415 199.902
89.868417 200.529
89.872418 195.389
89.878414 192.315
89.882416 199.123
89.888435 202.872
89.892421 201.936
89.898414 198.842
89.902420 193.507
89.908423 195.021
89.914417 200.385
89.917418 200.25
89.922387 200.25
89.928421 201.792
89.932418 197.19
89.938418 195.133
89.942397 201.308
89.948394 195.021
89.957421 195.021
89.960413 199.752
89.962412 197.57
89.968426 200.385
89.972415 200.529
89.978421 200.385
89.982413 197.307
89.988418 199.612
89.992405 202.089
89.998778 195.898
90.002426 189.842
90.008418 194.371
90.012416 199.612
90.018496 203.342
90.022499 197.717
90.028498 189.275
90.032497 191.343
90.038492 198.716
90.042493 202.714
90.048503 201.658
90.052500 196.665
90.058491 194.371
90.062497 196.665
90.068451 203.657
90.072511 198.977
90.078498 188.521
90.082522 189.842
90.088424 193.724
90.092388 201.159
90.098551 198.842
90.102550 195.021
90.108469 192.096
90.112549 198.073
90.118553 201.159
90.122542 198.842
90.128671 196.431
90.132466 195.673
90.138554 194.918
90.142544 198.842
90.148547 200.125
90.152551 194.826
90.158538 200.125
90.162519 195.78
90.168519 195.133
90.172548 198.977
90.178544 198.073
90.182549 197.952
90.188548 195.898
90.192551 201.159
90.198542 202.566
90.202548 199.482
90.209458 197.841
90.213550 197.307
90.219547 200.385
90.223681 199.752
90.229557 194.371
90.233521 192.315
90.241548 200.529
90.242540 203.494
90.247552 202.872
90.253542 197.307
90.257542 194.263
90.264865 199.612
90.267410 201.936
90.273426 201.936
90.277406 195.898
90.283429 195.256
90.287427 199.612
90.293425 198.842
90.297445 198.842
90.303422 196.543
90.307443 197.19
90.313425 199.752
90.317426 197.434
90.323414 199.482
90.327422 199.612
90.333422 197.307
90.337923 198.977
90.343420 197.307
90.347419 197.434
90.353429 198.073
90.357425 197.434
90.363420 198.977
90.367429 197.434
90.373425 195.898
90.377427 195.898
90.383421 198.497
90.387419 196.797
90.393448 192.852
90.397413 200.25
90.403421 198.204
90.407428 195.133
90.413428 198.073
90.417422 198.977
90.423425 198.073
90.427421 194.371
90.433425 202.872
90.437459 199.902
90.443420 190.686
90.447426 192.2
90.453427 194.489
90.457426 196.543
90.463418 196.665
90.467408 197.434
90.473427 196.543
90.477426 196.665
90.483426 197.57
90.487422 201.159
90.493426 198.842
90.497427 197.19
90.503425 195.78
90.507425 198.073
90.513423 196.543
90.517431 197.307
90.523420 198.073
90.527426 195.256
90.533427 194.489
90.537423 197.434
90.543428 198.977
90.547414 194.618
90.553427 196.797
90.557445 197.57
90.563445 196.543
90.567422 195.256
90.574427 198.073
90.578418 203.494
90.584375 197.57
90.588433 190.686
90.594405 194.489
90.598371 201.02
90.603428 203.342
90.607419 198.204
90.613429 191.442
90.617428 193.724
90.623411 200.385
90.627421 200.385
90.633426 197.434
90.637427 193.61
90.643426 194.263
90.647421 200.25
90.653399 201.02
90.657415 194.263
90.663425 192.754
90.667422 195.673
90.673442 197.19
90.677424 201.792
90.683426 199.752
90.687427 198.073
90.693430 197.19
90.697423 196.665
90.707424 201.159
90.711427 197.19
90.712421 196.543
90.725431 197.19
90.728436 195.78
90.729416 201.792
90.732427 201.936
90.738492 197.841
90.742496 195.673
90.748510 202.566
90.752509 200.529
90.758413 195.78
90.762496 199.752
90.768506 199.123
90.772453 198.204
90.778526 198.204
90.782482 195.256
90.788551 195.898
90.792564 199.752
90.798549 200.529
90.802545 197.434
90.808550 192.852
90.812475 198.204
90.818498 199.123
90.822544 202.089
90.828548 198.842
90.832561 195.133
90.838548 195.673
90.842543 197.307
90.848473 198.073
90.852550 193.414
90.858557 195.78
90.862912 199.752
90.868898 202.714
90.872539 200.385
90.878548 193.724
90.882535 197.307
90.888560 198.977
90.892559 197.952
90.898552 195.78
90.902551 194.918
90.908551 195.133
90.912530 197.952
90.918547 200.529
90.922547 196.797
90.928425 195.133
90.932503 194.489
90.938500 196.163
90.942502 199.612
90.948503 197.307
90.952500 199.612
90.958497 197.084
90.962498 201.02
90.968498 202.566
90.972501 197.434
90.978502 201.02
90.982498 199.612
90.988507 193.848
90.992507 191.552
90.998654 193.724
91.002495 196.026
91.008505 198.497
91.012506 201.936
91.018496 196.163
91.022446 198.204
91.028498 196.543
91.032502 199.612
91.038498 199.752
91.042501 197.307
91.048503 195.898
91.052511 196.797
91.058509 199.612
91.062502 201.159
91.068448 198.977
91.072498 198.842
91.078498 195.133
91.082423 202.872
91.088510 202.089
91.092509 196.026
91.098540 195.898
91.102417 198.073
91.108516 203.342
91.114502 200.385
91.117497 197.307
91.122429 195.021
91.128514 194.165
91.132496 195.898
91.138504 201.936
91.142499 200.385
91.148503 197.434
91.152506 200.385
91.158504 201.936
91.162503 201.159
91.168509 201.02
91.172650 196.431
91.178561 197.19
91.182553 195.021
91.188551 195.78
91.192494 198.842
91.198555 199.752
91.202553 199.123
91.208549 194.489
91.212553 199.902
91.218499 201.467
91.222556 196.665
91.228555 192.315
91.234531 192.2
91.237546 194.489
91.243436 197.307
91.247515 200.529
91.253509 195.133
91.257453 193.61
91.263500 198.073
91.267513 201.159
91.273512 198.204
91.277411 195.021
91.283503 195.78
91.287504 197.952
91.293511 198.716
91.297511 199.251
91.303499 195.78
91.307501 197.19
91.313506 198.073
91.318502 198.842
91.322506 199.612
91.328515 191.919
91.332503 192.666
91.338507 197.841
91.342503 200.891
91.348508 197.084
91.352509 198.073
91.358456 198.716
91.362503 200.25
91.368504 200.125
91.374452 193.61
91.378501 196.431
91.384518 198.073
91.388508 195.898
91.393508 196.665
91.397504 196.026
91.403503 194.489
91.407503 196.026
91.413502 197.57
91.417502 194.489
91.425505 196.797
91.428500 200.848
91.433510 198.977
91.438507 193.61
91.442506 199.482
91.448417 198.073
91.452452 197.434
91.458510 195.133
91.462506 190.507
91.468506 196.431
91.472700 201.792
91.478412 200.385
91.482500 200.25
91.488510 199.361
91.492520 201.534
91.498505 200.891
91.502499 200.125
91.508507 201.159
91.512504 193.414
91.518498 192.666
91.522503 197.841
91.528507 200.25
91.532503 200.891
91.538503 201.02
91.542500 201.936
91.548503 198.977
91.552504 197.307
91.558504 199.902
91.562444 198.842
91.568500 199.612
91.572503 198.204
91.578500 193.848
91.582504 197.307
91.588505 202.714
91.592504 202.872
91.598505 193.21
91.602501 192.315
91.608505 199.279
91.612504 198.073
91.618514 198.842
91.622511 201.159
91.628505 195.78
91.632495 197.19
91.638505 202.428
91.642505 204.12
91.648501 199.482
91.652502 198.073
91.658504 197.952
91.662501 199.612
91.668513 193.507
91.673505 196.543
91.679505 201.159
91.683504 198.842
91.689504 195.78
91.693502 200.385
91.698497 201.936
91.702500 200.25
91.708509 199.482
91.714504 198.716
91.717499 195.133
91.725519 194.371
91.728434 198.842
91.733503 195.673
91.738503 193.507
91.742503 197.307
91.748514 199.752
91.752510 199.752
91.758432 197.307
91.762505 196.797
91.768489 198.346
91.772504 196.163
91.778508 195.021
91.782464 196.665
91.788505 200.529
91.792509 196.026
91.798509 195.256
91.804508 195.78
91.807450 194.371
91.812513 200.891
91.818501 201.792
91.822504 197.952
91.828503 193.414
91.832510 198.716
91.838502 202.428
91.842506 197.952
91.848504 196.543
91.852511 196.543
91.858510 195.78
91.862505 195.898
91.868508 196.665
91.872453 195.898
91.878501 196.543
91.882505 195.78
91.888504 196.665
91.892444 199.612
91.898506 200.385
91.902515 200.385
91.908509 194.918
91.912505 198.073
91.918506 201.792
91.922446 200.529
91.928494 197.952
91.934507 196.665
91.937506 197.57
91.944436 194.489
91.948510 198.977
91.954502 199.612
91.958505 192.961
91.964503 195.133
91.967498 196.026
91.973511 196.665
91.977505 198.073
91.987504 195.898
91.991503 198.842
91.992445 193.331
92.003511 195.78
92.006500 202.428
92.007497 197.307
92.012515 196.431
92.018546 201.159
92.022452 203.494
92.028506 201.02
92.032507 195.898
92.038507 197.434
92.042505 190.686
92.048508 194.618
92.052502 199.752
92.058508 197.307
92.062500 194.918
92.068451 196.543
92.072592 202.714
92.078512 204.749
92.082504 199.482
92.088511 194.918
92.092508 195.021
92.098511 202.714
92.102507 200.25
92.108562 198.977
92.112505 195.898
92.118509 191.552
92.122510 199.612
92.128512 200.529
92.132505 197.57
92.138509 190.686
92.142505 192.2
92.148510 199.612
92.152509 195.898
92.158506 196.665
92.162514 194.263
92.168510 196.543
92.172510 201.02
92.178508 197.307
92.182505 197.084
92.188505 196.543
92.192508 197.19
92.198513 194.263
92.202506 197.952
92.208514 198.842
92.212510 196.026
92.218504 197.434
92.222509 197.434
92.228507 200.25
92.232513 198.073
92.238507 200.891
92.242509 197.307
92.248512 197.19
92.252505 192.666
92.258509 197.084
92.262511 201.792
92.268509 200.25
92.272460 198.073
92.278509 200.25
92.282503 198.716
92.288508 197.307
92.292506 201.159
92.298523 196.665
92.302509 193.507
92.308509 192.754
92.312511 197.434
92.318463 197.434
92.322507 197.434
92.328515 196.665
92.332511 196.665
92.338527 197.434
92.342518 201.308
92.349517 201.308
92.353446 198.073
92.359513 195.021
92.363508 196.665
92.369440 202.566
92.372513 198.073
92.378512 195.78
92.382513 194.371
92.388468 195.133
92.392513 198.073
92.398518 198.842
92.402502 198.842
92.408510 201.936
92.412507 198.842
92.418507 198.073
92.424511 198.073
92.427502 201.02
92.433510 201.159
92.437506 197.19
92.445515 196.543
92.448505 197.952
92.453508 198.716
92.457516 199.612
92.463506 198.842
92.467511 194.489
92.473514 196.665
92.477511 202.566
92.483508 201.936
92.487546 197.307
92.493519 196.543
92.497514 199.612
92.503509 200.385
92.507447 194.371
92.513511 193.724
92.517505 195.78
92.523506 194.371
92.527440 201.159
92.533515 199.123
92.537456 198.346
92.543505 198.346
92.547513 199.123
92.553513 198.073
92.557514 195.898
92.563517 200.529
92.568507 198.977
92.572514 194.371
92.578515 197.434
92.582514 199.612
92.588512 198.073
92.592512 196.543
92.598528 195.133
92.602507 195.898
92.608520 196.665
92.612513 200.529
92.618513 198.842
92.622511 198.716
92.628551 199.361
92.632514 199.251
92.640513 200.25
92.643510 196.987
92.648507 194.165
92.652539 196.329
92.658514 195.898
92.662512 194.371
92.668513 196.026
92.672467 200.385
92.678518 200.385
92.682428 195.78
92.688438 195.133
92.692434 194.263
92.698435 194.371
92.702432 195.78
92.708432 197.307
92.712433 197.307
92.718433 196.431
92.724434 200.125
92.727427 202.714
92.732433 198.204
92.738433 195.898
92.742431 195.256
92.748433 194.371
92.752436 198.842
92.760434 198.977
92.763425 195.256
92.768436 194.489
92.772437 195.898
92.778435 194.371
92.782434 198.842
92.788433 198.977
92.792433 195.133
92.798440 195.021
92.802435 198.842
92.808434 199.482
92.812441 198.073
92.818445 196.543
92.822435 195.673
92.828434 197.841
92.832437 198.716
92.838440 195.021
92.842512 192.852
92.849513 198.842
92.853513 197.307
92.859509 192.2
92.863554 198.977
92.869518 196.797
92.872508 196.543
92.878511 199.612
92.882511 196.797
92.888460 195.898
92.892515 199.361
92.898514 201.792
92.902510 199.361
92.908510 195.78
92.912516 198.716
92.918507 202.566
92.922506 196.431
92.928513 198.204
92.932512 195.898
92.938434 191.442
92.942506 198.073
92.948511 198.346
92.952517 197.307
92.958510 198.204
92.962511 203.657
92.968512 198.073
92.972509 194.165
92.978507 198.716
92.982506 198.073
92.988506 198.073
92.992512 199.612
92.998512 196.665
93.004564 196.797
93.007514 198.204
93.013515 201.159
93.017506 201.02
93.023516 197.952
93.027510 195.133
93.033461 197.307
93.037515 201.792
93.043515 199.482
93.047962 195.133
93.053568 197.434
93.057566 199.752
93.063561 198.073
93.067560 196.543
93.073561 197.434
93.077560 200.385
93.083561 198.204
93.087564 197.307
93.093535 193.61
93.097503 198.842
93.103566 202.714
93.107558 200.529
93.113558 196.665
93.117570 193.724
93.123558 196.026
93.129561 198.204
93.132554 201.159
93.137573 200.25
93.143565 196.431
93.147561 198.073
93.153560 200.385
93.157565 200.385
93.163560 202.566
93.167554 200.25
93.173570 199.612
93.177563 198.204
93.183564 195.133
93.188563 201.159
93.194563 198.842
93.198561 197.434
93.204567 202.714
93.208571 201.308
93.213561 201.936
93.217509 201.02
93.223554 199.752
93.227559 198.204
93.233560 195.021
93.237555 195.78
93.243565 191.343
93.247557 193.61
93.253455 201.936
93.257559 199.612
93.267566 198.6
93.271449 197.19
93.272399 198.842
93.283442 200.385
93.286456 196.543
93.287449 197.307
93.292480 197.434
93.298470 194.371
93.302467 195.898
93.308469 199.612
93.314466 197.19
93.317472 197.434
93.322469 198.842
93.328466 198.977
93.332471 197.841
93.338474 199.482
93.342468 198.842
93.348468 197.307
93.352466 197.307
93.358469 197.952
93.362468 195.673
93.368470 197.434
93.372468 199.612
93.378464 197.307
93.382462 198.073
93.388473 197.434
93.392469 196.665
93.398452 196.543
93.402445 198.073
93.408473 192.003
93.412470 190.507
93.420471 196.543
93.423479 201.02
93.428464 200.125
93.432479 196.543
93.438472 197.307
93.442469 196.665
93.448464 195.898
93.452440 193.61
93.458468 196.026
93.462468 195.389
93.468469 195.256
93.472473 196.797
93.478475 202.089
93.482472 196.163
93.488468 195.898
93.492473 198.204
93.498469 197.307
93.502471 201.159
93.508469 200.385
93.512466 198.842
93.518461 194.918
93.522471 194.165
93.528473 197.952
93.532457 198.073
93.538452 199.612
93.542467 196.431
93.548477 192.096
93.552473 196.543
93.558468 199.752
93.562471 198.073
93.568469 197.307
93.572432 196.543
93.578520 197.434
93.582516 202.566
93.588521 202.566
93.592513 201.159
93.598519 193.61
93.602517 193.08
93.608512 199.123
93.614520 199.123
93.617521 192.961
93.622517 192.096
93.628528 198.073
93.632515 202.714
93.638512 199.752
93.642516 198.204
93.648517 195.389
93.652516 197.434
93.658445 199.752
93.662514 202.252
93.668518 199.752
93.672518 193.724
93.678525 193.848
93.682513 197.434
93.688523 193.507
93.692518 197.307
93.698515 195.78
93.702514 195.898
93.708522 197.19
93.712520 197.434
93.718525 197.57
93.722521 197.434
93.728520 199.752
93.732466 201.308
93.738576 192.003
93.744571 196.543
93.747561 202.089
93.752492 193.848
93.758565 195.133
93.762568 198.977
93.770563 194.489
93.773569 198.204
93.778509 199.752
93.782555 194.371
93.788555 193.414
93.792554 195.78
93.798554 204.9
93.802562 198.716
93.808516 193.507
93.812568 193.507
93.818567 196.665
93.822569 203.039
93.828505 204.277
93.832570 194.489
93.838576 198.977
93.842680 201.159
93.848484 200.385
93.852569 199.612
93.858563 192.096
93.862567 189.842
93.868564 197.307
93.872437 200.385
93.879523 198.346
93.883439 196.797
93.889469 199.902
93.893451 205.232
93.900444 202.089
93.903437 197.434
93.908441 197.307
93.912443 193.507
93.918416 198.716
93.922443 195.576
93.928445 194.165
93.932446 201.02
93.938420 197.952
93.942441 200.01
93.948448 200.25
93.952425 195.021
93.958476 197.952
93.962479 201.159
93.968479 198.716
93.972483 194.918
93.978477 196.543
93.982475 196.431
93.988475 198.073
93.992514 200.684
93.998478 200.385
94.002479 200.385
94.008478 201.308
94.012485 195.533
94.020478 192.2
94.023397 194.489
94.028470 197.307
94.032448 197.19
94.038441 195.133
94.042526 195.256
94.048525 197.952
94.052522 199.612
94.058532 198.977
94.062671 198.204
94.068535 197.307
94.072523 194.918
94.078520 194.263
94.082447 196.543
94.088520 196.543
94.092522 197.952
94.098521 202.428
94.102505 200.385
94.108500 202.089
94.112524 199.752
94.118522 191.442
94.122521 195.021
94.128526 195.133
94.132514 192.096
94.138519 197.19
94.142515 197.952
94.148516 197.19
94.152543 198.204
94.158521 199.902
94.162571 196.026
94.168567 196.665
94.172582 197.434
94.178571 196.665
94.182565 193.61
94.188571 196.665
94.192564 199.752
94.198567 202.428
94.202561 202.089
94.208590 199.902
94.212569 195.256
94.218496 198.346
94.222567 195.898
94.228573 192.2
94.232572 195.78
94.238568 194.165
94.242579 196.431
94.248569 201.792
94.252569 204.12
94.258595 203.199
94.262572 199.361
94.268547 196.665
94.272567 199.482
94.278573 198.6
94.282571 196.665
94.288566 190.79
94.292574 190.79
94.298508 198.204
94.303568 206.635
94.309568 203.039
94.313566 197.57
94.321514 196.311
94.323563 203.657
94.328566 197.952
94.333571 198.716
94.337567 198.842
94.343565 200.125
94.347569 195.256
94.353570 198.497
94.357556 202.252
94.363565 205.412
94.367713 203.828
94.373553 199.902
94.377565 196.797
94.385515 196.939
94.388563 198.346
94.393574 198.716
94.397569 194.918
94.403575 192.666
94.407572 194.918
94.413568 199.612
94.417576 200.25
94.423564 196.543
94.427570 201.02
94.433569 196.543
94.437571 197.307
94.443569 199.752
94.447574 193.724
94.453564 190.032
94.457572 197.57
94.463572 199.752
94.467567 192.096
94.474863 192.754
94.477741 196.543
94.483441 196.543
94.487432 197.19
94.493448 200.771
94.497442 200.25
94.503444 198.073
94.507440 200.385
94.513451 201.658
94.517444 199.482
94.523442 194.371
94.527439 197.434
94.533440 193.61
94.537440 193.507
94.547429 189.095
94.551443 198.204
94.552443 204.277
94.563444 192.2
94.566526 191.442
94.567517 199.612
94.572527 197.717
94.578520 202.428
94.584527 196.665
94.587517 193.507
94.592524 190.79
94.598525 200.385
94.602522 208.828
94.608521 198.204
94.612525 193.61
94.618524 197.841
94.622520 202.714
94.628528 193.414
94.632575 186.132
94.638574 192.666
94.642567 199.361
94.648573 199.251
94.652582 200.125
94.658572 203.199
94.662567 201.936
94.668571 201.159
94.672574 197.307
94.678575 195.898
94.682573 195.256
94.688495 192.096
94.692454 192.852
94.698481 196.665
94.702530 193.724
94.708525 193.724
94.712529 200.385
94.718523 200.529
94.722524 195.021
94.728525 193.61
94.732526 202.714
94.738526 201.159
94.744554 196.431
94.747524 201.02
94.753525 204.443
94.757525 200.529
94.763524 198.073
94.767448 200.385
94.773571 194.371
94.778566 191.442
94.784579 195.133
94.788574 191.175
94.794570 189.021
94.798566 197.434
94.803581 202.425
94.807571 201.308
94.813571 201.308
94.817575 203.342
94.823576 201.936
94.827570 197.434
94.833571 195.133
94.837582 193.61
94.843549 196.543
94.847573 198.346
94.853569 200.385
94.857577 196.665
94.863569 193.848
94.867576 198.346
94.873572 199.279
94.877584 198.204
94.883569 192.315
94.887570 197.952
94.893573 201.792
94.897571 201.02
94.903512 201.159
94.907570 201.159
94.913572 198.842
94.917575 197.307
94.923582 198.204
94.927572 196.797
94.933570 192.852
94.937568 192.961
94.943568 195.256
94.947572 195.256
94.953568 198.977
94.957577 202.714
94.963569 201.308
94.967575 200.385
94.973586 200.684
94.977487 197.434
94.983571 197.434
94.987574 198.073
94.993570 196.939
94.997515 200.848
95.003571 202.252
95.007573 196.026
95.013573 195.389
95.017581 199.902
95.023571 192.754
95.027580 187.609
95.033578 192.754
95.037578 194.263
95.043581 203.066
95.047547 208.655
95.053579 204.9
95.057577 198.6
95.063530 194.371
95.067578 203.494
95.073571 196.543
95.077549 189.021
95.083474 189.18
95.087473 192.961
95.093569 195.133
95.097583 197.307
95.103571 200.385
95.107576 203.494
95.113575 199.752
95.117586 204.277
95.123572 199.612
95.127574 195.78
95.133568 197.084
95.137576 199.612
95.143577 195.021
95.147569 198.842
95.153578 200.529
95.157577 195.256
95.163491 194.371
95.167574 200.684
95.173576 197.57
95.177575 189.095
95.183574 189.095
95.187578 199.482
95.194558 197.19
95.198420 199.612
95.204392 206.306
95.208417 199.482
95.214422 197.19
95.218416 201.159
95.223415 197.57
95.227422 193.724
95.233420 194.489
95.237419 194.618
95.243414 193.507
95.247415 196.665
95.253421 203.342
95.257415 197.19
95.263421 198.842
95.267415 201.936
95.273415 195.898
95.277420 197.307
95.283380 198.842
95.287416 195.898
95.293415 198.842
95.297514 200.25
95.303420 198.842
95.307534 198.842
95.313423 201.159
95.317416 197.434
95.323420 196.797
95.328412 198.497
95.332420 198.073
95.338416 194.371
95.342415 196.665
95.348420 196.543
95.352415 193.61
95.358422 197.434
95.362416 193.61
95.368414 195.256
95.372420 202.089
95.378378 197.717
95.382421 198.204
95.388416 199.612
95.392420 194.618
95.398416 201.159
95.402420 198.977
95.408416 196.163
95.412415 190.686
95.418420 189.095
95.423415 196.543
95.427420 198.977
95.433416 202.252
95.437414 200.385
95.443421 201.159
95.447417 201.792
95.453421 200.385
95.457415 196.797
95.463421 199.123
95.467416 193.61
95.473420 191.442
95.477415 202.714
95.483415 202.714
95.487421 200.529
95.493416 202.872
95.497418 198.346
95.503420 195.256
95.507415 201.308
95.513421 204.277
95.517418 195.021
95.523421 192.961
95.527416 193.848
95.533421 195.021
95.537658 197.952
95.543389 202.872
95.547452 199.902
95.553447 192.961
95.557550 196.665
95.563443 198.716
95.567447 198.716
95.573443 195.673
95.577443 191.254
95.583434 192.666
95.587441 199.482
95.594529 205.061
95.598529 201.467
95.604439 199.123
95.608423 201.159
95.614528 199.123
95.617531 191.552
95.623530 192.315
95.627530 193.61
95.633520 197.434
95.637535 194.165
95.643530 191.343
95.647524 197.19
95.653519 202.566
95.657525 201.792
95.663526 201.308
95.667441 201.308
95.673419 195.133
95.677444 194.371
95.683536 196.665
95.687520 191.552
95.693518 191.442
95.697529 194.618
95.703532 198.204
95.707529 200.529
95.713526 195.389
95.717528 197.434
95.723528 198.842
95.727521 199.482
95.733463 195.673
95.737418 194.918
95.743535 200.125
95.747472 199.251
95.753556 196.901
95.757546 194.918
95.763528 192.003
95.767519 192.754
95.773536 193.507
95.778453 189.18
95.782545 196.543
95.788531 198.346
95.792470 188.621
95.798420 189.275
95.802534 200.684
95.808536 200.684
95.812531 192.2
95.826474 194.756
95.829530 201.467
95.835533 190.686
95.844537 194.618
95.847479 204.443
95.848496 193.08
95.853542 198.842
95.859467 198.842
95.862425 198.716
95.867452 197.307
95.873538 192.852
95.877532 189.021
95.884460 189.763
95.888533 203.066
95.894437 201.534
95.900544 198.6
95.902529 195.673
95.907533 189.095
95.913471 194.918
95.917532 201.658
95.923466 196.431
95.927421 192.754
95.933538 194.489
95.937529 196.026
95.943538 200.684
95.947528 198.497
95.953533 193.848
95.957451 193.982
95.963440 197.091
95.967450 191.552
95.973454 192.961
95.977452 197.434
95.983445 193.507
95.987450 193.414
95.993419 200.385
95.997452 206.465
96.005453 201.936
96.008453 199.482
96.013467 198.977
96.017526 199.902
96.023528 197.717
96.027573 196.797
96.033537 195.389
96.037485 196.665
96.043535 195.389
96.047528 196.026
96.053470 198.977
96.057457 199.612
96.063611 196.665
96.067583 196.797
96.073577 200.529
96.077588 202.714
96.083478 197.434
96.087585 199.752
96.093577 203.494
96.097591 198.977
96.103574 199.612
96.107581 198.497
96.113458 194.618
96.117455 195.256
96.123585 200.529
96.127571 198.977
96.133579 201.159
96.137583 196.797
96.143523 196.163
96.147514 201.467
96.155579 203.828
96.158578 198.204
96.163577 197.307
96.167577 204.277
96.173572 203.494
96.177490 198.977
96.183456 196.665
96.187579 197.19
96.193457 195.673
96.197471 196.665
96.203450 197.434
96.207544 195.898
96.213526 199.752
96.217530 199.752
96.223429 200.684
96.227584 199.123
96.233581 195.898
96.238570 195.021
96.242483 201.792
96.248463 196.665
96.252583 192.003
96.258579 195.133
96.262581 198.842
96.268594 197.57
96.272587 199.123
96.280553 200.062
96.283897 196.026
96.288485 194.756
96.292576 199.902
96.298450 199.279
96.302540 196.797
96.308469 196.665
96.312464 198.073
96.318583 197.307
96.322582 199.612
96.328583 201.159
96.332581 200.25
96.338578 199.612
96.342577 198.842
96.348582 201.02
96.353582 200.25
96.357573 201.792
96.363586 198.204
96.367570 194.371
96.374637 198.204
96.377381 197.307
96.383442 194.371
96.387448 193.724
96.393489 196.026
96.397491 198.073
96.403492 199.902
96.407487 195.256
96.413494 196.797
96.417485 200.385
96.423491 198.977
96.427487 192.852
96.433489 196.665
96.436494 203.494
96.443493 198.073
96.447493 194.371
96.453482 196.797
96.457486 193.61
96.463494 194.263
96.467485 199.612
96.473490 196.665
96.477493 194.263
96.483489 200.385
96.487486 201.308
96.493494 198.073
96.497493 198.842
96.503489 200.684
96.506488 198.977
96.513493 193.724
96.517493 199.902
96.523494 193.724
96.527486 190.686
96.533495 194.371
96.537413 195.256
96.543455 197.307
96.547527 197.434
96.553534 199.752
96.557531 196.026
96.563535 197.307
96.567535 198.073
96.573531 194.489
96.577539 198.204
96.583528 200.529
96.586533 201.936
96.593535 202.714
96.597529 197.434
96.603483 195.389
96.607536 196.665
96.614539 198.842
96.618539 195.673
96.624538 193.61
96.628537 196.543
96.634530 198.204
96.638496 198.204
96.643529 197.307
96.647536 195.898
96.653532 202.714
96.657536 199.752
96.663536 195.898
96.667530 195.021
96.673540 196.665
96.676538 195.021
96.683529 195.898
96.687477 197.434
96.693532 192.315
96.696533 192.852
96.703619 199.279
96.706537 200.848
96.713489 194.756
96.716582 192.852
96.723584 200.529
96.727563 201.308
96.733578 196.543
96.737524 193.724
96.743579 194.371
96.747580 195.673
96.753586 195.78
96.756576 196.543
96.763580 197.952
96.766578 194.918
96.773579 195.78
96.776573 199.902
96.783583 199.612
96.786523 195.256
96.793582 202.566
96.796584 200.385
96.803580 199.482
96.806594 198.842
96.813584 196.543
96.817580 192.852
96.823577 194.489
96.828606 197.57
96.832603 194.263
96.838584 193.848
96.841581 198.977
96.848530 198.346
96.851798 201.308
96.858581 201.467
96.861584 200.385
96.868590 201.308
96.871580 197.57
96.878589 196.026
96.881578 197.307
96.888574 201.308
96.891563 197.57
96.898505 197.57
96.901585 198.073
96.908600 193.61
96.911576 193.414
96.918580 199.482
96.921587 201.02
96.928579 198.842
96.931575 200.25
96.938592 200.385
96.941585 201.792
96.949596 201.02
96.953585 197.57
96.959588 196.543
96.963581 192.315
96.969586 196.665
96.973581 197.717
96.978589 196.797
96.981580 195.133
96.988585 195.389
96.991583 200.684
96.998583 200.684
97.001590 198.497
97.008592 197.57
97.011578 193.08
97.018596 197.434
97.021458 199.279
97.028465 195.533
97.031532 196.026
97.038536 199.752
97.041516 200.385
97.048539 198.204
97.051528 200.529
97.058537 197.307
97.061533 195.78
97.068532 198.842
97.071532 195.021
97.078538 195.898
97.081535 199.612
97.088485 193.61
97.091526 195.78
97.106537 196.797
97.109483 196.939
97.111477 200.684
97.112537 200.529
97.122536 200.529
97.124582 200.385
97.126578 197.57
97.133498 195.021
97.136585 193.507
97.143586 195.898
97.146584 195.256
97.153585 198.346
97.156583 198.497
97.163583 193.61
97.166585 192.961
97.173588 200.385
97.176578 197.57
97.183595 198.842
97.186767 200.385
97.193581 197.307
97.196584 199.612
97.203581 201.159
97.206588 198.073
97.213591 197.952
97.216584 199.482
97.223590 193.724
97.226579 188.521
97.233498 193.724
97.236587 196.665
97.243588 193.61
97.246586 199.612
97.253589 201.308
97.256584 195.898
97.263585 198.204
97.266588 198.204
97.273583 196.543
97.276551 199.482
97.283582 192.096
97.286580 193.61
97.293587 200.385
97.296581 196.797
97.303561 194.371
97.306587 202.089
97.313591 199.902
97.316580 195.256
97.323586 198.204
97.326579 198.204
97.333580 201.02
97.336580 197.434
97.343584 194.489
97.346582 194.263
97.353589 193.61
97.356591 195.133
97.363587 195.133
97.366547 198.204
97.373587 198.073
97.376577 202.872
97.383580 200.385
97.386581 198.204
97.393583 195.898
97.398582 195.021
97.404589 190.507
97.408592 195.133
97.414583 198.842
97.418558 193.61
97.423586 195.78
97.426584 198.716
97.433590 194.371
97.436580 193.507
97.443451 197.307
97.446537 198.716
97.453543 191.919
97.456533 194.918
97.463538 196.665
97.466530 196.797
97.473544 203.828
97.476531 206.022
97.483537 199.902
97.486530 196.939
97.493484 200.848
97.496533 195.389
97.503534 192.2
97.506535 193.724
97.513537 200.684
97.516537 197.434
97.523535 193.724
97.526537 195.133
97.533523 199.123
97.536540 203.973
97.543540 206.465
97.546533 200.529
97.553534 196.543
97.556539 192.003
97.563537 201.159
97.566541 200.529
97.573537 196.543
97.576540 192.961
97.583538 196.026
97.586575 198.977
97.593546 195.256
97.596533 198.658
97.603478 194.489
97.606535 196.163
97.613544 199.279
97.616534 198.497
97.623539 198.977
97.626536 199.612
97.633514 195.256
97.636554 195.021
97.643594 197.952
97.649584 200.385
97.651560 197.307
97.658553 186.132
97.661590 190.591
97.668591 200.891
97.671582 199.123
97.678585 199.752
97.681584 198.346
97.688590 194.618
97.691580 196.543
97.698574 196.026
97.701588 200.529
97.708592 195.389
97.711583 190.686
97.718530 194.371
97.721581 200.529
97.728487 198.346
97.732590 196.026
97.739592 195.021
97.743584 197.57
97.749584 201.792
97.753590 198.073
97.759581 199.902
97.761586 194.371
97.768589 191.919
97.771527 197.952
97.778588 201.02
97.784588 201.02
97.787578 195.898
97.791586 196.543
97.798587 199.482
97.801589 199.752
97.808591 197.57
97.811530 192.315
97.818595 191.343
97.821581 190.032
97.828589 198.073
97.831570 198.346
97.838588 199.123
97.841520 192.096
97.848593 195.78
97.851582 204.9
97.858542 202.252
97.861559 200.529
97.868620 193.507
97.871582 197.19
97.878587 196.431
97.881590 198.073
97.888527 202.714
97.891582 197.434
97.898586 193.414
97.901590 195.021
97.908606 203.342
97.911584 203.199
97.918595 200.01
97.921583 198.716
97.928532 198.073
97.931583 195.898
97.938603 199.752
97.941616 200.684
97.948591 192.315
97.951581 196.797
97.958585 202.252
97.961587 200.062
97.968538 193.848
97.971583 198.204
97.978530 202.089
97.981585 198.073
97.988591 195.133
97.991585 196.797
97.998595 194.371
98.001596 199.752
98.008594 201.936
98.011586 199.612
98.018585 204.277
98.021585 200.25
98.028534 197.19
98.031449 200.125
98.038590 201.02
98.041591 199.482
98.048588 197.434
98.051582 198.842
98.058593 195.256
98.061599 198.204
98.068493 196.939
98.071540 193.724
98.078539 194.618
98.081541 196.939
98.088544 196.026
98.091533 200.684
98.098538 205.232
98.101543 195.133
98.108555 195.78
98.111537 202.089
98.118544 198.977
98.121536 198.977
98.128548 196.665
98.131557 191.672
98.138589 193.61
98.141539 192.2
98.148600 193.08
98.151584 198.073
98.158618 194.918
98.161555 198.716
98.168541 199.482
98.171475 198.842
98.178542 195.021
98.181543 198.842
98.188491 199.123
98.192490 193.724
98.199596 194.618
98.203586 193.848
98.209595 192.852
98.213593 196.026
98.219620 202.872
98.221591 197.307
98.228589 196.665
98.231583 195.021
98.238592 192.754
98.241590 195.898
98.248597 198.716
98.251586 195.021
98.258535 194.489
98.261601 197.307
98.268589 198.977
98.271585 198.346
98.278586 197.434
98.281594 193.61
98.288533 196.026
98.291533 199.752
98.298588 196.797
98.301592 200.529
98.308608 197.717
98.311583 192.961
98.318601 199.612
98.321585 200.125
98.328590 195.78
98.331537 195.78
98.338593 192.852
98.341592 190.507
98.348592 194.918
98.351582 198.716
98.358596 199.752
98.361533 202.714
98.368595 199.612
98.371584 200.529
98.385600 200.529
98.394598 192.2
98.403601 192.315
98.406581 197.434
98.407602 194.489
98.408587 200.062
98.415592 195.389
98.418596 196.543
98.423535 198.842
98.426594 204.749
98.433594 198.6
98.436597 198.494
98.443594 199.361
98.446592 201.42
98.453570 199.361
98.456600 201.658
98.463592 203.342
98.466596 198.6
98.473596 197.434
98.476545 202.089
98.483600 202.089
98.486593 195.898
98.495593 199.752
98.498589 196.543
98.503594 194.489
98.506594 196.163
98.513596 194.756
98.516572 196.939
98.523594 200.062
98.526467 201.022
98.533551 205.232
98.536540 202.566
98.543548 200.25
98.546543 202.299
98.553544 198.716
98.556547 197.952
98.563546 194.826
98.566541 194.918
98.573459 198.716
98.576546 198.977
98.583545 197.434
98.586544 198.204
98.593553 198.073
98.596507 195.133
98.603544 202.428
98.606540 202.089
98.613551 200.01
98.616481 199.361
98.623548 201.159
98.626543 196.665
98.633541 193.724
98.636549 195.256
98.643497 192.961
98.646599 195.389
98.653595 196.311
98.656590 196.939
98.665592 196.797
98.668594 197.57
98.673593 199.612
98.676596 200.25
98.683593 201.792
98.688597 194.263
98.694578 191.254
98.698590 195.021
98.704630 194.371
98.708539 194.165
98.713590 192.754
98.716590 192.961
98.723591 198.073
98.726598 199.902
98.733597 199.752
98.736610 203.657
98.743598 206.635
98.746596 197.434
98.753602 195.021
98.756587 197.57
98.763596 191.343
98.768592 188.43
98.771539 194.618
98.778594 192.852
98.781593 188.521
98.788599 198.346
98.791590 200.232
98.798546 196.026
98.801511 202.872
98.808604 205.847
98.811592 196.543
98.818597 204.12
98.822590 200.529
98.826595 192.003
98.833775 192.666
98.836600 197.307
98.843599 196.329
98.846591 193.507
98.853594 198.073
98.856593 194.263
98.863594 195.133
98.866597 203.494
98.873542 204.443
98.876598 197.434
98.883596 201.936
98.886590 202.714
98.893595 201.159
98.896598 197.307
98.903484 195.898
98.906597 192.754
98.913598 191.254
98.916592 193.724
98.923591 196.026
98.926595 198.497
98.933591 196.163
98.936599 199.279
98.943591 206.206
98.949592 205.061
98.951590 199.361
98.958601 201.792
98.961598 200.891
98.968600 195.673
98.971589 194.918
98.978594 192.096
98.981592 190.434
98.988608 194.371
98.991587 199.123
98.998592 202.089
99.001591 200.062
99.008582 204.277
99.011525 198.073
99.018590 198.977
99.021603 198.073
99.028599 193.507
99.031579 198.6
99.038568 200.25
99.041589 191.343
99.048598 189.932
99.051587 196.665
99.058549 198.346
99.061567 197.57
99.068597 195.898
99.071591 202.089
99.078600 205.061
99.081589 201.159
99.088594 202.566
99.091589 201.792
99.098598 201.658
99.101600 197.19
99.108592 195.133
99.111591 189.842
99.118596 186.938
99.121599 193.507
99.128596 196.026
99.131578 201.159
99.138591 199.752
99.141593 197.717
99.148604 196.797
99.151590 198.073
99.158517 198.842
99.161597 201.159
99.168599 198.716
99.171589 194.371
99.178608 192.2
99.181592 192.754
99.188545 196.543
99.191592 193.61
99.198596 195.78
99.201592 197.952
99.208601 196.431
99.211592 198.842
99.218475 198.6
99.221490 199.361
99.228550 201.658
99.231540 200.891
99.238558 194.918
99.241605 196.431
99.248598 195.898
99.251533 194.371
99.258598 194.489
99.261596 196.797
99.268515 196.026
99.271579 193.21
99.278613 196.797
99.281599 193.982
99.288605 200.684
99.291592 200.529
99.298542 198.204
99.301603 200.125
99.308594 197.952
99.311590 195.78
99.318588 197.307
99.321593 199.612
99.328607 198.073
99.331594 197.307
99.338597 199.123
99.341600 196.026
99.348534 196.665
99.351592 199.752
99.358595 198.977
99.361597 195.256
99.368599 197.57
99.371532 197.57
99.378599 194.371
99.383595 195.898
99.389622 197.434
99.393594 199.123
99.399598 199.123
99.403601 201.936
99.408595 198.977
99.411592 199.902
99.418599 199.752
99.421598 202.089
99.428595 201.936
99.431590 195.021
99.438599 195.78
99.441597 198.842
99.448583 202.714
99.451594 195.021
99.458598 196.543
99.461592 202.872
99.468602 200.385
99.471593 198.842
99.478599 196.797
99.481540 196.665
99.488594 195.256
99.491593 202.872
99.498603 202.089
99.501601 192.961
99.508591 195.256
99.511597 197.57
99.518601 195.256
99.521599 197.307
99.528606 199.752
99.531581 195.021
99.538599 197.952
99.541595 204.277
99.548599 201.159
99.551588 200.385
99.558594 202.566
99.561600 200.385
99.568598 200.771
99.571591 201.02
99.578601 198.073
99.581529 195.78
99.588606 197.434
99.591593 193.724
99.598602 195.256
99.601603 199.123
99.608597 199.902
99.611476 202.252
99.618602 199.279
99.621600 196.939
99.628564 197.434
99.631599 197.434
99.638595 197.307
99.641593 195.133
99.648599 194.371
99.651594 196.665
99.665606 197.434
99.669601 196.543
99.671569 193.724
99.672729 199.482
99.682604 197.307
99.684596 195.78
99.686594 193.61
99.693600 195.673
99.696528 195.576
99.703598 198.716
99.706601 201.792
99.713604 195.78
99.716597 192.852
99.723597 195.133
99.726600 194.371
99.733602 195.256
99.736596 200.529
99.743544 196.665
99.746598 194.371
99.753584 204.277
99.756594 201.159
99.763577 196.543
99.766596 199.752
99.773599 199.123
99.776581 195.256
99.783603 197.434
99.786540 197.57
99.793603 192.852
99.796597 191.343
99.804602 194.263
99.808612 192.754
99.814598 197.307
99.818544 200.385
99.824605 201.792
99.828603 200.385
99.833597 202.566
99.836595 197.434
99.843607 196.543
99.846589 199.902
99.853602 195.133
99.856575 189.095
99.863595 193.724
99.866536 199.612
99.873606 194.489
99.876599 198.842
99.883598 201.159
99.886593 200.529
99.893602 201.308
99.896595 201.936
99.903600 198.842
99.906600 201.159
99.913599 201.936
99.916610 195.133
99.923604 194.263
99.926593 188.282
99.933598 185.348
99.936601 195.576
99.943597 203.342
99.946529 196.543
99.953596 197.952
99.956595 199.612
99.963601 200.25
99.966594 199.482
99.973604 199.612
99.976594 195.021
99.983599 193.331
99.986605 192.852
99.993602 199.612
99.996546 194.489
100.003540 191.254
100.006641 195.673
100.013597 201.159
100.016595 202.089
100.023600 198.346
100.026605 196.026
100.033604 196.797
100.036600 202.872
100.043553 196.026
100.046617 196.797
100.053588 195.389
100.056599 188.43
100.063605 194.263
100.066603 198.073
100.073599 197.19
100.076631 194.077
100.083603 199.251
100.086540 204.607
100.093598 206.155
100.096605 196.543
100.103603 195.898
100.106604 195.898
100.113601 195.256
100.116610 196.797
100.123544 198.977
100.126602 197.434
100.133589 192.2
100.136601 194.371
100.143531 198.842
100.146601 200.385
100.153603 195.021
100.156598 193.724
100.163600 199.612
100.166538 201.936
100.173605 194.489
100.176599 194.489
100.183598 198.842
100.186601 197.307
100.193607 196.543
100.196605 198.842
100.203605 199.482
100.206604 199.482
100.213601 201.658
100.216598 197.307
100.223570 198.716
100.226602 198.346
100.233604 202.714
100.236599 197.57
100.243598 196.665
100.246600 195.898
100.253602 197.434
100.256597 201.936
100.263615 199.612
100.266603 199.752
100.274606 199.752
100.278604 196.797
100.284587 198.073
100.288473 200.385
100.294553 199.482
100.298555 199.612
100.303552 203.494
100.306548 197.434
100.313553 198.977
100.316553 198.204
100.323559 198.977
100.326549 201.792
100.333555 198.204
100.336553 198.204
100.343551 196.797
100.346549 198.346
100.353501 201.936
100.356547 196.665
100.363539 198.073
100.366552 203.494
100.373579 203.342
100.376559 199.752
100.383562 200.529
100.386557 200.684
100.393554 202.714
100.396503 199.752
100.403553 199.902
100.406505 197.57
100.413602 194.371
100.416604 196.026
100.423596 193.61
100.426531 198.842
100.433606 202.566
100.436600 199.612
100.443554 202.566
100.446601 201.308
100.453603 200.385
100.456603 204.12
100.463606 201.792
100.466587 196.431
100.473557 193.724
100.476596 196.543
100.483600 201.02
100.486607 196.665
100.493554 195.256
100.496601 198.073
100.503599 200.385
100.506598 199.123
100.513603 198.073
100.516606 195.256
100.523602 199.752
100.526611 195.78
100.533607 196.543
100.536601 198.842
100.543601 194.489
100.546603 192.754
100.553606 193.724
100.556600 197.307
100.563603 195.898
100.566601 194.489
100.573603 196.026
100.576543 198.842
100.583607 200.125
100.587598 197.307
100.594603 197.19
100.598616 195.78
100.604608 194.263
100.608601 195.576
100.614611 196.665
100.616602 195.133
100.623605 191.442
100.626530 196.665
100.633599 197.434
100.636617 197.434
100.643614 194.618
100.646601 196.665
100.653608 196.163
100.656529 196.665
100.663602 197.434
100.666605 198.977
100.673607 196.543
100.676615 192.096
100.683612 196.543
100.686603 197.307
100.693548 194.371
100.696608 194.263
100.703604 197.952
100.706546 199.612
100.713542 196.665
100.716606 199.752
100.723606 198.977
100.726582 196.665
100.733591 197.434
100.736603 199.612
100.743517 197.307
100.746603 197.19
100.753600 192.754
100.756578 191.552
100.763612 195.898
100.766607 197.57
100.773602 198.346
100.776610 199.752
100.783544 204.443
100.786603 203.494
100.793615 199.612
100.796600 205.682
100.803586 198.204
100.806607 193.61
100.813564 197.952
100.816604 197.084
100.823489 190.507
100.826484 190.591
100.833618 194.489
100.836602 201.467
100.843469 205.061
100.846604 204.443
100.853608 201.467
100.856482 196.797
100.863559 196.939
100.866511 199.752
100.877472 200.385
100.878539 195.021
100.883553 192.003
100.886551 191.343
100.893503 193.507
100.898554 196.665
100.904567 202.872
100.908557 202.252
100.914558 203.039
100.918561 199.902
100.923551 200.385
100.926480 201.936
100.933574 197.952
100.937559 197.841
100.947560 199.361
100.951557 195.576
100.952485 186.81
100.963597 192.588
100.966559 198.204
