151.962757 157
151.968009 157
151.970893 148
151.978071 149
151.980875 152
151.984882 156
151.990894 157
151.994897 156
152.003917 148
152.006887 150
152.010891 154
152.014891 147
152.020891 154
152.024894 154
152.030778 152
152.034855 154
152.040853 157
152.044752 153
152.050794 146
152.054841 149
152.060841 153
152.064842 153
152.070841 148
152.074839 152
152.080848 154
152.084843 149
152.090843 150
152.094840 156
152.100838 158
152.104847 153
152.110842 153
152.114843 152
152.120848 155
152.124843 151
152.130836 152
152.135841 153
152.145842 147
152.148838 148
152.151842 155
152.161849 153
152.165836 149
152.166771 157
152.170841 161
152.174842 149
152.180843 144
152.184841 152
152.190767 148
152.194836 146
152.200843 155
152.205845 153
152.212846 143
152.215846 151
152.224846 155
152.226837 150
152.230843 152
152.234844 154
152.240846 151
152.244905 152
152.250846 151
152.254841 155
152.260846 152
152.264840 148
152.270845 149
152.274845 151
152.280848 148
152.284842 149
152.290847 151
152.294840 154
152.300847 156
152.304802 152
152.310903 156
152.314893 151
152.323896 155
152.326839 154
152.330887 156
152.334891 154
152.340897 152
152.344895 150
152.350890 149
152.354888 150
152.360818 146
152.364899 151
152.370902 157
152.374892 156
152.380876 152
152.384896 147
152.390891 151
152.394899 152
152.400891 146
152.404896 150
152.410897 156
152.414892 148
152.420901 152
152.424895 161
152.430890 150
152.434846 155
152.440894 158
152.444940 153
152.450884 149
152.454810 152
152.463911 155
152.468895 149
152.471899 156
152.475896 153
152.479900 155
152.485895 150
152.489895 156
152.495895 160
152.499900 153
152.505895 152
152.509893 154
152.515831 155
152.519897 154
152.525894 151
152.529837 149
152.535899 149
152.539897 146
152.546604 151
152.549797 159
152.555834 150
152.559823 153
152.565805 165
152.569802 156
152.575848 153
152.579836 154
152.586805 149
152.590802 145
152.594800 151
152.600809 148
152.604802 148
152.610804 152
152.614800 157
152.620812 153
152.624804 155
152.630932 157
152.634798 151
152.640801 151
152.644812 151
152.650807 148
152.654807 151
152.660813 153
152.664802 148
152.670805 150
152.674805 150
152.681812 158
152.685801 158
152.692814 151
152.695844 150
152.702804 152
152.705798 153
152.710802 147
152.714802 149
152.720807 151
152.724806 151
152.730806 150
152.734956 155
152.740809 153
152.744806 148
152.750796 150
152.754771 150
152.760812 153
152.764807 154
152.770805 153
152.774807 152
152.780804 155
152.784817 148
152.793807 149
152.796807 154
152.800803 149
152.804826 147
152.810809 147
152.814810 150
152.820805 153
152.824807 152
152.830810 148
152.834808 152
152.840900 155
152.844910 148
152.850895 146
152.854926 152
152.860899 153
152.864898 147
152.870897 149
152.874898 150
152.880902 148
152.884901 153
152.890811 160
152.894852 153
152.900847 147
152.904849 149
152.910847 156
152.914845 153
152.920844 153
152.924853 150
152.930848 153
152.934848 153
152.940848 153
152.944849 151
152.950848 156
152.957801 153
152.960848 153
152.964857 163
152.970850 149
152.974847 147
152.982850 156
152.985849 156
152.992853 148
152.995857 147
153.002851 150
153.004841 150
153.010849 152
153.014832 156
153.020848 154
153.024854 158
153.030841 157
153.034840 153
153.040848 150
153.044855 153
153.050851 145
153.054855 149
153.060857 155
153.064850 148
153.070845 145
153.074843 151
153.080847 154
153.084830 154
153.090855 159
153.094850 153
153.100849 145
153.104795 145
153.111031 152
153.114852 157
153.120850 152
153.124848 153
153.130847 156
153.134844 153
153.140853 160
153.144847 153
153.150791 152
153.154772 152
153.160848 159
153.164846 160
153.170852 155
153.174847 160
153.180848 162
153.184855 161
153.190844 154
153.194845 158
153.200852 153
153.205058 150
153.210855 144
153.214849 139
153.220852 151
153.224852 152
153.230800 154
153.234852 156
153.240848 151
153.244792 152
153.250790 156
153.254848 155
153.260851 154
153.264850 155
153.270851 147
153.274844 149
153.280850 157
153.284853 142
153.290849 144
153.294845 151
153.300857 152
153.307853 151
153.310842 149
153.314852 152
153.320852 150
153.324852 148
153.330842 151
153.334901 157
153.340896 146
153.344838 138
153.350908 150
153.354895 163
153.360899 152
153.364842 150
153.370894 155
153.374897 149
153.380902 146
153.384896 153
153.390844 152
153.395086 143
153.400901 146
153.404900 157
153.410904 155
153.415931 154
153.424898 152
153.428906 149
153.431882 148
153.441899 150
153.445841 152
153.446894 152
153.450901 150
153.454896 146
153.460895 154
153.464899 160
153.470895 151
153.474896 148
153.480896 159
153.484844 160
153.490897 152
153.494900 151
153.500900 152
153.504900 158
153.510944 158
153.514900 155
153.520903 156
153.525045 151
153.530897 154
153.534896 160
153.540901 159
153.544906 151
153.550905 145
153.554900 150
153.560904 147
153.564905 149
153.570951 157
153.574898 159
153.580807 153
153.584862 165
153.590857 166
153.594855 151
153.600797 154
153.604820 154
153.610850 154
153.614851 153
153.620799 151
153.624855 148
153.630848 149
153.634850 157
153.640788 156
153.644837 154
153.650849 158
153.654850 157
153.660852 153
153.664852 157
153.670851 147
153.674945 147
153.680795 155
153.684853 156
153.690775 148
153.694832 151
153.700851 156
153.704847 155
153.710857 153
153.714851 157
153.720849 148
153.724851 147
153.730852 147
153.734856 151
153.740848 151
153.745747 147
153.750815 147
153.754854 152
153.760879 152
153.764903 149
153.770901 159
153.774900 163
153.783904 153
153.786898 158
153.790874 157
153.794896 149
153.800904 155
153.804908 154
153.810903 152
153.814912 147
153.820903 146
153.824910 149
153.830905 155
153.834909 154
153.840900 156
153.844903 160
153.850898 160
153.854902 155
153.860902 151
153.865902 156
153.872904 149
153.875905 146
153.882901 148
153.885903 147
153.892849 145
153.894898 151
153.900906 152
153.904855 155
153.910836 159
153.914821 157
153.920912 151
153.924818 155
153.930900 151
153.934903 149
153.940904 153
153.944904 152
153.950900 147
153.954896 148
153.960905 151
153.964903 157
153.970909 153
153.974916 159
153.980857 164
153.984908 151
153.990908 148
153.994800 158
154.000903 155
154.004903 149
154.010903 151
154.014907 155
154.020911 151
154.024920 148
154.030910 158
154.034904 153
154.040902 152
154.044915 157
154.050901 151
154.054910 148
154.060906 150
154.064907 152
154.070907 150
154.074930 150
154.080903 150
154.084911 148
154.090920 152
154.094902 150
154.100911 148
154.104905 155
154.110902 156
154.114909 144
154.120919 147
154.124908 157
154.130908 149
154.134899 145
154.140907 153
154.144841 148
154.150906 143
154.155907 147
154.162907 154
154.165907 147
154.172911 149
154.175920 156
154.182905 153
154.184899 151
154.190903 154
154.197907 154
154.202904 151
154.205907 157
154.212913 152
154.215878 146
154.219906 150
154.225915 151
154.229901 147
154.235924 152
154.239909 153
154.245909 150
154.249907 154
154.255908 154
154.259907 152
154.265908 156
154.269905 151
154.275826 150
154.279900 150
154.285910 150
154.289911 152
154.295908 155
154.299911 150
154.305902 152
154.309909 152
154.315907 157
154.319904 155
154.325905 150
154.329897 153
154.335877 160
154.339913 150
154.346657 152
154.349775 149
154.355864 147
154.359893 154
154.365859 156
154.369859 147
154.375860 153
154.379907 158
154.385872 158
154.389859 157
154.395863 149
154.399860 148
154.405858 154
154.409864 153
154.415861 150
154.419863 151
154.425854 151
154.429863 150
154.435843 153
154.439916 153
154.445906 147
154.449879 150
154.455911 158
154.459917 160
154.465902 149
154.469902 149
154.475907 152
154.479905 153
154.485906 156
154.489903 153
154.495910 153
154.499908 152
154.507907 151
154.510900 156
154.517848 155
154.520907 152
154.527909 148
154.529901 150
154.535878 148
154.540332 147
154.546015 157
154.549846 152
154.555909 147
154.559882 154
154.565904 153
154.569903 146
154.575908 151
154.582851 153
154.584900 147
154.590903 147
154.594905 148
154.600908 148
154.604912 147
154.610852 147
154.614906 148
154.620908 155
154.624910 156
154.630897 154
154.634850 153
154.640909 153
154.644903 149
154.650908 151
154.654903 146
154.660861 146
154.664911 146
154.670907 153
154.674914 153
154.680907 150
154.684904 153
154.690906 155
154.695909 151
154.704907 149
154.708911 149
154.711910 151
154.721908 151
154.725907 154
154.726918 152
154.730868 152
154.734905 153
154.740911 148
154.748000 148
154.750902 155
154.754896 153
154.760911 150
154.764911 159
154.770854 150
154.774904 146
154.780957 150
154.787915 153
154.790902 162
154.794908 157
154.800904 151
154.804859 152
154.810916 160
154.814910 155
154.820909 154
154.824909 158
154.830909 148
154.834909 149
154.840785 157
154.845862 150
154.852852 149
154.855943 157
154.862855 154
154.865873 155
154.870841 157
154.875190 155
154.880876 156
154.884862 156
154.890820 157
154.894855 152
154.900865 150
154.904861 151
154.910782 151
154.914855 152
154.920812 150
154.924870 154
154.933866 158
154.936792 152
154.940862 153
154.944977 156
154.950798 155
154.954901 154
154.960920 153
154.964866 148
154.970909 148
154.974907 145
154.980909 155
154.984860 157
154.990806 153
154.994907 155
155.000908 154
155.004996 157
155.010888 158
155.014850 150
155.020912 146
155.024911 152
155.030911 151
155.034861 147
155.040910 159
155.044915 153
155.050914 146
155.054913 153
155.060909 161
155.064914 155
155.070912 147
155.074911 149
155.080913 151
155.084911 153
155.090912 147
155.094851 148
155.100910 148
155.104909 146
155.110909 150
155.115910 154
155.122915 152
155.125854 148
155.132910 151
155.137915 157
155.140909 157
155.144844 147
155.150856 143
155.154907 151
155.160926 153
155.164913 147
155.170856 149
155.174913 145
155.180917 142
155.184911 151
155.190911 160
155.194916 150
155.200910 147
155.204918 159
155.210916 160
155.214913 158
155.220863 151
155.224908 150
155.230913 155
155.234916 155
155.240913 153
155.244886 155
155.250832 146
155.257913 148
155.260908 159
155.265026 154
155.270908 148
155.274908 151
155.280915 158
155.284913 155
155.290908 158
155.294908 154
155.300916 150
155.304914 152
155.310915 156
155.314910 153
155.321007 152
155.324917 152
155.330910 154
155.334914 155
155.340913 161
155.344915 154
155.350909 148
155.354913 154
155.360914 156
155.364911 156
155.370904 155
155.374911 147
155.380911 149
155.384916 152
155.390911 156
155.395058 148
155.400920 151
155.404914 156
155.410857 155
155.414914 152
155.423912 152
155.426906 148
155.430861 149
155.434911 152
155.440923 152
155.444911 149
155.450911 150
155.454914 150
155.460914 148
155.464914 154
155.472916 153
155.475869 151
155.481910 153
155.485913 151
155.492915 149
155.494908 149
155.500890 149
155.504910 149
155.510916 145
155.514910 150
155.520915 151
155.524865 148
155.530915 147
155.534917 157
155.540918 160
155.544916 151
155.551879 153
155.554884 154
155.560912 150
155.564915 152
155.570911 153
155.574912 150
155.580916 146
155.584918 147
155.591047 151
155.594918 154
155.600913 149
155.604918 151
155.610917 154
155.614909 159
155.620925 155
155.627910 153
155.629908 148
155.635965 147
155.639915 148
155.645920 152
155.649863 152
155.655914 150
155.659917 151
155.665867 148
155.669911 156
155.675931 145
155.679916 143
155.686048 153
155.689914 159
155.695915 147
155.699923 153
155.708917 160
155.711924 147
155.715919 146
155.719925 156
155.725918 157
155.729824 142
155.735930 148
155.739894 158
155.745920 147
155.749915 153
155.755916 153
155.759893 151
155.765788 156
155.769874 148
155.775871 145
155.779865 156
155.785853 157
155.789807 148
155.795872 157
155.799868 163
155.805865 152
155.809861 149
155.815872 158
155.819869 158
155.825868 154
155.829880 155
155.835865 150
155.839878 148
155.845868 153
155.849867 158
155.855872 154
155.859868 151
155.865867 148
155.869867 155
155.875874 163
155.879868 151
155.885868 150
155.889866 152
155.895868 152
155.899995 152
155.908875 154
155.911868 150
155.915867 149
155.919867 151
155.925868 154
155.929861 156
155.935869 149
155.939872 149
155.945971 156
155.949861 155
155.955872 149
155.959868 146
155.965867 147
155.969864 149
155.976865 151
155.986873 152
155.990868 147
155.991862 146
156.002862 149
156.005861 158
156.006853 161
156.010863 155
156.014863 152
156.020869 150
156.025013 153
156.030871 146
156.034867 143
156.040894 145
156.044866 149
156.050868 155
156.054866 152
156.060869 152
156.064868 153
156.070811 156
156.074865 158
156.080803 152
156.084868 150
156.093810 151
156.096868 150
156.100863 154
156.104868 154
156.110855 152
156.114820 155
156.120874 153
156.124863 150
156.130855 158
156.134868 156
156.140869 150
156.144874 155
156.150805 150
156.157867 147
156.159921 150
156.165912 152
156.170915 156
156.176921 159
156.180934 152
156.186865 147
156.190913 158
156.195922 155
156.199918 148
156.205916 158
156.209920 153
156.216015 145
156.219921 148
156.225921 157
156.229912 150
156.235920 153
156.239979 155
156.245920 149
156.249919 153
156.255921 157
156.259919 150
156.265912 149
156.269920 155
156.275877 153
156.279879 148
156.285920 153
156.289924 153
156.295904 157
156.299919 155
156.305912 154
156.309915 151
156.315914 152
156.319873 154
156.325928 153
156.329915 153
156.335921 155
156.339919 154
156.345863 152
156.349914 150
156.355924 153
156.359907 153
156.365918 152
156.369923 152
156.375885 153
156.379922 151
156.385922 148
156.389919 152
156.395920 151
156.399919 152
156.405869 149
156.409923 151
156.415919 151
156.419936 152
156.425913 153
156.429916 155
156.435922 150
156.439878 149
156.445870 150
156.449917 148
156.455922 147
156.459920 157
156.465855 149
156.469914 148
156.475926 151
156.479919 155
156.485916 147
156.489911 143
156.498930 152
156.501922 158
156.505921 147
156.509920 147
156.515916 152
156.519920 147
156.525915 150
156.529848 156
156.536306 148
156.539905 159
156.545861 154
156.549861 148
156.555873 153
156.559866 152
156.565795 151
156.569886 152
156.575877 147
156.580879 143
156.586868 149
156.590874 157
156.596877 155
156.600875 152
156.605798 156
156.609868 158
156.615889 155
156.619873 152
156.626015 151
156.629865 150
156.635886 148
156.639878 153
156.645878 153
156.649864 148
156.655866 147
156.659879 154
156.665810 161
156.669866 165
156.675880 156
156.679878 150
156.685879 151
156.689873 152
156.695875 151
156.702875 151
156.705887 149
156.709922 152
156.715879 153
156.719867 151
156.725922 157
156.729869 151
156.735925 152
156.739925 159
156.745915 155
156.749917 154
156.755852 157
156.759915 154
156.765817 150
156.769798 149
156.775854 147
156.779851 148
156.785792 153
156.789793 154
156.795858 150
156.799782 157
156.805795 158
156.809793 153
156.815854 157
156.819783 157
156.825795 150
156.829793 148
156.835854 155
156.839852 154
156.845781 149
156.849804 151
156.855851 152
156.859843 151
156.865795 151
156.869791 151
156.875848 153
156.879849 152
156.885794 147
156.889790 156
156.895856 150
156.899849 142
156.905793 150
156.910792 161
156.916791 152
156.920797 148
156.926793 155
156.930792 152
156.936793 149
156.939860 152
156.945792 152
156.949767 145
156.955854 150
156.959876 151
156.965831 146
156.969828 153
156.975849 152
156.979941 149
156.985920 153
156.989875 151
156.995925 147
156.999928 147
157.005919 152
157.009865 152
157.015911 151
157.019926 152
157.025922 153
157.029918 151
157.036091 150
157.039925 154
157.046925 152
157.050918 151
157.054878 153
157.060919 151
157.064922 150
157.070924 152
157.074918 152
157.080923 152
157.084928 152
157.091924 155
157.095923 156
157.099927 155
157.105922 148
157.109925 153
157.115926 159
157.119925 150
157.125926 144
157.129918 151
157.135925 155
157.139928 150
157.145919 161
157.149922 158
157.155930 148
157.159898 153
157.165927 155
157.169918 157
157.178925 156
157.181926 152
157.185926 149
157.190920 150
157.196926 153
157.200929 156
157.206922 153
157.210926 148
157.215921 158
157.219925 159
157.225926 148
157.229922 151
157.235923 151
157.239923 153
157.245923 156
157.252919 154
157.255921 145
157.264919 150
157.268868 153
157.271928 155
157.281925 147
157.285917 156
157.286918 158
157.290918 149
157.294923 148
157.300840 161
157.304922 147
157.310920 145
157.314916 150
157.320925 152
157.324928 147
157.330923 152
157.334920 154
157.340868 151
157.347926 153
157.349917 156
157.355882 152
157.359912 151
157.365816 148
157.369839 153
157.375850 155
157.379877 148
157.385922 149
157.389932 152
157.395928 149
157.399926 153
157.405926 160
157.409921 151
157.415926 157
157.419925 161
157.425790 152
157.429879 148
157.435877 146
157.439888 145
157.445882 150
157.449869 149
157.455880 148
157.462883 148
157.465806 152
157.469918 154
157.475931 151
157.479874 154
157.485925 160
157.489925 156
157.495935 153
157.499929 145
157.505881 149
157.509922 153
157.515928 148
157.519977 142
157.525922 148
157.529927 149
157.535927 147
157.539925 155
157.545925 161
157.549921 154
157.555921 150
157.559934 157
157.565930 167
157.569863 155
157.575929 147
157.579928 154
157.585923 163
157.589927 154
157.595928 145
157.599927 143
157.605922 143
157.609931 145
157.615927 155
157.619880 154
157.625926 145
157.629912 150
157.635925 149
157.639924 141
157.645877 160
157.649927 168
157.655928 140
157.659999 144
157.668929 150
157.671927 158
157.675925 155
157.680925 149
157.686874 143
157.690920 150
157.696930 147
157.700929 155
157.705927 166
157.709923 156
157.715926 150
157.719928 155
157.726929 152
157.730930 151
157.734926 146
157.740922 152
157.744927 160
157.750927 159
157.754917 151
157.760870 148
157.764920 148
157.770924 153
157.774923 156
157.780868 157
157.784922 153
157.790924 151
157.794920 157
157.800928 158
157.807925 150
157.809918 149
157.814926 156
157.820927 151
157.824928 144
157.830919 155
157.834930 158
157.840789 153
157.844886 152
157.850882 156
157.854870 151
157.860884 150
157.864880 150
157.870874 148
157.874876 151
157.880826 150
157.884872 150
157.890878 151
157.894817 153
157.900886 154
157.904873 160
157.910880 159
157.914878 157
157.920832 149
157.924878 153
157.930873 159
157.934873 153
157.940889 153
157.944879 152
157.950879 149
157.955622 152
157.961050 155
157.964793 151
157.970795 148
157.974878 152
157.980875 152
157.984880 153
157.990872 155
157.994875 153
158.000913 145
158.004882 149
158.010879 151
158.014876 149
158.020872 147
158.024885 146
158.031882 144
158.035886 154
158.041878 153
158.045808 147
158.051878 154
158.054872 161
158.060873 154
158.064880 152
158.073884 155
158.076882 147
158.080879 148
158.084884 154
158.090871 147
158.094879 144
158.100879 144
158.104881 150
158.110876 151
158.114876 157
158.120885 152
158.124881 148
158.130879 153
158.134871 151
158.140879 150
158.144879 155
158.150880 146
158.154875 143
158.160879 156
158.164885 153
158.170876 150
158.174871 154
158.180880 149
158.184891 145
158.190883 150
158.194822 150
158.200879 140
158.204883 135
158.210833 137
158.214822 145
158.220814 151
158.227811 147
158.230802 150
158.234814 154
158.240811 157
158.244810 163
158.250813 164
158.254807 146
158.260811 135
158.264806 152
158.270810 146
158.274806 135
158.280806 147
158.284816 150
158.290806 132
158.294807 152
158.300814 166
158.304811 145
158.310809 147
158.314808 164
158.320811 153
158.324808 148
158.330812 150
158.334807 147
158.340809 149
158.344812 148
158.350790 144
158.354811 153
158.360807 152
158.367815 145
158.369804 156
158.375814 159
158.379809 144
158.385807 152
158.389811 164
158.395807 159
158.399814 143
158.405808 147
158.409807 154
158.415813 148
158.419808 142
158.425811 148
158.429808 150
158.435813 150
158.439809 153
158.445784 156
158.449815 148
158.456812 147
158.460812 156
158.464809 155
158.470804 151
158.474808 144
158.480806 143
158.484812 145
158.490807 152
158.494812 152
158.500809 150
158.504807 150
158.510813 150
158.514810 152
158.520787 150
158.524808 146
158.530813 149
158.535808 149
158.544750 143
158.548736 142
158.551850 140
158.561949 145
158.564879 147
158.566870 149
158.570900 155
158.574896 166
158.580823 165
158.584881 157
158.590889 153
158.594883 160
158.600877 150
158.604814 144
158.610811 148
158.614839 140
158.620836 134
158.624830 142
158.630834 156
158.634838 152
158.640842 155
158.644842 156
158.650839 160
158.654844 161
158.660883 156
158.664839 152
158.670843 151
158.674811 147
158.681941 147
158.685929 143
158.691930 138
158.695938 140
158.701929 146
158.705931 153
158.710933 160
158.714935 154
158.720936 148
158.724927 152
158.730937 155
158.734802 158
158.740779 153
158.744811 155
158.750802 148
158.754780 145
158.760805 155
158.764804 154
158.770803 148
158.774804 151
158.780801 158
158.784811 147
158.790806 148
158.794799 159
158.803849 155
158.806880 148
158.811046 153
158.814879 155
158.820801 155
158.824885 153
158.830879 149
158.837883 150
158.840901 153
158.844893 153
158.850880 155
158.854882 153
158.860828 149
158.864774 154
158.870893 150
158.874882 150
158.880886 153
158.884890 150
158.893886 145
158.896878 149
158.900883 145
158.904881 151
158.910882 152
158.914830 148
158.920892 152
158.924823 156
158.930828 166
158.934880 165
158.940923 152
158.944890 155
158.950884 155
158.954885 147
158.960879 149
158.964890 157
158.970886 144
158.974877 144
158.980885 152
158.984886 153
158.990825 153
158.994774 151
159.001894 158
159.005877 155
159.011891 147
159.015942 157
159.021890 156
159.025880 151
159.030883 158
159.034886 161
159.040886 150
159.044891 152
159.050830 154
159.054809 155
159.060818 158
159.064937 155
159.070932 156
159.074930 154
159.080937 152
159.084931 159
159.093935 160
159.096933 157
159.100878 161
159.104939 162
159.111927 146
159.115941 151
159.119822 169
159.125813 157
159.129938 149
159.135944 147
159.139924 144
159.145942 151
159.149902 157
159.158817 153
159.161794 150
159.165894 153
159.169877 153
159.175928 156
159.179903 157
159.185816 153
159.189814 148
159.195845 150
159.202847 150
159.205868 151
159.209843 157
159.215833 155
159.219849 148
159.225844 157
159.229842 152
159.235843 144
159.239856 153
159.245843 154
159.252807 143
159.254934 149
159.260935 151
159.264878 144
159.270934 149
159.274928 155
159.280929 152
159.284885 153
159.290830 157
159.294892 153
159.300885 146
159.304878 150
159.310816 150
159.314790 147
159.320945 146
159.324935 147
159.330943 146
159.334931 149
159.340940 156
159.344819 162
159.350803 156
159.354879 150
159.360936 152
159.364935 149
159.371944 152
159.375914 151
159.381770 147
159.385837 147
159.391935 148
159.394929 151
159.400937 155
159.404904 148
159.410933 151
159.414931 153
159.420935 151
159.424955 151
159.430928 151
159.434939 153
159.439913 150
159.445882 151
159.449933 155
159.455915 158
159.460038 155
159.465943 158
159.469937 154
159.475894 148
159.482933 156
159.484936 153
159.490931 146
159.494934 148
159.500935 146
159.507947 150
159.509930 155
159.514938 152
159.520934 152
159.524933 153
159.530943 155
159.534937 157
159.540937 151
159.544932 146
159.550935 150
159.554931 154
159.560931 149
159.564809 144
159.570893 148
159.574888 148
159.580889 148
159.584885 155
159.590814 156
159.594880 150
159.600878 158
159.604888 164
159.610887 150
159.614884 154
159.620894 159
159.624883 148
159.630890 151
159.634883 161
159.640879 149
159.644884 145
159.650888 151
159.654890 156
159.660890 154
159.664891 157
159.670886 154
159.674882 155
159.680886 158
159.684886 156
159.691894 153
159.696886 153
159.699891 148
159.705888 149
159.709825 147
159.715892 149
159.719894 154
159.725883 155
159.730886 154
159.736885 157
159.740889 153
159.746886 147
159.750886 154
159.755892 159
159.759828 148
159.765820 145
159.769932 144
159.775892 147
159.779938 151
159.785936 150
159.789936 150
159.795937 147
159.799910 150
159.805947 158
159.809945 152
159.816937 149
159.826937 148
159.829934 145
159.831929 152
159.843938 156
159.846933 145
159.847937 146
159.849931 154
159.855934 156
159.859939 151
159.865940 146
159.869968 143
159.875940 150
159.879938 161
159.885938 153
159.889937 150
159.895938 155
159.899941 155
159.905938 151
159.909933 153
159.915884 152
159.919919 144
159.926101 147
159.929878 153
159.935939 145
159.939939 146
159.945935 153
159.949933 154
159.955939 156
159.959937 160
159.965938 152
159.969934 157
159.976018 159
159.979941 152
159.985941 152
159.992935 153
159.994882 152
159.999943 150
160.005936 152
160.009935 152
160.015901 155
160.020093 157
160.025935 155
160.029949 155
160.034908 154
160.040939 153
160.044946 155
160.050944 158
160.055943 152
160.061938 145
160.065938 151
160.071942 153
160.075943 155
160.080936 156
160.084946 159
160.090885 155
160.094947 153
160.100941 151
160.104940 151
160.110934 147
160.114935 152
160.120939 155
160.124938 147
160.130930 148
160.134937 152
160.140943 149
160.144943 151
160.150943 154
160.154933 154
160.163945 150
160.166934 151
160.170941 153
160.174989 157
160.180882 148
160.185042 148
160.190936 151
160.194933 147
160.200880 148
160.204871 153
160.213941 152
160.216942 150
160.220934 151
160.224939 156
160.230935 152
160.234939 145
160.240945 154
160.244943 156
160.250941 155
160.254941 157
160.260937 148
160.264941 151
160.270938 159
160.274936 152
160.280945 151
160.284940 148
160.297940 149
160.299945 152
160.301941 154
160.305943 157
160.312941 150
160.315864 151
160.322939 156
160.325920 157
160.332944 152
160.335934 151
160.342921 147
160.345938 145
160.352948 152
160.355938 153
160.362933 146
160.366305 142
160.369895 147
160.375919 154
160.379903 152
160.385892 153
160.389892 152
160.394885 152
160.400893 156
160.404895 154
160.410878 152
160.414890 149
160.420895 151
160.424891 157
160.430894 157
160.434886 148
160.440840 151
160.444896 155
160.450898 153
160.454893 156
160.460877 153
160.464886 147
160.470840 152
160.474893 157
160.480893 156
160.484896 150
160.490894 150
160.494825 157
160.500889 155
160.504839 147
160.510837 150
160.514892 152
160.520894 149
160.524893 151
160.531900 152
160.535894 150
160.541892 154
160.545898 153
160.551842 157
160.554886 156
160.560893 147
160.564827 151
160.570894 157
160.574893 156
160.580845 153
160.584899 157
160.590887 153
160.594889 152
160.600838 144
160.604943 147
160.610947 150
160.614939 145
160.620945 147
160.624942 152
160.630931 151
160.634936 153
160.640945 153
160.644788 158
160.650850 153
160.654894 151
160.660892 154
160.664894 158
160.670888 154
160.674890 155
160.680900 154
160.684894 155
160.690837 153
160.694894 149
160.700891 153
160.704893 148
160.710889 147
160.714893 146
160.720899 147
160.724891 156
160.730895 152
160.734931 152
160.740940 160
160.744938 154
160.750943 154
160.754942 159
160.760938 152
160.764953 150
160.770952 149
160.774943 145
160.780944 153
160.784942 152
160.790939 146
160.794955 149
160.800959 155
160.804945 158
160.810950 153
160.814940 154
160.820942 153
160.824944 157
160.830946 157
160.834937 152
160.840939 152
160.844939 149
160.850949 150
160.854948 156
160.860888 153
160.864960 145
160.870949 146
160.874943 153
160.880949 155
160.884934 150
160.890939 149
160.894941 148
160.899942 150
160.905860 155
160.909940 153
160.915957 146
160.919944 147
160.925945 152
160.929941 153
160.935945 148
160.939945 145
160.945951 151
160.949948 154
160.955944 149
160.959943 152
160.965834 154
160.969947 152
160.975914 151
160.979940 155
160.985957 148
160.989937 149
160.995941 151
160.999874 151
161.005956 150
161.009944 154
161.016822 155
161.021897 153
161.025890 157
161.029895 154
161.035901 153
161.039894 157
161.045839 153
161.049897 148
161.055902 152
161.059899 152
161.065898 154
161.069911 154
161.075900 151
161.079903 153
161.085908 154
161.089899 152
161.096904 150
161.106898 147
161.109899 145
161.111894 154
161.122834 155
161.124894 148
161.126890 148
161.131893 154
161.135982 154
161.141891 152
161.145818 152
161.151907 148
161.154892 148
161.160895 153
161.164899 153
161.170895 149
161.174900 148
161.180902 150
161.184898 153
161.190891 154
161.194890 151
161.200893 150
161.204897 153
161.210893 153
161.214893 147
161.220902 149
161.224895 154
161.230889 151
161.234896 150
161.240891 156
161.244940 152
161.250892 150
161.254895 154
161.260896 157
161.264924 155
161.270897 152
161.274896 152
161.283900 150
161.286888 156
161.290895 153
161.294891 149
161.300895 153
161.304893 148
161.310891 148
161.314892 154
161.320895 151
161.324896 148
161.330818 154
161.334890 157
161.340901 151
161.344895 151
161.350827 159
161.354892 150
161.360900 149
161.364889 155
161.370896 151
161.374895 153
161.385902 158
161.388896 153
161.390887 151
161.397896 156
161.401833 159
161.408900 156
161.409888 155
161.415899 149
161.421841 151
161.425889 155
161.430896 157
161.434959 154
161.440896 148
161.444824 152
161.450844 152
161.454900 151
161.460894 150
161.464899 153
161.470901 151
161.474896 150
161.480897 154
161.484896 151
161.490838 149
161.494891 151
161.500896 151
161.504885 145
161.510898 149
161.514893 154
161.520894 150
161.524904 149
161.530892 150
161.534899 152
161.540893 152
161.544890 151
161.550898 150
161.554893 146
161.560845 146
161.564812 150
161.570850 154
161.574808 146
161.580820 148
161.584841 152
161.590889 146
161.594853 153
161.600899 159
161.604898 154
161.610895 151
161.614845 154
161.620904 151
161.624898 152
161.630893 151
161.634891 149
161.640899 150
161.644905 151
161.650895 152
161.654896 162
161.660867 156
161.664902 150
161.670894 151
161.674901 155
161.680903 154
161.684903 153
161.690850 149
161.694907 147
161.700900 156
161.704910 154
161.713905 145
161.715899 151
161.722898 154
161.725898 153
161.732902 161
161.735892 158
161.742910 145
161.745958 148
161.752814 152
161.755904 153
161.762908 149
161.765903 149
161.772899 148
161.775842 156
161.782901 162
161.785898 153
161.794899 150
161.797892 148
161.799899 147
161.805895 156
161.809904 157
161.815897 153
161.819899 151
161.828938 159
161.831901 155
161.835902 152
161.840900 151
161.848901 156
161.851906 152
161.855906 142
161.861901 146
161.865902 152
161.870895 157
161.874896 155
161.880902 156
161.884837 158
161.890905 152
161.894898 151
161.900904 157
161.904900 151
161.910904 145
161.914903 147
161.920900 153
161.924909 150
161.930896 151
161.934903 148
161.940905 152
161.944900 158
161.950903 157
161.954904 152
161.960788 151
161.967914 150
161.971907 154
161.975905 149
161.979903 149
161.985902 146
161.989876 144
161.995909 148
161.999902 150
162.005898 153
162.012836 150
162.014890 149
162.020903 150
162.024909 153
162.030908 148
162.034896 148
162.040904 148
162.044905 150
162.050903 157
162.054902 160
162.060903 148
162.065000 149
162.070954 158
162.074951 149
162.080890 154
162.084945 157
162.090956 152
162.094954 150
162.100953 150
162.104944 148
162.110819 146
162.114909 147
162.120906 151
162.124821 155
162.130944 156
162.134880 153
162.140960 156
162.144953 161
162.150966 155
162.154899 152
162.160959 156
162.165717 153
162.171064 153
162.174847 155
162.180845 153
162.184871 151
162.190858 153
162.197861 156
162.200855 152
162.204857 157
162.210853 161
162.214863 162
162.220859 160
162.224850 152
162.230857 151
162.234855 160
162.240854 158
162.244865 150
162.250855 150
162.254860 153
162.260860 151
162.264861 152
162.270862 153
162.274803 152
162.283833 147
162.285818 151
162.292824 158
162.294817 155
162.300828 148
162.304825 149
162.310823 154
162.314827 152
162.320823 150
162.325828 153
162.331827 153
162.335826 154
162.341826 152
162.345825 150
162.350788 150
162.354825 152
162.360827 153
162.364798 157
162.370774 150
162.375967 149
162.384952 153
162.388953 157
162.401954 153
162.404951 148
162.406863 155
162.407947 153
162.412932 149
162.414953 155
162.420961 153
162.424955 143
162.430835 150
162.434905 159
162.440905 151
162.444929 150
162.450913 154
162.454912 154
162.460908 153
162.464843 153
162.473900 150
162.476902 153
162.483905 158
162.486897 153
162.490904 153
162.497906 154
162.499898 154
162.504904 152
162.510845 153
162.514912 153
162.520904 151
162.524925 154
162.530906 154
162.534862 150
162.540907 154
162.544906 155
162.550904 155
162.554907 156
162.560913 153
162.564906 155
162.570905 160
162.574908 157
162.580904 156
162.584901 155
162.590903 149
162.594903 153
162.600912 153
162.604852 153
162.610903 151
162.614907 151
162.620909 154
162.624834 153
162.630901 155
162.634901 159
162.640907 164
162.644851 158
162.650849 153
162.654911 151
162.660912 154
162.664899 152
162.670904 148
162.674854 149
162.681912 150
162.685903 151
162.691912 150
162.695907 154
162.701911 155
162.705900 150
162.710908 155
162.714908 156
162.720904 149
162.724913 152
162.730908 159
162.737907 154
162.739907 148
162.744909 147
162.750907 152
162.754912 149
162.760908 147
162.764907 155
162.770841 156
162.774797 146
162.780794 151
162.784805 161
162.789791 161
162.795805 156
162.799799 153
162.805797 150
162.809796 154
162.815799 152
162.819797 144
162.825798 148
162.829788 153
162.835798 146
162.842801 154
162.848799 157
162.850792 152
162.857800 152
162.860798 159
162.867800 157
162.870792 152
162.877798 151
162.880796 158
162.887800 151
162.890791 149
162.897795 152
162.900796 156
162.907858 157
162.910830 154
162.914816 153
162.920901 159
162.924912 162
162.930829 156
162.934907 156
162.940909 148
162.944907 152
162.950907 154
162.954906 146
162.960911 146
162.964910 149
162.971066 151
162.974905 155
162.980905 156
162.984914 149
162.991910 150
162.995927 158
163.001912 154
163.005910 151
163.011909 146
163.014895 145
163.020910 147
163.024905 148
163.030914 147
163.034905 143
163.040909 149
163.044900 150
163.050902 148
163.054908 149
163.063912 157
163.065900 153
163.072911 148
163.074854 151
163.079957 150
163.085959 146
163.089950 148
163.095958 154
163.099958 146
163.105952 143
163.109957 152
163.115957 153
163.119972 149
163.125965 150
163.129950 147
163.135917 149
163.139958 150
163.145954 146
163.149963 149
163.155957 151
163.159914 149
163.165952 155
163.169956 158
163.175956 150
163.179959 151
163.185950 154
163.189952 152
163.195955 151
163.199969 154
163.205835 149
163.212868 151
163.215908 156
163.219912 153
163.225909 153
163.229908 157
163.235911 152
163.239911 149
163.245921 159
163.249911 157
163.255917 149
163.259910 146
163.265910 152
163.269912 148
163.275910 149
163.279862 157
163.285936 152
163.289918 146
163.295914 155
163.299911 156
163.305912 151
163.309934 151
163.315918 150
163.319908 150
163.325915 151
163.329851 148
163.335916 150
163.339912 153
163.345911 151
163.349855 156
163.355918 157
163.359917 156
163.365911 153
163.369911 153
163.375916 156
163.379848 152
163.385945 149
163.389959 151
163.395958 150
163.399937 149
163.405959 155
163.409952 155
163.415968 152
163.419972 155
163.425995 161
163.429964 157
163.435957 156
163.439960 155
163.445956 155
163.449955 155
163.455956 152
163.459960 148
163.465955 148
163.469953 152
163.475959 155
163.479962 152
163.485958 156
163.489957 155
163.495992 154
163.499962 157
163.508959 158
163.510953 152
163.514952 148
163.520933 153
163.524959 151
163.530959 151
163.534880 154
163.540962 154
163.544957 150
163.550958 151
163.554955 159
163.560955 159
163.564937 154
163.570951 156
163.574957 161
163.580962 151
163.584972 151
163.590954 156
163.594956 150
163.600961 149
163.604962 153
163.610955 150
163.614956 151
163.620942 152
163.624945 157
163.630955 160
163.634979 154
163.640968 153
163.644964 155
163.650964 151
163.655958 150
163.664963 153
163.668962 148
163.671957 144
163.681958 151
163.685000 156
163.686954 151
163.690955 153
163.694959 155
163.700915 149
163.704954 151
163.710955 155
163.714964 149
163.723972 147
163.726954 151
163.733959 152
163.736972 148
163.740960 151
163.744959 155
163.750954 150
163.757962 153
163.759955 154
163.765963 156
163.769908 152
163.775968 153
163.780952 152
163.786958 149
163.790961 145
163.796957 149
163.800955 152
163.808959 148
163.810951 147
163.817957 153
163.819960 152
163.824970 149
163.830901 151
163.834962 154
163.840959 147
163.844919 150
163.850912 153
163.854963 149
163.860961 150
163.864965 151
163.870964 150
163.874960 150
163.880961 154
163.884959 155
163.890952 148
163.894958 150
163.900964 148
163.904963 147
163.910964 149
163.914955 154
163.920958 149
163.924961 148
163.930965 153
163.934855 150
163.940974 149
163.944962 154
163.950957 152
163.954955 149
163.960974 150
163.964963 155
163.970955 152
163.974956 149
163.980962 150
163.984957 153
163.990905 148
163.994960 150
164.000964 155
164.004852 152
164.010958 153
164.015114 155
164.020962 153
164.024960 154
164.030961 152
164.034899 154
164.040955 152
164.044964 147
164.050965 145
164.054912 149
164.060976 148
164.064964 150
164.070956 153
164.078959 151
164.081907 153
164.085952 158
164.089874 159
164.095966 152
164.102978 149
164.104956 148
164.110959 145
164.117965 147
164.119897 148
164.125958 148
164.129962 148
164.135962 152
164.139961 156
164.145913 152
164.152989 153
164.154910 156
164.160966 156
164.166965 156
164.170923 157
164.176976 149
164.180964 150
164.185957 153
164.189963 156
164.195963 153
164.199961 151
164.205957 150
164.209965 153
164.218959 153
164.222954 153
164.224959 150
164.230966 154
164.234965 159
164.240967 157
164.244956 152
164.250831 154
164.254972 155
164.260965 151
164.264960 150
164.270941 154
164.274963 155
164.280965 152
164.284964 155
164.290892 156
164.294955 154
164.300978 152
164.304963 155
164.310963 153
164.314963 150
164.320965 152
164.324970 155
164.330966 153
164.334963 151
164.340965 152
164.344959 148
164.350941 152
164.354958 155
164.360968 151
164.364945 150
164.370964 153
164.374960 153
164.381965 151
164.385959 153
164.389959 152
164.395969 150
164.399968 149
164.405974 151
164.409959 153
164.415971 155
164.419966 156
164.425963 158
164.429963 151
164.435898 153
164.439970 157
164.445966 150
164.449966 147
164.454940 151
164.460970 150
164.464968 153
164.470897 153
164.474963 150
164.480968 151
164.485134 153
164.490963 157
164.494967 156
164.500963 152
164.504961 147
164.510962 149
164.514960 148
164.520909 153
164.524961 152
164.530961 148
164.534969 144
164.540968 146
164.544967 155
164.550916 157
164.554960 152
164.560961 147
164.564970 149
164.570971 152
164.574963 151
164.580969 153
164.584967 152
164.590967 147
164.594940 146
164.600962 150
164.604964 153
164.610968 151
164.614966 148
164.621963 151
164.625961 159
164.631924 158
164.635968 147
164.641961 149
164.645956 151
164.650961 158
164.654971 155
164.660967 149
164.664949 149
164.670961 156
164.674960 153
164.680966 149
164.684964 154
164.690881 151
164.694963 153
164.700969 157
164.704897 154
164.710968 147
164.714972 147
164.720967 151
164.724968 154
164.730968 154
164.734962 152
164.740963 151
164.744968 158
164.750967 159
164.754909 153
164.760979 150
164.764907 151
164.770961 150
164.782965 151
164.783976 156
164.785958 148
164.791969 149
164.795966 153
164.801967 153
164.805965 147
164.811977 148
164.815970 158
164.821903 155
164.825964 150
164.831980 150
164.834898 155
164.839967 153
164.845967 152
164.849967 159
164.858945 151
164.860961 147
164.864970 150
164.870970 151
164.874904 147
164.880975 149
164.887967 155
164.889957 150
164.895966 148
164.899971 155
164.905964 152
164.909969 144
164.915964 153
164.919967 160
164.925912 151
164.929962 149
164.937344 155
164.946856 154
164.950917 160
164.951925 157
164.963926 159
164.966911 153
164.967922 151
164.969913 155
164.975841 158
164.979888 154
164.986971 150
164.990960 151
164.994963 153
165.000962 151
165.004966 153
165.010970 151
165.014959 150
165.020965 159
165.025964 156
165.031989 150
165.035968 150
165.041964 150
165.045970 152
165.050962 154
165.054965 157
165.060972 149
165.064962 150
165.070965 155
165.074961 155
165.080833 152
165.084964 148
165.090965 150
165.094939 146
165.100984 147
165.104967 155
165.110963 157
165.114937 147
165.120967 148
165.124968 158
165.131984 158
165.135969 149
165.139967 149
165.145968 151
165.149962 146
165.155976 149
165.159982 158
165.165965 153
165.169970 149
165.178973 156
165.180962 157
165.186964 152
165.190945 152
165.194912 146
165.200972 149
165.204972 157
165.210959 153
165.214966 147
165.220967 148
165.224962 150
165.230976 151
165.234964 150
165.243968 151
165.248970 148
165.250961 154
165.256969 153
165.259967 151
165.264966 150
165.270971 150
165.277968 151
165.279962 152
165.285970 148
165.289970 150
165.295973 149
165.299982 152
165.305942 153
165.310971 152
165.316972 149
165.320970 152
165.326963 157
165.330965 153
165.336966 153
165.339885 153
165.345897 152
165.349964 152
165.355974 151
165.362975 154
165.364971 152
165.370964 153
165.374889 155
165.383970 153
165.388968 150
165.390961 152
165.394972 158
165.400969 150
165.404978 149
165.410974 158
165.414971 160
165.420967 152
165.424955 152
165.430970 153
165.434969 155
165.440970 157
165.444912 154
165.450978 147
165.454967 148
165.460969 150
165.464940 153
165.470973 154
165.478973 156
165.480970 151
165.486917 154
165.489971 160
165.494951 153
165.500969 150
165.504972 150
165.510909 149
165.514964 156
165.520974 154
165.524974 147
165.530974 152
165.534973 160
165.540966 156
165.544971 151
165.550972 154
165.554971 152
165.560966 150
165.564981 152
165.570966 152
165.574967 149
165.580927 154
165.584972 153
165.590981 148
165.594974 151
165.600968 153
165.604973 150
165.610889 148
165.614982 153
165.620973 153
165.624963 147
165.630972 147
165.634965 153
165.640982 149
165.644972 144
165.650976 152
165.654963 159
165.660972 150
165.667973 154
165.672973 159
165.674977 149
165.680951 149
165.684974 154
165.690903 153
165.694973 150
165.700969 154
165.704957 152
165.711976 148
165.715974 153
165.721974 155
165.725965 151
165.731974 151
165.735972 153
165.740993 155
165.744968 155
165.750970 150
165.754969 150
165.760975 150
165.764973 150
165.770968 153
165.774975 153
165.780973 149
165.784972 152
165.790872 156
165.794970 155
165.801007 148
165.804970 157
165.810969 156
165.814969 148
165.820899 155
165.824981 159
165.830969 150
165.834974 148
165.843917 152
165.846978 151
165.850969 152
165.854972 156
165.860974 148
165.864911 150
165.871130 152
165.874977 156
165.880974 154
165.884972 151
165.890965 150
165.894921 147
165.900976 151
165.904975 156
165.910978 154
165.914979 149
165.920975 147
165.924908 153
165.930974 155
165.934956 154
165.940989 149
165.944977 148
165.950973 150
165.954976 147
165.960971 145
165.964856 147
165.970987 151
165.974969 151
165.980971 151
165.984952 151
165.993971 148
165.996985 151
166.000972 156
166.004906 148
166.010914 144
166.014966 151
166.020980 149
166.026971 149
166.029892 156
166.034970 153
166.040976 145
166.044972 147
166.050980 156
166.054975 158
166.060979 148
166.064976 146
166.070972 152
166.074996 150
166.080971 146
166.084974 153
166.090967 153
166.094970 148
166.100896 152
166.104968 161
166.110970 153
166.115000 149
166.120983 157
166.124973 153
166.130964 151
166.134971 156
166.143970 150
166.146974 149
166.150967 151
166.154977 144
166.160977 150
166.164974 157
166.170974 151
166.174966 152
166.180990 160
166.184974 153
166.190973 151
166.194959 159
166.200983 153
166.207976 150
166.209970 150
166.216989 150
166.225987 150
166.229971 154
166.231978 155
166.242976 154
166.244969 149
166.247089 147
166.250975 147
166.254969 154
166.260970 153
166.264899 148
166.271148 159
166.274970 160
166.283976 157
166.286971 151
166.290916 155
166.294972 154
166.301977 154
166.305976 155
166.311973 152
166.317972 147
166.320977 142
166.326970 147
166.331410 156
166.335979 159
166.339927 154
166.345980 156
166.349977 167
166.355978 158
166.359959 159
166.365972 161
166.371968 157
166.374957 150
166.379980 152
166.385969 153
166.389974 152
166.395973 150
166.399977 156
166.405974 161
166.409969 158
166.415975 156
166.419973 164
166.425970 162
166.429977 157
166.435966 158
166.439978 156
166.448975 146
166.451950 143
166.455977 145
166.459987 151
166.465977 146
166.469975 151
166.478973 160
166.480975 156
166.486974 156
166.489978 161
166.494972 163
166.500969 161
166.504972 157
166.510973 155
166.514976 148
166.520983 149
166.524971 150
166.530975 151
166.534973 150
166.541974 149
166.545917 153
166.549971 159
166.556984 154
166.560919 150
166.564976 153
166.570972 154
166.574967 145
166.579986 146
166.585981 151
166.589941 148
166.595976 144
166.602976 150
166.604956 153
166.610974 151
166.614972 149
166.620977 146
166.624972 150
166.632029 151
166.638939 149
166.641847 152
166.645933 148
166.651936 143
166.655931 141
166.660916 149
166.664938 154
166.670930 150
166.674931 145
166.680931 149
166.684926 147
166.690881 145
166.694923 150
166.700935 149
166.704932 144
166.710927 145
166.714927 149
166.720936 149
166.724932 148
166.730931 153
166.734885 151
166.740960 147
166.744924 150
166.750920 154
166.754919 152
166.760931 150
166.764936 147
166.773936 147
166.776974 153
166.780871 152
166.784932 147
166.790984 149
166.794987 152
166.800982 152
166.804982 154
166.810984 149
166.814980 144
166.820979 148
166.824979 148
166.830972 152
166.834973 156
166.840973 151
166.844976 150
166.850978 155
166.854975 155
166.860848 150
166.864945 150
166.870932 154
166.874931 148
166.880928 145
166.884936 151
166.890926 149
166.894926 145
166.900936 151
166.904924 156
166.910865 152
166.914930 151
166.920931 156
166.924874 158
166.930930 152
166.934928 157
166.940932 159
166.948938 150
166.950919 147
166.954967 149
166.960929 155
166.964932 151
166.973929 155
166.978929 157
166.983926 152
166.986920 152
166.990923 159
166.997975 163
166.999975 154
167.006974 150
167.010954 149
167.017975 148
167.019924 154
167.025982 152
167.029981 153
167.035980 153
167.039991 157
167.046016 156
167.049979 157
167.055979 156
167.061865 152
167.065953 151
167.071979 153
167.075982 147
167.080982 143
167.084933 148
167.090979 152
167.094923 148
167.100982 157
167.104979 158
167.110939 157
167.114977 155
167.120979 159
167.124983 158
167.130966 148
167.134920 147
167.140983 148
167.144884 152
167.150981 153
167.154974 151
167.160898 151
167.167990 157
167.169972 153
167.175981 153
167.179980 160
167.185975 156
167.189979 149
167.195974 153
167.199994 158
167.205974 153
167.209977 147
167.215984 156
167.219981 152
167.225996 149
167.229954 152
167.235978 154
167.240004 156
167.245974 158
167.249971 158
167.255979 160
167.259979 156
167.265984 148
167.269981 151
167.275994 158
167.279923 151
167.285980 140
167.289979 143
167.295979 152
167.299958 153
167.305979 153
167.309982 152
167.315978 148
167.319988 147
167.325954 159
167.332984 161
167.334972 152
167.340980 152
167.344990 152
167.350984 156
167.354976 154
167.360980 149
167.364994 152
167.370976 154
167.375025 143
167.381979 147
167.385983 156
167.389977 151
167.395992 149
167.402984 154
167.404985 156
167.410986 150
167.414977 154
167.421924 164
167.425979 153
167.431980 146
167.435851 147
167.441980 149
167.447978 154
167.449951 155
167.455982 149
167.459985 150
167.465992 155
167.469976 156
167.475980 154
167.480005 156
167.485996 149
167.489974 145
167.496995 148
167.505983 150
167.509922 148
167.511927 147
167.522985 154
167.524975 154
167.526962 154
167.530976 156
167.534978 145
167.543986 148
167.545983 154
167.551983 151
167.554927 146
167.559992 145
167.565990 143
167.569984 142
167.578978 148
167.580976 148
167.586924 145
167.590978 148
167.594984 153
167.600983 150
167.604979 152
167.610977 158
167.614980 159
167.620982 159
167.624978 155
167.630969 144
167.634978 144
167.640989 153
167.644983 154
167.650918 150
167.654976 146
167.660983 150
167.664982 147
167.670978 156
167.674981 160
167.680854 152
167.684942 151
167.690927 149
167.694951 150
167.700938 153
167.704936 146
167.710931 143
167.714931 150
167.720939 157
167.724928 153
167.730935 152
167.734928 154
167.740936 155
167.744933 157
167.750938 166
167.754935 152
167.760941 146
167.764882 155
167.770976 164
167.774976 154
167.780973 145
167.784976 145
167.790977 147
167.794962 145
167.804009 149
167.805977 152
167.809983 146
167.816001 146
167.819983 154
167.825984 158
167.829981 160
167.835983 159
167.839986 157
167.845933 152
167.849986 155
167.855986 152
167.859983 153
167.868984 155
167.870974 149
167.874984 141
167.880982 144
167.889903 152
167.891998 155
167.896024 151
167.904991 161
167.906976 155
167.910974 151
167.918985 154
167.921985 159
167.928980 155
167.931985 152
167.935930 152
167.941987 152
167.945978 156
167.949984 152
167.955932 157
167.959984 153
167.965990 155
167.969983 156
167.976071 156
167.979983 153
167.985979 150
167.989999 151
167.995984 149
167.999856 146
168.005940 148
168.009933 150
168.018937 152
168.020938 155
168.027944 157
168.029980 152
168.035984 156
168.039987 151
168.045987 151
168.054993 150
168.056965 148
168.060988 155
168.066982 150
168.070988 145
168.076989 146
168.080985 154
168.086984 150
168.090987 148
168.096987 157
168.100990 154
168.104982 152
168.110983 157
168.114986 155
168.120982 147
168.124935 149
168.130989 146
168.134979 145
168.143987 147
168.145985 147
168.151986 145
168.154979 152
168.159989 152
168.165995 152
168.169990 161
168.175988 160
168.179983 155
168.185899 152
168.189985 153
168.199296 150
168.200903 149
168.206983 147
168.209981 151
168.214930 152
168.220925 150
168.224989 156
168.231987 153
168.235985 150
168.241928 153
168.245853 153
168.251954 158
168.254929 151
168.260938 145
168.264946 152
168.270942 156
168.274938 147
168.280936 149
168.284943 151
168.290929 151
168.294942 152
168.303937 154
168.306932 151
168.310858 150
168.314940 145
168.320949 156
168.327938 156
168.329927 146
168.335941 145
168.339823 147
168.345950 148
168.349939 149
168.355941 151
168.359938 147
168.365944 148
168.369940 158
168.375893 156
168.379940 146
168.385977 149
168.389954 156
168.395940 153
168.399949 149
168.405889 151
168.409896 156
168.418942 150
168.420942 149
168.424946 157
168.430934 155
168.434940 151
168.440941 153
168.444941 157
168.450882 151
168.454938 153
168.461937 155
168.468946 149
168.471941 152
168.475938 153
168.479940 148
168.485941 148
168.489940 156
168.495943 157
168.499941 154
168.505945 160
168.509937 155
168.515941 154
168.519946 151
168.525937 155
168.530065 151
168.535940 145
168.539938 153
168.545939 153
168.551927 148
168.554934 152
168.559942 160
168.565881 159
168.569933 158
168.575944 157
168.579939 156
168.585939 150
168.589939 153
168.595939 158
168.599944 146
168.605939 143
168.612939 148
168.614929 158
168.620855 158
168.627939 156
168.629924 157
168.635945 160
168.639938 158
168.645938 152
168.649953 148
168.655941 149
168.659890 149
168.665946 150
168.671954 153
168.674933 154
168.679935 148
168.685941 149
168.689938 158
168.695954 157
168.699942 156
168.706942 152
168.710938 147
168.714865 152
168.720951 153
168.724926 150
168.730942 150
168.734935 148
168.740961 146
168.744990 148
168.750990 151
168.754944 152
168.760852 155
168.767997 155
168.769979 152
168.776990 152
168.785871 151
168.789956 151
168.791939 149
168.802898 148
168.804866 144
168.806934 150
168.810941 147
168.814938 145
168.821945 150
168.825941 151
168.829932 151
168.838943 146
168.841942 151
168.845944 152
168.849949 148
168.855949 151
168.861944 158
168.865953 153
168.869944 147
168.875943 149
168.880162 151
168.885955 148
168.889942 146
168.895886 149
168.901913 152
168.909001 150
168.910983 144
168.916986 157
168.920934 166
168.926982 152
168.930994 145
168.936986 157
168.940988 152
168.946988 149
168.950990 152
168.956993 151
168.963992 147
168.968927 148
168.970981 154
168.976994 152
168.980989 151
168.986989 153
168.990995 153
168.996988 154
169.004032 147
169.006984 145
169.010991 155
169.014991 156
169.021034 147
169.024981 148
169.030984 155
169.037894 156
169.039946 157
169.045983 156
169.049984 155
169.056988 154
169.061988 150
169.065961 143
169.071993 147
169.075992 149
169.081992 146
169.085986 152
169.091002 154
169.094995 162
169.101986 162
169.105984 155
169.109986 157
169.115903 157
169.119992 150
169.125992 156
169.129982 156
169.138956 145
169.143999 143
169.146982 151
169.150989 155
169.154995 151
169.160975 152
169.165006 165
169.170993 162
169.174996 151
169.180987 164
169.184899 162
169.190999 149
169.197991 143
169.199911 148
169.205968 143
169.215002 140
169.216994 144
169.220992 152
169.226989 155
169.230965 157
169.237002 155
169.240992 155
169.246941 157
169.253992 158
169.256988 153
169.260967 154
169.264991 150
169.270986 149
169.274985 149
169.280990 146
169.284929 150
169.290989 155
169.294907 154
169.300931 152
169.304993 154
169.310993 154
169.314991 155
169.320920 151
169.324984 145
169.330990 145
169.334988 151
169.340993 146
169.344939 142
169.350871 154
169.354952 156
169.360950 150
169.364873 159
169.370896 162
169.374944 152
169.380943 153
169.384942 158
169.390940 153
169.394938 146
169.400940 144
169.404943 148
169.410941 161
169.414934 151
169.420947 147
169.424936 157
169.430942 156
169.434950 153
169.440943 157
169.444938 151
169.450879 144
169.454947 146
169.460943 154
169.464934 152
169.470947 150
169.474943 148
169.480942 153
169.484947 153
169.490882 148
169.497944 148
169.503943 154
169.508943 154
169.511885 148
169.517946 153
169.521944 153
169.527946 150
169.530934 150
169.536880 156
169.539950 151
169.544941 144
169.550945 153
169.554878 155
169.560946 149
169.564949 149
169.570952 153
169.574944 151
169.580947 151
169.584950 153
169.590942 148
169.594946 155
169.600948 152
169.604872 148
169.610944 157
169.614941 155
169.620945 149
169.624952 154
169.630939 155
169.634944 152
169.640949 156
169.644948 148
169.650946 149
169.654971 150
169.660953 149
169.664945 152
169.670943 155
169.674943 154
169.680951 145
169.684947 148
169.690947 153
169.697952 148
169.699946 151
169.705955 160
169.709952 157
169.716951 153
169.720939 152
169.724942 152
169.730958 146
169.734948 149
169.740945 152
169.744887 152
169.750945 150
169.754943 152
169.760952 154
169.766943 157
169.769879 156
169.774945 150
169.780949 158
169.784945 157
169.790944 150
169.794943 150
169.800961 154
169.804944 150
169.810903 145
169.814940 148
169.820951 149
169.824948 148
169.830947 154
169.834941 152
169.841940 153
169.846949 152
169.850945 155
169.856951 153
169.860944 150
169.866941 152
169.869941 153
169.875957 157
169.882958 152
169.884943 152
169.891949 153
169.895949 154
169.899949 148
169.905946 148
169.909944 148
169.915953 147
169.919947 159
169.925947 158
169.929945 147
169.935952 148
169.939953 157
169.945948 158
169.949947 157
169.955954 150
169.959972 151
169.965949 156
169.969943 149
169.975884 151
169.982874 152
169.987953 143
169.989940 147
169.995947 155
170.002955 153
170.004943 148
170.010954 152
170.014940 157
170.020896 153
170.024994 148
170.030989 155
170.034967 148
170.041002 150
170.044997 153
170.050993 147
170.054999 152
170.064999 153
170.068969 149
170.072006 150
170.082004 148
170.084998 151
170.086986 153
170.090998 155
170.094995 151
170.100996 152
170.104996 151
170.110996 156
170.114868 153
170.120951 150
170.124945 152
170.131947 154
170.135970 155
170.141895 148
170.145944 153
170.151954 152
170.155948 143
170.160949 148
170.167950 153
170.169950 142
170.175954 144
170.179948 156
170.185883 152
170.189951 148
170.195952 151
170.199949 150
170.205947 153
170.209946 152
170.215908 157
170.219951 150
170.225951 146
170.229949 152
170.235903 154
170.239950 155
170.245954 153
170.249941 150
170.255970 151
170.259956 154
170.265961 154
170.269992 158
170.275999 155
170.279999 151
170.285917 160
170.289993 158
170.295998 157
170.304008 147
170.305991 145
170.311943 151
170.314989 155
170.319996 152
170.325998 150
170.329993 150
170.335946 149
170.340001 154
170.348999 156
170.351994 151
170.359007 150
170.361992 150
170.365994 155
170.369941 154
170.375997 152
170.379974 147
170.386001 155
170.389990 162
170.395999 156
170.399999 150
170.405930 152
170.409992 155
170.416000 152
170.419998 153
170.425993 150
170.429995 145
170.436001 151
170.440000 159
170.446002 156
170.449991 148
170.455995 155
170.459998 157
170.466004 152
170.470033 154
170.476000 153
170.479999 153
170.486000 155
170.490003 150
170.496010 150
170.499979 156
170.506001 152
170.512999 156
170.514993 160
170.520991 147
170.524995 151
170.531001 157
170.535000 155
170.540978 154
170.544993 150
170.552002 153
170.556001 160
170.563999 157
170.567005 151
170.571140 152
170.577001 142
170.585003 147
170.586992 154
170.590991 151
170.596995 147
170.601003 148
170.607000 151
170.610995 151
170.617001 147
170.620999 154
170.627001 154
170.631000 149
170.635008 150
170.640988 161
170.645005 156
170.651001 157
170.655012 150
170.660997 147
170.664984 148
170.671001 150
170.674999 147
170.681010 145
170.684998 148
170.690996 150
170.694993 156
170.704012 152
170.705993 142
170.711998 147
170.719002 155
170.722002 161
170.728952 152
170.732930 149
170.736995 145
170.740993 144
170.744997 148
170.750928 155
170.754998 146
170.760999 148
170.764994 149
170.770945 153
170.774998 157
170.781003 151
170.785004 148
170.794001 147
170.796956 146
170.800999 147
170.808008 149
170.812001 149
170.816001 146
170.820004 145
170.826009 154
170.829998 160
170.835998 153
170.840002 151
170.846003 155
170.849995 151
170.856002 156
170.860000 159
170.866001 144
170.869996 146
170.876000 158
170.880004 155
170.886004 150
170.890003 152
170.896007 155
170.900045 155
170.905998 151
170.912999 150
170.914994 143
170.920996 147
170.925005 156
170.934003 157
170.935998 155
170.942000 151
170.945998 155
170.952005 159
170.956002 156
170.961971 151
170.965994 150
170.972002 152
170.976001 152
170.982999 151
170.986994 150
170.992996 148
170.997005 153
171.003006 152
171.006995 154
171.010012 152
171.018953 152
171.024003 152
171.025992 157
171.030996 156
171.034951 156
171.041167 156
171.045003 153
171.051004 154
171.055002 153
171.060999 159
171.065002 152
171.070998 154
171.075003 159
171.080945 153
171.085006 156
171.090998 159
171.095000 158
171.101005 151
171.104996 151
171.113999 151
171.116024 151
171.121005 152
171.127995 152
171.129926 155
171.136006 152
171.140004 159
171.146000 156
171.149996 144
171.155998 153
171.163011 156
171.165003 152
171.171002 152
171.174998 154
171.180998 148
171.185002 151
171.191003 156
171.195001 154
171.201002 148
171.205005 150
171.211006 153
171.215005 150
171.221001 150
171.225001 153
171.230998 149
171.235001 150
171.242532 153
171.244846 160
171.251018 159
171.254999 145
171.260872 147
171.264866 153
171.270863 146
171.274916 148
171.280862 154
171.284855 143
171.293885 145
171.295940 155
171.300014 149
171.306004 143
171.310005 151
171.316004 154
171.320003 148
171.326003 150
171.330002 150
171.337004 147
171.345886 154
171.349969 158
171.351955 151
171.362960 147
171.364955 147
171.365888 147
171.370992 154
171.374960 152
171.381503 156
171.384857 153
171.390014 153
171.391960 153
