171.811881 192.315
171.815872 200.684
171.822089 200.062
171.826057 198.497
171.832014 198.204
171.835976 195.898
171.842011 198.716
171.846004 195.78
171.852006 191.254
171.855926 189.18
171.861950 198.073
171.865983 195.78
171.872014 195.133
171.876006 199.752
171.880013 198.346
171.885887 202.089
171.889969 208.828
171.895895 207.251
171.899885 197.19
171.905886 195.78
171.909852 201.792
171.915930 198.204
171.919918 195.898
171.925918 193.848
171.929913 191.031
171.935924 194.618
171.939919 200.062
171.945907 192.72
171.949863 195.256
171.955827 205.847
171.959820 202.872
171.965921 198.6
171.969919 204.12
171.975918 201.792
171.979919 194.743
171.985921 196.987
171.989918 204.475
171.995918 192.852
171.999908 194.165
172.005916 198.204
172.009913 193.982
172.015947 197.717
172.019911 203.828
172.025886 202.252
172.029922 194.489
172.035918 192.003
172.041903 199.482
172.048913 204.9
172.050902 190.686
172.056919 187.609
172.061919 196.797
172.067918 196.665
172.071919 190.032
172.077921 191.802
172.081911 201.636
172.089916 199.752
172.092911 199.612
172.096913 201.936
172.100920 198.204
172.106919 198.842
172.110914 200.125
172.114916 193.414
172.120915 195.673
172.124920 195.256
172.130919 193.848
172.134903 195.256
172.140889 197.874
172.144910 194.905
172.150915 195.686
172.154917 200.848
172.160909 197.717
172.164926 190.142
172.170914 196.163
172.174916 197.57
172.180920 197.434
172.184912 198.073
172.190906 197.307
172.194914 197.19
172.200919 202.566
172.207924 200.385
172.209920 196.543
172.215943 200.529
172.219924 200.684
172.225924 199.612
172.229918 201.467
172.235923 199.902
172.239921 191.552
172.245916 196.797
172.251920 198.842
172.255922 195.389
172.259919 201.936
172.265893 196.797
172.269918 195.389
172.278912 195.389
172.281003 200.062
172.287007 198.346
172.291009 198.842
172.300004 203.494
172.302996 202.714
172.307005 197.434
172.311009 195.133
172.317016 198.842
172.324012 195.898
172.325960 197.952
172.332019 198.073
172.336014 198.346
172.340016 195.021
172.346011 193.61
172.350006 199.612
172.356014 200.529
172.360014 193.61
172.366014 192.852
172.370011 196.665
172.376024 198.842
172.379904 192.096
172.386022 198.977
172.390011 201.936
172.397059 194.371
172.400959 192.315
172.406951 199.752
172.410963 198.842
172.416962 192.852
172.419905 196.026
172.425955 193.61
172.429965 192.961
172.435898 195.898
172.439975 195.256
172.445997 195.78
172.449957 194.489
172.455910 198.346
172.459971 201.308
172.465960 199.612
172.469955 192.754
172.475907 196.543
172.479963 197.434
172.485962 195.021
172.489958 195.256
172.495973 198.842
172.499966 199.752
172.508964 198.073
172.510954 196.797
172.515964 201.467
172.519963 194.618
172.525967 195.133
172.529963 199.902
172.535964 201.159
172.539963 195.021
172.545960 197.307
172.549958 198.977
172.555963 200.385
172.560962 196.797
172.564957 195.898
172.570974 197.434
172.574891 198.073
172.581010 193.848
172.586014 195.898
172.590024 199.902
172.596024 201.308
172.602015 196.939
172.606013 198.977
172.610018 196.797
172.617018 193.61
172.626012 197.307
172.630009 197.307
172.631002 197.434
172.644013 195.133
172.646002 197.434
172.648012 200.529
172.652010 200.684
172.656019 199.123
172.659990 203.494
172.666018 198.842
172.670013 196.665
172.675975 197.307
172.680018 195.673
172.685967 194.918
172.690017 197.19
172.699019 195.78
172.701013 201.159
172.706008 200.684
172.710002 193.61
172.719010 196.797
172.721012 203.657
172.726022 200.529
172.730014 195.133
172.736020 196.163
172.743017 195.133
172.747001 193.507
172.750991 198.073
172.755007 199.612
172.764021 193.848
172.766004 191.552
172.774013 196.163
172.776009 198.204
172.780951 197.57
172.786019 198.346
172.791002 200.529
172.797014 197.57
172.801010 193.507
172.809015 197.19
172.815016 197.952
172.816004 194.165
172.821030 193.507
172.827007 195.133
172.831020 196.665
172.837016 194.489
172.841010 195.256
172.847011 196.797
172.850890 201.308
172.857020 200.062
172.860947 199.444
172.867013 198.977
172.871007 195.78
172.880021 194.371
172.883005 194.371
172.884903 195.898
172.891018 194.371
172.895017 194.489
172.901016 194.618
172.905014 197.57
172.910932 197.57
172.914941 198.977
172.920996 199.752
172.927026 197.717
172.930015 196.797
172.935133 198.977
172.941011 195.898
172.945009 193.507
172.951010 195.898
172.955015 200.684
172.961015 197.57
172.965013 194.489
172.971006 193.848
172.975012 197.57
172.981013 196.797
172.985009 194.618
172.991012 198.346
172.994895 198.497
173.000941 193.724
173.004962 193.848
173.011030 198.204
173.014974 192.315
173.020968 194.489
173.025968 198.977
173.029967 198.346
173.035971 197.434
173.039972 196.026
173.045963 197.717
173.049962 200.684
173.055969 196.939
173.059968 197.434
173.065971 196.797
173.069967 200.062
173.075953 197.434
173.079973 193.724
173.085966 197.307
173.089910 195.021
173.095966 197.19
173.099886 199.123
173.105966 197.434
173.109964 192.961
173.115965 197.57
173.119968 205.412
173.125912 201.467
173.129961 196.797
173.135968 194.618
173.139974 198.346
173.145964 197.254
173.149963 196.163
173.156973 195.256
173.160967 190.79
173.166964 188.621
173.172967 192.2
173.174959 206.635
173.179996 208.216
173.185974 194.489
173.189968 193.724
173.195972 201.159
173.199923 202.566
173.205968 197.841
173.209968 196.543
173.215969 195.256
173.219972 198.716
173.225964 196.026
173.229968 193.08
173.235968 194.489
173.239968 199.902
173.245968 199.123
173.249986 196.026
173.255972 200.529
173.259968 200.848
173.265912 197.874
173.269963 196.026
173.275968 193.61
173.279972 193.724
173.285969 192.961
173.289961 191.552
173.295966 194.756
173.299970 195.533
173.305964 198.346
173.309958 202.252
173.315972 199.444
173.319967 193.21
173.325965 195.898
173.329961 196.026
173.335966 198.204
173.339971 197.57
173.345965 195.256
173.349966 193.61
173.355965 194.263
173.359971 194.263
173.365961 192.2
173.369975 194.618
173.375967 198.346
173.379969 195.533
173.385971 197.717
173.389962 201.308
173.395979 206.022
173.399966 204.277
173.405966 189.497
173.409959 190.142
173.415969 194.489
173.419970 192.961
173.425982 192.315
173.429966 194.618
173.435974 202.252
173.439976 199.123
173.446965 195.533
173.450963 199.123
173.456972 197.57
173.460967 198.346
173.466978 194.756
173.469970 198.497
173.475919 198.346
173.479974 200.529
173.485969 196.026
173.489895 192.961
173.495892 194.263
173.499972 190.032
173.505963 192.096
173.509966 193.982
173.515976 201.636
173.519970 201.467
173.525968 200.25
173.529935 197.952
173.535976 202.089
173.539971 198.977
173.545908 190.591
173.549907 195.021
173.555954 196.543
173.559921 197.952
173.565970 198.204
173.569969 202.872
173.575925 200.062
173.579974 192.575
173.585969 193.349
173.589970 193.982
173.595909 195.233
173.599942 196.469
173.605968 194.126
173.609959 194.371
173.615979 203.494
173.619972 201.467
173.626011 194.489
173.629977 195.898
173.635969 197.307
173.639967 192.852
173.645965 196.797
173.649913 202.252
173.655966 202.089
173.659967 199.361
173.665969 196.431
173.669916 197.19
173.675967 202.566
173.680974 194.371
173.684968 187.019
173.690962 196.543
173.694965 206.022
173.700973 195.533
173.704967 193.982
173.710971 201.206
173.714909 199.902
173.720973 190.79
173.726465 191.031
173.729903 197.254
173.735969 197.254
173.739914 194.756
173.745972 188.088
173.749963 196.026
173.755968 203.217
173.759972 196.311
173.765963 188.088
173.775977 187.864
173.777910 196.026
173.781966 202.252
173.785894 201.792
173.791970 192.754
173.795968 197.19
173.801967 202.428
173.805913 196.987
173.809962 195.021
173.815971 195.256
173.819968 195.133
173.825968 192.003
173.830201 186.196
173.835901 192.315
173.839973 201.636
173.845969 199.279
173.849968 201.159
173.855975 198.842
173.859971 197.57
173.865967 193.08
173.871970 193.848
173.874960 195.133
173.881973 190.032
173.888974 196.163
173.890960 197.717
173.904970 196.311
173.908969 192.44
173.909959 186.357
173.911969 190.394
173.920968 206.4
173.923969 194.126
173.925957 187.211
173.931905 200.385
173.938966 201.936
173.940970 202.089
173.945968 198.204
173.951967 193.848
173.955973 195.133
173.959968 194.489
173.965970 197.874
173.970969 195.686
173.974908 195.064
173.980981 196.939
173.984971 198.346
173.990969 200.529
173.994954 198.204
174.000971 198.716
174.005963 194.263
174.009968 198.977
174.015950 203.828
174.019950 201.636
174.026970 194.618
174.030960 190.142
174.036962 193.21
174.040969 199.279
174.046966 200.062
174.055972 193.724
174.057963 195.898
174.061971 198.204
174.066029 198.073
174.072003 192.315
174.076028 194.618
174.082017 200.25
174.086021 202.428
174.092012 198.6
174.096032 193.08
174.100023 198.204
174.106024 203.342
174.110022 204.9
174.116022 194.756
174.120022 190.142
174.126022 187.323
174.130011 190.263
174.136022 194.756
174.139979 201.636
174.146016 202.425
174.150014 197.091
174.156018 191.442
174.160001 190.032
174.166017 202.252
174.171017 203.828
174.175020 196.311
174.181020 196.163
174.185030 194.618
174.191016 197.434
174.194957 201.467
174.201052 201.022
174.205025 193.982
174.211004 190.142
174.214970 188.621
174.221022 193.08
174.225021 199.752
174.231049 201.936
174.235024 197.841
174.241036 196.431
174.244960 197.952
174.250981 200.25
174.255966 198.716
174.259909 195.021
174.266017 195.78
174.270021 198.977
174.276023 200.529
174.280021 193.08
174.286017 190.032
174.290018 188.621
174.296021 195.849
174.300024 200.602
174.306018 192.575
174.310023 188.621
174.316019 187.211
174.320022 196.163
174.326013 204.12
174.329968 198.073
174.336022 192.852
174.342022 192.2
174.346035 192.961
174.350017 199.279
174.356022 200.062
174.360024 190.906
174.367019 190.79
174.371019 196.797
174.376963 202.872
174.381024 201.159
174.387024 195.256
174.391022 195.389
174.395977 188.733
174.400021 193.08
174.406023 195.533
174.410025 194.371
174.416021 193.724
174.420025 197.434
174.426020 196.026
174.430024 197.952
174.436015 200.25
174.440034 196.665
174.445995 202.566
174.450018 201.308
174.456022 193.848
174.465006 189.381
174.465958 189.76
174.471022 199.805
174.477033 202.425
174.481022 196.026
174.487021 191.552
174.491030 190.394
174.497021 195.389
174.504022 195.389
174.506014 198.497
174.512020 196.311
174.516023 191.802
174.522024 186.561
174.526019 190.263
174.530026 198.346
174.536033 198.346
174.540030 198.204
174.546026 196.665
174.550016 195.78
174.555984 200.684
174.559968 205.801
174.566281 190.906
174.570029 192.666
174.576025 205.244
174.580145 199.902
174.586019 188.733
174.590181 175.362
174.596018 184.859
174.600027 241.68
174.606022 206.4
174.610020 181.739
174.616032 205.38
174.620027 194
174.626027 189.095
174.630027 203.973
174.636068 187.446
174.640025 196.665
174.646024 219.968
174.650019 209.724
174.656025 179.301
174.660183 191.175
174.665965 212.408
174.670022 195.686
174.675976 171.213
174.679898 184.765
174.686022 229.817
174.690019 210.205
174.696031 195.898
174.700025 202.425
174.706019 188.43
174.710023 191.846
174.715951 192.575
174.720023 163.355
174.726014 159.862
174.730016 234.917
174.736033 244.364
174.740025 205.526
174.746021 182.877
174.750019 198.204
174.756021 203.066
174.760025 175.285
174.766006 173.485
174.770026 203.494
174.776025 206.228
174.782984 193.499
174.785027 196.163
174.791023 195.898
174.795019 206.206
174.801167 218.433
174.805024 207.711
174.811019 185.284
174.814897 176.071
174.821985 181.108
174.825970 186.561
174.831974 209.01
174.835975 205.682
174.841974 195.389
174.844911 201.467
174.850974 201.159
174.854970 209.442
174.860976 208.002
174.864982 179.212
174.871025 182.784
174.875024 188.223
174.881023 195.133
174.885026 210.642
174.891005 216.227
174.894988 192.003
174.901029 196.237
174.905030 211.206
174.911020 188.353
174.915033 174.828
174.920944 173.254
174.925031 188.351
174.931027 216.227
174.935002 217.187
174.941064 198.346
174.945037 194.371
174.951021 223.403
174.955025 198.977
174.961028 180.38
174.965019 173.254
174.971026 175.454
174.975021 198.716
174.981034 214.972
174.985027 211.691
174.991019 187.211
174.995020 196.797
175.001026 193.21
175.005028 202.425
175.011020 198.346
175.015012 197.084
175.021025 195.673
175.025028 196.237
175.031019 197.952
175.035059 201.658
175.040962 195.256
175.045026 191.552
175.051022 195.256
175.055017 199.902
175.061022 197.717
175.069028 202.8
175.074979 200.848
175.076022 187.768
175.080959 188.282
175.087028 196.026
175.091024 202.089
175.097024 190.79
175.101020 192.852
175.107024 199.902
175.111027 203.657
175.117042 197.717
175.121019 196.026
175.127032 196.163
175.134017 193.982
175.136025 197.434
175.142025 195.389
175.146026 196.026
175.152035 190.79
175.158025 190.686
175.161027 193.982
175.166027 202.252
175.170018 195.389
175.177028 192.315
175.186027 194.489
175.190029 196.163
175.191017 202.425
175.204025 199.279
175.206017 192.315
175.208027 191.442
175.210016 193.08
175.216032 196.939
175.220024 195.389
175.226025 191.552
175.230022 194.371
175.236023 199.752
175.239971 202.714
175.246033 201.636
175.250028 199.902
175.256022 196.665
175.260026 192.852
175.266029 201.658
175.270021 201.936
175.275997 192.2
175.280026 186.357
175.285965 193.724
175.290024 199.444
175.296033 196.311
175.299921 196.163
175.306023 195.389
175.310023 192.315
175.316028 196.939
175.320027 200.385
175.326027 198.346
175.330018 200.385
175.335980 195.256
175.340025 193.08
175.346030 198.204
175.350028 198.346
175.356025 194.618
175.360028 190.142
175.366024 193.848
175.370023 200.684
175.376030 198.658
175.379977 190.79
175.386023 190.906
175.390021 201.936
175.396027 204.277
175.400569 198.842
175.406017 195.256
175.412932 195.898
175.414920 198.073
175.420942 201.467
175.424935 198.658
175.430906 192.44
175.434915 194.489
175.440931 193.982
175.447944 196.163
175.451946 199.123
175.458931 197.57
175.460939 199.612
175.465931 199.482
175.471931 196.665
175.475939 197.57
175.481936 202.714
175.485927 195.898
175.491930 191.343
175.495975 192.961
175.499937 196.543
175.506101 204.443
175.509936 208.216
175.515933 193.724
175.519929 189.932
175.525918 194.618
175.529932 199.902
175.535932 197.57
175.539933 194.489
175.545939 191.442
175.549931 194.371
175.555939 202.089
175.559932 202.252
175.565932 199.752
175.569932 196.665
175.575933 196.026
175.579933 199.612
175.585931 199.752
175.589931 200.529
175.595934 194.489
175.599910 192.754
175.605934 195.898
175.609937 201.308
175.616933 199.902
175.620934 197.57
175.626940 195.389
175.630930 194.489
175.636945 198.842
175.640936 203.657
175.645932 200.529
175.649939 195.021
175.655936 196.431
175.659931 200.385
175.665931 201.308
175.669934 197.434
175.675936 196.026
175.679930 195.389
175.686027 192.315
175.690001 197.57
175.696032 199.902
175.700032 195.256
175.706026 195.133
175.710029 198.204
175.716031 199.752
175.720033 196.543
175.726028 192.852
175.730027 198.716
175.736033 198.073
175.740009 194.489
175.746031 193.724
175.750033 193.724
175.755918 194.489
175.759985 198.977
175.765937 201.467
175.769983 194.618
175.775992 192.852
175.779985 196.665
175.785990 202.872
175.789923 197.717
175.796040 190.79
175.800029 193.61
175.806480 194.489
175.810001 197.434
175.816034 196.797
175.820033 196.797
175.826029 193.61
175.830039 193.724
175.836086 199.123
175.840037 202.089
175.846032 195.78
175.850030 195.78
175.856031 197.307
175.860034 195.898
175.866030 192.2
175.871024 200.529
175.877042 199.752
175.881024 193.61
175.887029 193.724
175.891029 202.566
175.896025 201.308
175.899939 197.57
175.906164 199.123
175.909996 201.792
175.915983 198.842
175.919981 199.612
175.925981 198.842
175.929978 195.898
175.935948 196.026
175.939981 195.898
175.945981 195.898
175.949977 196.939
175.955985 197.57
175.959981 196.665
175.968911 196.797
175.970973 198.842
175.975979 198.073
175.979985 197.434
175.985984 195.133
175.989981 197.19
175.995928 198.842
175.999984 200.684
176.006774 194.489
176.009905 192.096
176.015903 201.308
176.019913 200.684
176.025907 193.724
176.029904 193.08
176.035904 197.57
176.039907 196.665
176.045901 195.898
176.049905 194.756
176.055902 195.256
176.059890 195.898
176.065901 193.848
176.069948 195.389
176.075940 199.123
176.079937 197.57
176.085939 196.665
176.089941 200.385
176.095940 200.25
176.099936 198.073
176.105936 199.612
176.109936 198.716
176.115935 195.78
176.119943 195.898
176.126042 192.096
176.132018 197.434
176.136034 199.902
176.140033 195.256
176.146036 193.61
176.150036 198.977
176.156006 200.385
176.160037 195.133
176.166025 194.371
176.169976 196.665
176.176035 198.073
176.180035 201.308
176.186035 198.204
176.190040 194.371
176.196031 195.898
176.200014 194.489
176.206030 198.977
176.210029 198.977
176.216034 194.489
176.220044 194.489
176.229036 195.389
176.231026 196.797
176.236029 196.163
176.239995 197.434
176.246038 197.307
176.250036 199.752
176.256035 201.308
176.260034 196.665
176.266034 195.021
176.270051 201.159
176.276010 204.12
176.280027 198.842
176.286038 196.797
176.290032 198.977
176.296033 198.346
176.300043 199.123
176.306028 200.062
176.310032 196.026
176.316031 196.797
176.320031 199.902
176.326086 196.797
176.330030 197.434
176.336029 198.073
176.343050 199.612
176.345035 203.973
176.351029 198.842
176.355033 195.78
176.361033 194.263
176.365037 199.612
176.371028 204.277
176.375015 196.543
176.381039 193.414
176.385041 194.371
176.391035 199.752
176.395027 201.308
176.401041 198.204
176.405026 195.898
176.411035 196.665
176.415033 200.062
176.421040 198.497
176.425039 193.848
176.430896 192.961
176.434980 195.256
176.440984 199.902
176.445026 202.252
176.450993 197.307
176.454982 194.263
176.464985 199.752
176.469014 198.346
176.471984 196.543
176.481985 198.073
176.484995 195.78
176.485977 195.898
176.490980 196.797
176.494986 197.434
176.500977 194.371
176.504978 195.133
176.510985 197.434
176.514979 200.529
176.523987 200.529
176.525976 195.78
176.530984 197.19
176.534976 199.612
176.540991 201.792
176.544986 198.073
176.550984 197.307
176.554983 195.021
176.560982 198.842
176.564983 200.385
176.570978 198.842
176.574993 197.19
176.580984 197.307
176.585984 199.482
176.591989 196.431
176.595986 195.133
176.601981 198.842
176.606028 199.752
176.610930 199.612
176.614906 194.371
176.620912 193.61
176.624914 198.977
176.630907 201.467
176.634908 197.57
176.640910 195.256
176.644911 192.961
176.650910 195.133
176.654916 202.872
176.660914 201.467
176.664912 191.552
176.670911 191.552
176.674907 195.389
176.680912 199.123
176.684910 201.467
176.690906 196.797
176.695912 192.961
176.699934 196.797
176.705911 200.062
176.709934 198.497
176.715912 198.204
176.720909 196.026
176.724914 194.489
176.730915 198.977
176.734906 199.902
176.740912 198.204
176.744872 194.263
176.750908 195.021
176.754881 199.612
176.760913 199.612
176.764912 198.073
176.770909 197.952
176.774911 197.952
176.780908 201.658
176.784912 203.342
176.790911 197.307
176.794909 192.754
176.800915 195.021
176.804918 201.159
176.810913 197.307
176.814910 190.591
176.820912 193.61
176.824914 195.898
176.830911 195.78
176.834910 198.842
176.840909 201.159
176.844913 195.673
176.851168 194.918
176.854905 198.977
176.860915 200.125
176.864904 197.841
176.870910 201.02
176.874905 196.543
176.880912 194.263
176.884911 193.61
176.890906 197.434
176.894914 196.543
176.900910 193.61
176.904910 197.434
176.910910 196.543
176.914933 195.78
176.920915 201.02
176.924911 201.02
176.930910 196.237
176.934904 196.431
176.940914 200.385
176.944904 196.543
176.950915 195.021
176.954910 198.977
176.961937 197.57
176.965917 193.724
176.971912 196.311
176.975917 204.01
176.981912 194.618
176.985986 192.315
176.990914 197.091
176.994913 196.163
177.000909 196.543
177.004982 198.977
177.010988 197.434
177.014982 197.57
177.020988 199.902
177.024990 198.977
177.030983 196.665
177.034980 198.204
177.040985 199.902
177.044983 201.467
177.050984 196.665
177.054978 192.754
177.060982 198.346
177.064980 197.57
177.070984 197.434
177.074989 195.898
177.080987 192.961
177.084929 195.256
177.090992 200.529
177.094990 201.467
177.100985 197.307
177.104990 194.371
177.110988 199.123
177.114991 200.529
177.120991 198.073
177.126990 200.25
177.129991 198.073
177.134978 198.073
177.140934 196.665
177.144996 198.204
177.150984 196.543
177.154934 196.543
177.160988 201.308
177.164976 197.434
177.170983 193.507
177.174981 196.543
177.180989 200.25
177.185060 200.891
177.190998 200.891
177.194985 198.073
177.200992 196.431
177.204937 201.658
177.210943 201.02
177.214937 195.021
177.220942 192.852
177.224951 197.434
177.230944 199.612
177.234952 198.204
177.240946 196.543
177.244940 194.371
177.250940 197.19
177.254939 199.612
177.260944 201.936
177.264912 198.204
177.272946 194.263
177.275939 194.165
177.280937 200.25
177.284918 200.385
177.290929 195.78
177.294947 194.371
177.300937 196.797
177.304939 196.665
177.310941 200.385
177.314932 200.529
177.320945 195.133
177.324940 194.263
177.330942 200.25
177.334939 199.612
177.340942 197.307
177.344947 196.543
177.350943 197.19
177.354940 199.482
177.363082 199.612
177.365941 199.752
177.370940 196.665
177.374939 195.133
177.380978 196.543
177.385032 201.159
177.391039 202.872
177.395039 195.133
177.400979 194.263
177.405033 198.716
177.411036 196.329
177.415040 203.199
177.423988 205.682
177.426033 197.084
177.431995 197.19
177.435031 201.159
177.440059 199.752
177.447040 200.385
177.451008 197.434
177.456952 197.434
177.461041 197.307
177.467031 198.204
177.470039 199.752
177.476046 196.431
177.480038 197.084
177.485982 197.434
177.490066 196.797
177.496035 200.529
177.500039 200.385
177.506038 197.952
177.510033 198.073
177.516038 199.612
177.520036 203.494
177.526037 202.566
177.530040 193.414
177.536040 194.263
177.540040 200.385
177.546034 200.25
177.550034 197.307
177.556039 192.096
177.560038 196.543
177.566039 200.529
177.570029 201.159
177.576039 197.307
177.580037 196.543
177.586050 200.25
177.590033 201.936
177.596039 197.952
177.600039 194.263
177.606035 197.084
177.610030 197.952
177.615993 200.385
177.620036 198.073
177.626033 195.78
177.630041 195.898
177.636038 195.898
177.639960 199.612
177.646035 196.543
177.650035 197.19
177.656040 199.361
177.660050 193.414
177.666044 197.952
177.670043 201.02
177.676039 197.952
177.680043 200.891
177.686037 196.665
177.690030 195.78
177.697039 197.57
177.701041 200.529
177.707037 200.385
177.711040 193.61
177.717041 193.507
177.720035 196.665
177.726035 201.159
177.730038 198.073
177.737034 192.2
177.746040 192.754
177.750043 198.842
177.751030 203.199
177.764043 202.566
177.766031 198.716
177.768041 196.543
177.770035 203.342
177.775947 203.199
177.780043 197.19
177.785924 198.716
177.790007 197.19
177.795947 198.073
177.799931 198.842
177.805929 195.133
177.810451 198.073
177.815990 198.977
177.819960 198.204
177.826046 196.543
177.830038 197.434
177.836050 201.159
177.840042 198.842
177.846042 194.263
177.850037 195.133
177.856042 197.952
177.860041 201.792
177.866043 198.842
177.870041 195.78
177.876040 197.952
177.880040 197.19
177.886045 197.307
177.890044 197.434
177.896026 193.61
177.900007 198.204
177.906043 197.307
177.910034 196.543
177.916042 198.842
177.920052 198.204
177.926024 198.716
177.930049 195.021
177.936044 197.307
177.940039 198.073
177.946042 196.543
177.950034 201.936
177.956042 196.543
177.960041 195.78
177.965964 198.977
177.970035 197.57
177.976044 197.434
177.980041 195.133
177.986040 193.61
177.990044 195.898
177.996042 197.434
178.000044 201.159
178.006035 199.612
178.010038 198.073
178.016034 200.385
178.019913 199.482
178.025996 201.792
178.029992 198.073
178.035991 194.263
178.039991 196.543
178.045995 195.898
178.049986 196.543
178.055993 197.19
178.059996 198.977
178.065987 199.612
178.069988 198.977
178.075988 200.385
178.079991 195.898
178.085930 197.952
178.089911 198.842
178.095999 198.073
178.099993 197.307
178.106010 195.898
178.109995 199.612
178.115996 198.204
178.119993 198.204
178.125986 196.797
178.129988 192.315
178.135994 195.389
178.139997 198.977
178.145994 199.612
178.149993 195.673
178.155995 194.165
178.159935 196.543
178.166053 198.716
178.170042 198.716
178.176043 195.021
178.180050 196.543
178.187043 195.78
178.193040 198.977
178.196048 200.529
178.202042 197.57
178.206042 196.026
178.211028 198.497
178.215040 203.657
178.221044 200.529
178.225048 196.797
178.230975 192.852
178.235042 199.361
178.241043 203.066
178.245042 202.428
178.251039 196.987
178.255045 195.576
178.261037 202.566
178.265045 204.9
178.271037 198.716
178.275040 192.003
178.281041 193.414
178.285048 197.952
178.291046 204.443
178.295040 201.308
178.301042 193.507
178.305046 192.852
178.311037 198.073
178.315038 204.277
178.320972 203.494
178.325037 198.073
178.331045 193.507
178.334964 192.852
178.340976 200.385
178.345046 201.936
178.351035 192.852
178.355040 192.2
178.361042 192.096
178.365047 201.308
178.371037 199.123
178.375045 191.552
178.381045 195.898
178.385044 196.665
178.391036 201.159
178.395042 198.073
178.401047 199.482
178.405043 197.841
178.411114 191.175
178.415004 192.754
178.420986 199.482
178.425040 201.02
178.431056 195.898
178.435056 192.096
178.441056 194.371
178.445044 202.714
178.451043 205.682
178.455048 202.299
178.461042 196.329
178.465040 197.841
178.471055 196.987
178.475035 199.151
178.481049 201.42
178.485053 197.841
178.491040 194.918
178.495040 197.952
178.501048 200.529
178.508043 195.898
178.509989 194.371
178.516041 196.665
178.520045 198.346
178.526039 199.902
178.530051 197.434
178.536040 196.797
178.540049 198.842
178.546044 196.543
178.550043 201.792
178.556043 200.25
178.559985 198.494
178.566043 199.251
178.570046 201.658
178.575990 201.658
178.580050 196.543
178.585933 194.371
178.590047 198.204
178.597046 202.089
178.601051 194.756
178.607042 192.575
178.611050 193.08
178.617049 198.346
178.621048 202.089
178.626029 198.497
178.630052 198.204
178.636054 198.073
178.640047 196.665
178.646047 197.952
178.650049 195.021
178.656047 198.716
178.660023 195.133
178.666047 196.543
178.669977 199.482
178.676036 194.263
178.681045 198.6
178.685048 197.952
178.691041 197.307
178.694973 195.133
178.701060 197.952
178.705048 195.673
178.711047 201.792
178.715051 201.159
178.721047 197.307
178.725047 195.78
178.730909 196.665
178.735004 194.371
178.741005 195.898
178.744992 199.752
178.750999 195.673
178.754999 196.329
178.760991 201.792
178.764995 202.872
178.770935 195.78
178.774997 193.61
178.780999 198.842
178.784997 200.385
178.790996 200.01
178.794993 197.841
178.801002 194.826
178.804997 200.25
178.811006 201.02
178.814994 198.842
178.820997 193.61
178.824993 190.79
178.830995 199.123
178.835051 205.602
178.841042 200.848
178.845042 191.552
178.851041 198.204
178.855047 198.977
178.860989 200.529
178.865050 199.482
178.871051 197.084
178.875048 198.6
178.880975 200.385
178.885041 199.902
178.891044 201.308
178.895042 195.898
178.901048 198.346
178.904987 196.797
178.910985 195.256
178.915046 195.021
178.921051 194.263
178.927044 198.073
178.930049 197.57
178.935044 196.797
178.941049 196.665
178.945043 198.977
178.950919 197.307
178.954998 195.898
178.960908 193.61
178.965042 195.898
178.971000 198.716
178.975021 201.02
178.981005 195.021
178.984998 194.263
178.991003 197.952
178.994996 202.566
179.000923 196.797
179.004939 193.724
179.010920 193.507
179.015002 198.716
179.025003 199.482
179.029007 201.159
179.032003 198.977
179.042366 193.61
179.045005 193.414
179.045986 197.57
179.051001 204.443
179.057008 198.842
179.059997 195.78
179.065002 197.19
179.070999 193.507
179.074997 202.299
179.081007 200.771
179.085002 200.771
179.091001 196.431
179.094989 192.096
179.101033 199.752
179.105054 197.307
179.111052 198.842
179.115047 200.385
179.121053 199.612
179.125043 202.566
179.131037 197.952
179.135069 197.084
179.141056 199.612
179.144948 197.57
179.151006 193.724
179.154996 192.2
179.160999 198.073
179.164995 198.204
179.170996 199.752
179.175004 199.752
179.181000 198.842
179.184998 195.021
179.191003 199.752
179.195011 197.434
179.201007 197.57
179.205002 201.936
179.211002 198.073
179.214996 195.898
179.221006 198.346
179.225003 196.026
179.230995 196.026
179.235001 198.204
179.241004 199.902
179.245010 197.717
179.250996 194.489
179.254990 192.2
179.260953 198.842
179.264999 202.089
179.271003 200.385
179.274958 197.19
179.281009 195.673
179.284996 197.841
179.291002 199.482
179.300002 201.658
179.300993 200.25
179.305954 196.543
179.312040 195.78
179.316010 200.385
179.322002 200.125
179.326002 195.576
179.332009 203.199
179.335938 203.066
179.340006 199.361
179.345997 197.841
179.350000 194.918
179.355952 197.19
179.360000 202.714
179.366001 195.898
179.370000 189.842
179.376000 192.852
179.380006 202.089
179.387004 200.385
179.390999 197.434
179.397000 196.665
179.400978 195.898
179.406996 199.612
179.410011 201.792
179.415999 195.133
179.419999 193.61
179.426001 194.371
179.429994 202.566
179.435996 198.842
179.440000 192.852
179.446006 195.256
179.449949 196.797
179.456002 201.159
179.459999 200.529
179.465998 197.57
179.469999 195.898
179.476000 194.371
179.480004 196.431
179.486000 197.307
179.489999 198.073
179.498001 198.204
179.500945 196.543
179.506045 197.307
179.510040 202.714
179.515996 201.936
179.520050 197.952
179.526051 197.307
179.530044 195.021
179.536050 196.543
179.540049 201.792
179.546044 198.073
179.550045 191.343
179.556049 194.371
179.560119 200.684
179.566046 199.902
179.570045 191.442
179.576051 193.724
179.580050 196.543
179.586063 196.543
179.589985 198.842
179.596060 195.898
179.600053 195.021
179.606053 199.482
179.609953 202.714
179.615915 198.842
179.619950 194.263
179.625994 198.716
179.629914 197.434
179.636005 196.665
179.640000 192.852
179.646005 195.898
179.650001 194.918
179.656016 195.898
179.660049 201.159
179.666045 200.529
179.670048 198.716
179.676049 197.307
179.679991 201.792
179.686047 200.125
179.690044 197.952
179.696054 199.482
179.700051 197.434
179.706047 195.256
179.710047 195.389
179.716051 197.434
179.720050 198.204
179.726055 197.434
179.729991 197.57
179.736054 194.489
179.740053 198.073
179.746054 195.021
179.749994 198.204
179.756050 201.936
179.760054 197.434
179.766049 192.961
179.770048 192.852
179.776049 195.256
179.780015 196.939
179.787055 194.618
179.791066 196.797
179.797057 194.618
179.801045 193.08
179.807046 199.902
179.810060 202.252
179.816050 198.204
179.820053 191.442
179.826049 192.852
179.830057 196.665
179.836052 195.898
179.840051 197.307
179.846053 198.073
179.850050 195.133
179.856053 198.842
179.860055 204.12
179.866052 204.12
179.870064 196.543
179.876052 195.78
179.880083 197.434
179.886052 199.612
179.890054 198.716
179.896056 200.125
179.900055 201.792
179.905999 197.434
179.910048 200.529
179.916000 199.752
179.920054 196.797
179.926050 195.133
179.930048 196.665
179.936054 201.159
179.940053 198.073
179.946056 199.482
179.950057 201.792
179.956057 203.494
179.960055 202.566
179.966051 195.898
179.971050 195.133
179.974927 195.898
179.981006 201.792
179.984955 200.385
179.991005 197.307
179.995006 195.898
180.001013 196.665
180.004999 201.308
180.011002 197.434
180.015002 195.898
180.021013 195.256
180.025007 197.434
180.031011 199.612
180.035003 199.482
180.041007 198.073
180.045005 197.19
180.051006 198.204
180.054957 198.073
180.061001 195.133
180.065003 195.021
180.071006 198.204
180.075007 198.073
180.080947 198.073
180.085003 197.434
180.091005 198.073
180.095003 197.434
180.101007 199.482
180.105004 196.665
180.111002 195.021
180.115008 193.61
180.121008 196.665
180.125006 200.385
180.130943 198.073
180.134995 194.165
180.141005 195.673
180.145006 202.428
180.151005 200.25
180.154997 195.78
180.161009 194.371
180.164997 200.25
180.171005 202.428
180.175001 200.891
180.180956 198.842
180.185008 197.434
180.191007 198.716
180.195004 199.361
180.201004 198.494
180.204984 202.566
180.211835 197.307
180.214909 199.361
180.220953 202.428
180.224938 204.12
180.231929 196.543
180.235992 197.307
180.242007 199.482
180.246006 194.371
180.251936 195.673
180.256060 197.434
180.261054 201.308
180.265057 199.752
180.271050 195.898
180.275049 199.752
180.281053 195.898
180.285038 197.307
180.291062 196.543
180.295062 196.026
180.305057 195.78
180.309054 193.724
180.312049 201.02
180.322052 196.665
180.325055 195.133
180.326047 192.096
180.331054 194.489
180.337024 197.434
180.340059 196.797
180.344992 192.852
180.351050 192.961
180.355054 196.665
180.361054 199.612
180.364972 201.02
180.371054 196.543
180.375047 195.021
180.381057 198.842
180.385047 198.073
180.391062 199.482
180.395049 194.263
180.401060 196.543
180.405058 198.073
180.411060 199.902
180.415036 194.489
180.421058 189.275
180.425057 195.389
180.431058 196.163
180.435049 197.434
180.441051 195.256
180.445056 192.2
180.451048 195.133
180.454999 202.566
180.461050 205.526
180.465032 198.842
180.471054 192.096
180.475050 193.724
180.481053 198.716
180.485031 196.665
180.491049 195.78
180.495051 197.434
180.500991 200.385
180.505050 201.02
180.511051 197.19
180.515062 197.434
180.521056 201.159
180.525059 200.891
180.530987 198.6
180.535050 196.431
180.541049 196.665
180.545054 198.977
180.551057 198.977
180.555052 199.612
180.561054 197.307
180.565056 196.665
180.571057 201.308
180.575051 196.665
180.580935 197.952
180.585017 199.612
180.591012 200.385
180.595006 197.307
180.600936 197.307
180.605007 194.263
180.611012 195.021
180.615007 199.752
180.621008 203.494
180.625002 197.307
180.630998 193.61
180.635000 196.665
180.641007 198.073
180.645006 202.089
180.651003 199.612
180.655012 194.489
180.661008 198.842
180.665954 200.529
180.672008 197.57
180.676012 194.489
180.682009 197.434
180.686009 204.443
180.691007 198.842
180.695006 198.977
180.700951 202.089
180.705009 200.385
180.711009 193.61
180.714955 193.61
180.721009 195.133
180.725012 195.133
180.731001 198.977
180.736002 199.123
180.739966 195.898
180.746001 192.852
180.750002 199.482
180.756008 203.199
180.759964 200.25
180.765932 201.02
180.770003 197.19
180.775998 201.02
180.780007 201.658
180.786001 196.543
180.790013 195.133
180.796011 192.961
180.800005 194.371
180.806001 195.898
180.810006 201.636
180.815940 199.612
180.820007 195.898
180.825913 202.714
180.829915 204.12
180.835926 198.977
180.839922 203.494
180.845915 196.797
180.849925 192.096
180.857919 196.665
180.860915 202.089
180.865921 196.665
180.869919 196.797
180.875918 206.022
180.879928 195.256
180.885917 190.906
180.889920 194.618
180.895920 192.852
180.899927 196.431
180.905918 196.665
180.909917 197.307
180.915922 197.307
180.919919 196.665
180.925919 193.61
180.929915 193.507
180.935919 198.073
180.939919 196.543
180.945919 197.307
180.949907 197.952
180.955924 198.842
180.959922 197.952
180.965919 196.026
180.969919 199.612
180.975922 191.343
180.979919 198.842
180.985925 199.123
180.989921 193.08
180.995923 195.021
180.999918 192.961
181.005921 196.543
181.009917 198.842
181.015875 199.612
181.019887 195.021
181.025889 192.754
181.029899 198.977
181.035905 201.792
181.039902 197.307
181.046905 196.431
181.050903 197.307
181.056903 198.204
181.060902 198.204
181.066919 199.752
181.069933 193.724
181.075937 192.961
181.079935 197.57
181.085937 196.939
181.089934 194.371
181.095939 191.442
181.099940 196.665
181.105936 200.891
181.109934 197.952
181.115937 201.936
181.119937 196.431
181.125934 198.204
181.129972 199.482
181.135970 196.026
181.139972 198.204
181.145968 194.618
181.149970 197.307
181.155971 201.159
181.159972 201.159
181.165953 196.431
181.169968 195.021
181.175970 198.716
181.179969 198.073
181.185975 201.02
181.189967 198.716
181.195973 198.842
181.199971 196.543
181.205982 194.263
181.209980 200.385
181.216003 196.543
181.219973 197.434
181.225958 197.307
181.229966 198.977
181.235937 199.612
181.239971 195.256
181.246014 198.204
181.250015 197.434
181.256018 196.543
181.260016 198.073
181.266016 201.936
181.270021 194.371
181.276017 195.673
181.280017 199.482
181.286013 198.073
181.290014 200.25
181.296016 198.204
181.300012 197.307
181.305955 194.371
181.310008 195.256
181.316019 202.566
181.320014 195.78
181.325956 197.952
181.330002 201.159
181.335941 199.752
181.340003 199.482
181.346059 198.842
181.350053 200.891
181.358061 197.952
181.361062 202.566
181.366062 201.792
181.370061 196.431
181.376063 194.371
181.380045 200.529
181.386066 198.204
181.390065 192.961
181.395927 196.543
181.403065 199.123
181.405033 200.529
181.411058 195.256
181.414958 197.434
181.420976 199.612
181.424972 196.665
181.430969 202.714
181.434985 196.665
181.440962 197.434
181.444983 199.361
181.450967 194.826
181.454966 200.25
181.460972 199.612
181.465977 197.307
181.471971 195.78
181.475974 194.489
181.481973 198.842
181.485963 195.133
181.490969 198.977
181.494955 195.133
181.500975 192.852
181.504972 199.482
181.510968 198.842
181.514968 202.566
181.520970 198.842
181.524971 197.19
181.533026 202.566
181.536063 201.02
181.541070 199.612
181.545057 194.165
181.551059 190.591
181.555064 195.133
181.561057 199.482
181.565059 195.78
181.571059 200.684
181.575063 198.977
181.585052 191.552
181.589030 197.307
181.592003 198.073
181.602069 197.434
181.605065 197.952
181.605994 191.442
181.611062 197.307
181.615056 195.78
181.621107 197.434
181.624973 204.12
181.630931 198.842
181.634979 193.507
181.640939 192.754
181.644940 199.612
181.650940 197.57
181.654936 189.021
181.660935 191.343
181.664943 202.089
181.670934 195.898
181.674940 191.442
181.680937 198.977
181.684981 195.78
181.690939 195.78
181.694939 198.716
181.700930 200.25
181.704936 197.19
181.710943 195.673
181.714935 197.307
181.720940 201.308
181.724943 199.612
181.730935 198.842
181.734936 195.898
181.740940 198.204
181.744971 194.618
181.750965 195.898
181.754967 195.898
181.760985 198.346
181.764972 196.665
181.770973 199.752
181.774963 201.159
181.780973 196.431
181.784976 200.385
181.790975 201.02
181.794971 200.891
181.800970 200.25
181.804970 198.716
181.810969 196.431
181.814974 200.385
181.820972 201.936
181.824969 198.073
181.830976 193.61
181.834966 193.61
181.840970 194.263
181.844970 201.02
181.850999 201.02
181.854971 195.021
181.860974 198.073
181.864974 202.566
181.870968 195.898
181.874972 195.133
181.880976 199.752
181.884972 194.371
181.890972 195.898
181.894967 198.073
181.900977 195.133
181.904977 198.204
181.910975 198.842
181.915069 198.346
181.921197 197.434
181.925061 195.389
181.931057 194.618
181.935063 195.898
181.941063 197.307
181.945072 197.952
181.951063 200.891
181.954978 201.792
181.961060 204.12
181.965068 195.576
181.971060 193.507
181.975062 201.792
181.981062 196.543
181.985063 195.133
181.991062 197.434
181.995066 193.61
182.003010 197.307
182.006058 200.385
182.011087 195.78
182.014967 194.489
182.021262 198.204
182.024921 198.073
182.030922 198.716
182.035978 201.02
182.039980 195.021
182.045971 197.841
182.049970 205.526
182.055977 204.9
182.059916 196.329
182.065947 195.673
182.069944 202.714
182.075939 198.842
182.079933 198.842
182.085940 197.57
182.089940 194.489
182.095938 201.02
182.099946 203.199
182.105939 201.792
182.109937 195.021
182.115942 194.918
182.119946 200.125
182.126221 197.952
182.129910 195.133
182.135944 192.003
182.139941 198.842
182.145939 203.494
182.149936 198.073
182.155946 199.361
182.159933 201.936
182.165941 198.204
182.169932 195.898
182.175942 194.371
182.179930 193.61
182.186072 195.78
182.189969 195.898
182.195945 196.665
182.199950 195.256
182.206068 196.431
182.210066 203.836
182.216026 204.749
182.220075 194.263
182.226061 194.077
182.230068 198.073
182.236065 202.566
182.239963 196.543
182.246062 195.898
182.250062 197.57
182.256064 193.08
182.260067 197.434
182.266249 194.618
182.269955 195.898
182.275931 192.2
182.279929 196.665
182.286004 199.482
182.289956 196.665
182.295993 198.716
182.300075 199.482
182.306069 202.428
182.310068 197.841
182.316016 197.084
182.320067 197.307
182.326078 200.25
182.330072 195.133
182.336015 195.256
182.340065 200.385
182.346071 193.08
182.350070 198.977
182.356065 201.308
182.360074 196.665
182.366060 197.19
182.370072 201.658
182.376018 200.25
182.382054 192.852
182.386017 195.898
182.390061 200.385
182.396067 198.204
182.400015 200.529
182.406010 198.977
182.410068 198.204
182.416074 196.026
182.421072 197.307
182.429074 201.159
182.431007 197.952
182.437000 192.003
182.441074 193.61
182.446070 196.543
182.450069 201.792
182.456018 198.716
182.460068 196.543
182.466068 201.02
182.470072 202.714
182.476067 200.385
182.480066 195.78
182.486088 195.021
182.490070 198.842
182.496075 196.665
182.500067 199.612
182.506065 195.898
182.510069 191.672
182.515991 195.389
182.520042 198.842
182.526068 198.842
182.530060 195.78
182.536069 190.032
182.540078 200.25
182.546073 204.9
182.550064 201.792
182.556082 201.658
182.560072 201.159
182.566066 199.612
182.570065 195.489
182.576070 200.01
182.580073 197.841
182.586076 195.021
182.590063 196.329
182.596072 195.576
182.600078 197.841
182.606070 198.073
182.610066 202.714
182.615947 200.385
182.619947 197.841
182.626034 200.891
182.630012 201.02
182.636021 194.263
182.640028 194.165
182.645967 193.61
182.650014 197.952
182.656020 199.902
182.660020 200.062
182.665986 197.434
182.670013 193.507
182.676025 202.714
182.680020 202.714
182.686019 191.442
182.690087 190.591
182.696020 200.25
182.700028 201.02
182.706016 199.612
182.710018 199.902
182.716024 193.61
182.719942 196.329
182.726021 204.607
182.730021 200.125
182.736023 198.716
182.740004 197.19
182.746019 197.19
182.750026 195.673
182.756020 199.123
182.759976 197.307
182.765949 192.754
182.771021 199.361
182.777018 199.612
182.781020 197.307
182.787014 197.57
182.791001 196.543
182.795970 197.307
182.800026 195.133
182.806019 196.665
182.810012 201.159
182.816022 196.431
182.820021 195.021
182.826020 198.716
182.830025 200.529
182.836027 195.898
182.840025 197.434
182.846022 200.385
182.850020 202.252
182.856035 196.026
182.866026 197.57
182.870021 198.073
182.871011 195.898
182.884026 198.842
182.886016 201.02
182.888020 200.125
182.890012 197.74
182.896020 197.307
182.900035 200.385
182.905960 201.936
182.910026 198.204
182.916021 196.543
182.920021 196.665
182.926030 200.529
182.930015 197.717
182.936021 192.961
182.940019 196.026
182.946019 200.684
182.949962 198.204
182.956022 199.123
182.962023 198.204
182.966022 194.489
182.970018 198.6
182.976022 201.792
182.980026 197.307
182.985965 189.932
182.990017 187.11
182.996027 198.977
183.000028 205.526
183.006030 197.307
183.010024 193.848
183.015927 193.08
183.020027 202.089
183.026021 202.428
183.029993 201.658
183.036020 197.952
183.040024 194.918
183.046015 197.084
183.050014 200.125
183.056019 201.936
183.060021 204.12
183.065960 197.434
183.073024 196.665
183.075017 198.977
183.081017 196.665
183.085021 198.073
183.091019 198.204
183.095016 198.073
183.103032 198.073
183.105942 196.797
183.111075 198.204
183.115077 201.02
183.121079 198.073
183.125065 199.361
183.131065 196.665
183.135067 195.78
183.141067 198.073
183.145071 198.073
183.151068 198.346
183.155071 193.848
183.161044 194.489
183.165075 197.307
183.171075 195.78
183.175062 196.431
183.181085 198.716
183.185075 194.263
183.191065 196.329
183.195074 194.918
183.201069 199.482
183.205076 200.125
183.212007 195.673
183.216078 202.428
183.222073 201.792
183.226072 192.003
183.232077 195.78
183.237075 196.665
183.241072 194.263
183.245071 194.263
183.251070 193.848
183.255070 195.78
183.260943 193.331
183.267026 199.612
183.271024 202.566
183.275036 195.021
183.281028 199.361
183.285030 201.02
183.291021 195.021
183.295024 199.482
183.300956 199.123
183.305025 195.133
183.311031 194.165
183.315472 196.543
183.321025 198.204
183.324966 190.686
183.331025 198.977
183.335026 200.385
183.341026 192.096
183.345022 198.073
183.351000 204.443
183.355025 197.952
183.361026 196.329
183.365025 197.952
183.370962 204.12
183.375023 197.841
183.381031 195.673
183.385026 198.204
183.391161 191.552
183.395023 197.434
183.401026 197.307
183.405031 195.256
183.411076 196.543
183.415074 196.665
183.421060 197.307
183.425068 200.771
183.431069 197.841
183.435079 200.125
183.441071 201.792
183.445067 200.891
183.451072 196.329
183.455075 202.566
183.461076 200.684
183.465086 191.552
183.471067 194.618
183.475070 196.163
183.481076 196.939
183.485074 199.123
183.491069 205.412
183.495048 200.684
183.501079 193.61
183.505076 195.78
183.511017 205.682
183.515069 202.428
183.522074 192.666
183.526077 199.482
183.532073 199.361
183.536072 200.25
183.542072 201.658
183.545075 200.25
183.551075 202.428
183.555074 195.673
183.561018 195.898
183.565072 200.891
183.571069 192.003
183.575071 195.78
183.581079 201.02
183.585077 200.385
183.591078 203.199
183.595072 198.977
183.601079 199.752
183.605070 196.797
183.611068 195.389
183.615069 192.852
183.621077 192.315
183.625069 198.658
183.631072 199.123
183.635076 198.204
183.641079 199.752
183.646077 200.385
183.650025 195.898
183.656027 200.125
183.660075 197.952
183.666070 193.507
183.670074 200.25
183.676075 200.385
183.680022 200.385
183.686075 197.952
183.690072 197.307
183.696078 200.125
183.700026 197.434
183.706071 197.307
183.710080 197.841
183.716075 198.977
183.720077 199.482
183.726075 195.133
183.730136 202.714
183.736083 197.307
183.740076 192.852
183.746072 199.752
183.750052 197.307
183.756078 192.852
183.760075 195.256
183.766075 199.123
183.770015 195.898
183.775932 200.529
183.780079 202.714
183.786078 195.021
183.790081 194.371
183.796087 195.133
183.800007 192.003
183.806086 196.543
183.810077 198.842
183.816081 197.19
183.820077 201.02
183.826076 201.792
183.830078 195.133
183.836007 195.673
183.840082 198.977
183.846073 196.431
183.850072 191.254
183.856078 198.6
183.860075 201.308
183.866084 197.307
183.870058 198.204
183.876076 198.073
183.880078 192.961
183.888077 198.204
183.891071 198.842
183.895948 195.021
183.900038 195.133
183.906031 193.61
183.909960 194.371
183.916036 198.977
183.920034 199.752
183.926026 198.204
183.930028 204.9
183.936034 202.714
183.939959 195.021
183.947031 196.431
183.951031 200.25
183.957031 200.01
183.961030 196.237
183.967025 196.543
183.970032 192.666
183.976027 192.003
183.980035 199.482
183.986025 198.977
183.990028 195.256
183.996031 195.389
184.000029 198.497
184.006029 203.657
184.010019 201.936
184.016009 195.898
184.020031 193.724
184.025983 198.204
184.030025 197.434
184.036034 198.977
184.039992 200.684
184.046026 197.57
184.049987 195.898
184.056027 198.073
184.060084 201.936
184.066071 198.842
184.070080 197.307
184.076077 198.073
184.080080 196.329
184.086080 196.431
184.092019 201.936
184.096079 202.566
184.100078 196.665
184.106073 198.204
184.110073 198.204
184.116079 201.936
184.120027 202.089
184.126079 196.163
184.130069 192.852
184.136078 200.25
184.146078 203.494
184.150075 198.842
184.151067 197.841
184.163078 198.977
184.165078 199.612
184.166071 201.936
184.171072 199.752
184.175017 195.021
184.181076 193.61
184.185078 197.952
184.191074 201.936
184.195074 199.482
184.200918 195.78
184.206037 195.021
184.210026 198.842
184.216033 198.977
184.220030 196.797
184.226041 195.898
184.230027 196.797
184.236027 195.78
184.240033 198.204
184.248034 198.204
184.250959 193.61
184.256083 195.78
184.260079 198.842
184.266076 197.952
184.270118 195.78
184.276018 195.673
184.280078 198.842
184.286074 198.716
184.290072 197.19
184.297080 199.482
184.301066 195.021
184.307084 193.724
184.311072 194.489
184.317063 191.442
184.321082 192.315
184.326015 196.665
184.330079 195.256
184.336086 198.073
184.340079 197.434
184.349083 194.371
184.353076 198.716
184.356075 202.714
184.361088 199.612
184.365074 195.673
184.371076 198.842
184.375080 201.658
184.381077 198.716
184.385072 199.612
184.391074 195.133
184.395074 190.686
184.401091 193.61
184.406077 195.898
184.415086 200.385
184.417079 198.842
184.420073 195.389
184.426065 196.665
184.430072 195.898
184.436085 199.752
184.440080 201.159
184.446081 199.752
184.450078 197.434
184.456080 196.939
184.460029 198.842
184.466079 201.159
184.470083 198.842
184.476001 197.307
184.480081 197.19
184.486082 197.307
184.490081 198.073
184.496076 198.073
184.500027 198.073
184.506079 199.612
184.510022 201.159
184.516071 200.25
184.521078 197.307
184.525077 198.204
184.531079 197.307
184.535082 201.936
184.541082 200.529
184.546079 197.57
184.550087 201.936
184.556086 199.752
184.559998 199.123
184.565953 200.529
184.569974 200.062
184.576029 196.797
184.580051 196.543
184.586036 201.159
184.590029 198.073
184.596033 200.25
184.600035 202.714
184.606035 201.792
184.610026 199.612
184.615976 199.612
184.619987 198.842
184.626036 195.021
184.630031 195.673
184.636031 198.716
184.640036 203.342
184.645945 203.199
184.650031 193.414
184.656031 198.6
184.660053 203.066
184.665977 202.428
184.669979 205.682
184.676045 202.566
184.682031 198.716
184.685031 200.529
184.691032 201.467
184.695030 195.021
184.701031 193.61
184.705034 196.797
184.713032 192.44
184.720037 192.961
184.721023 196.163
184.726031 193.724
184.730031 196.543
184.736092 202.566
184.739974 202.566
184.746040 198.073
184.750031 198.073
184.756084 197.307
184.760094 198.842
184.766084 199.612
184.770083 195.78
184.776007 197.307
184.780001 200.25
184.786021 193.507
184.790081 190.591
184.796086 197.307
184.800080 198.073
184.806121 197.952
184.810077 202.714
184.816084 201.159
184.820082 196.543
184.826078 197.307
184.830076 196.665
184.836082 193.61
184.840081 195.256
184.846076 195.898
184.850075 190.591
184.856080 192.315
184.860085 194.371
184.866084 195.133
184.870079 198.977
184.875963 196.797
184.879972 196.665
184.886038 199.612
184.890034 202.714
184.896029 199.752
184.900037 196.665
184.906035 195.256
184.910032 195.256
184.916033 193.724
184.919961 191.442
184.926029 191.552
184.930038 193.724
184.936030 191.552
184.943032 193.848
184.947024 198.204
184.951028 197.307
184.957033 196.026
184.961030 194.263
184.966974 196.543
184.971026 199.612
184.978029 199.612
184.980962 196.665
184.986034 197.57
184.990034 193.61
184.996038 191.442
185.000036 194.618
185.006034 198.497
185.010034 195.256
185.016037 196.026
185.020087 196.026
185.026083 202.089
185.030073 198.842
185.036085 195.78
185.040004 198.073
185.046240 193.61
185.050087 196.543
185.056082 198.842
185.060081 197.434
185.066081 194.371
185.070080 198.977
185.076080 202.089
185.081088 196.797
185.085022 196.665
185.091081 195.898
185.095084 196.665
185.102967 201.936
185.106044 200.385
185.110976 196.543
185.115032 197.57
185.121035 198.977
185.125040 195.898
185.131028 200.385
185.135028 197.307
185.141038 192.096
185.144954 195.256
185.151029 198.204
185.155034 198.842
185.163070 194.489
185.176041 193.61
185.186057 198.073
185.186974 200.529
185.189078 197.434
185.191076 198.204
185.197085 197.434
185.201076 196.543
185.207089 194.371
185.211079 198.977
185.217082 195.898
185.221085 195.78
185.227078 199.482
185.230998 196.665
185.235079 192.852
185.241084 195.133
185.247079 197.307
185.250075 195.021
185.257249 197.307
185.260078 197.434
185.265085 196.543
185.271102 198.716
185.275081 196.329
185.290089 200.125
185.292052 200.25
185.294077 197.434
185.298082 196.665
185.305084 199.752
185.306077 204.12
185.311080 204.12
185.315077 204.277
185.323085 204.619
185.326028 195.256
185.331085 197.434
185.335079 206.635
185.341085 199.123
185.345053 187.609
185.352085 188.223
185.356086 190.686
185.364081 197.307
185.371087 201.308
185.372081 199.123
185.378089 193.724
185.381079 195.898
185.387080 202.714
185.391086 205.682
185.395052 203.342
185.401090 195.673
185.407090 191.919
185.410084 197.084
185.445989 200.25
185.449086 199.612
185.451075 197.952
185.454085 198.204
185.456080 202.428
185.462096 203.342
185.466081 201.936
185.472091 195.898
185.478088 187.609
185.481086 184.621
185.488086 196.431
185.491077 204.749
185.496026 197.307
185.500024 195.576
185.506081 197.841
185.516090 201.792
185.517078 209.442
185.522081 203.199
185.526086 198.073
185.532102 201.792
185.536100 195.78
185.556098 192.852
185.559079 198.204
185.560088 196.163
185.561024 196.797
185.566090 203.657
185.572086 197.307
185.576085 198.073
185.580030 201.467
185.586065 198.346
185.590094 194.371
185.601094 201.159
185.602075 200.25
185.607084 196.543
185.611083 198.073
185.617088 201.159
185.621087 203.342
185.627093 202.714
185.642087 201.02
185.645088 198.204
185.646103 195.389
185.647077 199.279
185.655084 198.497
185.657082 194.618
185.662003 191.552
185.666085 193.08
185.672034 193.349
185.678088 198.977
185.687083 197.57
185.689090 196.163
185.691079 195.256
185.696082 199.612
185.702082 199.361
185.706080 199.612
185.711089 198.346
185.717086 197.434
185.728094 195.133
185.731081 198.842
185.732089 197.434
185.737089 192.961
185.746086 195.133
185.749094 193.848
185.751081 191.552
185.760088 195.898
185.764964 196.939
185.766030 193.08
185.770985 192.852
185.779984 195.898
185.781029 199.752
185.796042 195.133
185.799033 191.343
185.800038 194.263
185.801028 196.543
185.806036 197.19
185.812039 199.752
185.815965 192.961
185.822240 190.686
185.826090 195.673
185.832085 195.898
185.836087 194.918
185.842089 193.724
185.846087 199.482
185.852088 193.724
185.856086 198.346
185.862087 198.346
185.866082 195.389
185.872097 192.44
185.876086 188.854
185.880116 194.756
185.886089 199.279
185.890082 197.874
185.896089 194.618
185.900088 194.618
185.905967 196.026
185.910089 193.982
185.915983 196.163
185.920047 190.906
185.926095 187.683
185.930099 192.096
185.936088 200.385
185.940095 202.566
185.946092 203.342
185.950086 203.342
185.956087 198.6
185.959962 195.673
185.966048 204.12
185.972039 203.039
185.976044 194.489
185.980039 190.032
185.986077 195.389
185.990047 196.797
185.996042 197.434
186.002034 195.389
186.005035 196.026
186.011048 201.308
186.015038 201.308
186.021032 200.385
186.025039 197.434
186.031052 199.482
186.035042 201.792
186.041040 203.657
186.046977 203.494
186.051974 200.25
186.055969 204.277
186.060100 195.898
186.066084 195.133
186.070223 200.529
186.076012 197.434
186.080093 195.78
186.086083 192.852
186.090087 198.073
186.096099 202.714
186.100091 206.465
186.106087 200.385
186.110091 200.385
186.116086 198.073
186.120091 194.371
186.126085 196.665
186.130080 193.61
186.137090 195.133
186.141077 197.307
186.147085 200.529
186.151082 202.566
186.157090 195.021
186.160085 195.898
186.166084 199.612
186.172085 198.977
186.175085 196.665
186.181097 195.133
186.185091 192.096
186.191089 194.371
186.195041 197.434
186.201093 193.61
186.205090 195.898
186.211034 198.842
186.215094 195.021
186.221085 195.78
186.225099 196.543
186.231060 194.371
186.235092 195.389
186.241088 196.026
186.245089 192.2
186.251079 198.073
186.255091 196.026
186.261087 194.263
186.265092 194.263
186.271083 198.842
186.279091 192.754
186.281092 189.763
186.287086 196.543
186.291087 199.752
186.297087 195.133
186.301091 194.371
186.307084 203.217
186.311085 197.434
186.317092 196.026
186.321089 198.497
186.327091 199.279
186.331089 195.133
186.337089 194.489
186.340093 198.977
186.345086 195.389
186.351087 196.797
186.355097 193.848
186.361092 193.848
186.365019 197.57
186.371091 199.902
186.375089 202.089
186.381085 198.204
186.385092 200.529
186.391092 198.977
186.395096 198.716
186.401041 199.752
186.405095 192.961
186.412097 191.442
186.416093 193.724
186.422093 197.717
186.427086 196.939
186.431086 194.618
186.437042 200.684
186.440013 202.608
186.446091 199.612
186.450010 200.385
186.456013 202.089
186.460094 198.842
186.466089 199.612
186.470088 201.308
186.476093 197.434
186.480172 194.489
186.486094 194.618
186.492092 196.163
186.495083 198.346
186.501087 198.346
186.505096 200.062
186.511091 197.717
186.515093 196.797
186.521101 198.204
186.525093 199.123
186.531088 195.133
186.535080 195.256
186.541074 197.434
186.545036 200.25
186.551086 198.716
186.555060 201.02
186.561092 198.842
186.565081 194.371
186.571085 197.19
186.575043 198.204
186.581094 198.073
186.585093 196.543
186.591102 196.543
186.595089 197.19
186.601100 197.19
186.605093 202.566
186.611051 201.02
186.615026 193.61
186.621040 196.431
186.625096 195.78
186.631095 198.716
186.635082 198.977
186.641095 201.308
186.645035 197.434
186.651090 201.936
186.655093 199.752
186.661089 197.434
186.665088 198.073
186.671094 197.19
186.675092 196.431
186.681092 197.19
186.685087 199.482
186.690952 200.125
186.695054 198.716
186.704966 198.716
186.709090 203.973
186.712095 199.612
186.722094 196.543
186.725092 194.918
186.726085 194.918
186.731047 198.716
186.735085 197.307
186.741094 195.576
186.745096 197.841
186.751085 200.25
186.755070 196.431
186.761075 197.841
186.765096 199.612
186.771096 195.898
186.775094 197.19
186.781107 199.482
186.785086 197.434
186.793096 195.78
186.800103 195.021
186.801085 198.073
186.805987 199.612
186.811052 195.78
186.817065 195.133
186.820958 195.898
186.826956 198.842
186.830951 195.021
186.835963 196.665
186.840013 201.936
186.846074 198.716
186.850002 195.021
186.855996 200.125
186.860014 199.482
186.866092 198.716
186.870101 200.25
186.876097 198.842
186.880049 196.543
186.886096 196.543
186.890094 198.977
186.896009 200.385
186.900089 196.543
186.906094 198.073
186.910094 200.529
186.916093 198.977
186.920081 199.612
186.926085 199.612
186.930100 198.842
186.936093 199.612
186.940090 203.199
186.946094 201.792
186.950006 200.385
186.955961 196.543
186.960049 199.612
186.966046 201.308
186.970050 197.434
186.976047 196.543
186.980046 194.371
186.986043 197.434
186.989955 199.752
186.996093 201.308
187.002073 198.204
