151.962757 178.933
151.968009 178.911
151.970893 177.496
151.978071 178.899
151.980875 178.899
151.984882 180.314
151.990894 179.605
151.994897 178.197
152.003917 180.314
152.006887 178.911
152.010891 180.325
152.014891 179.627
152.020891 179.611
152.024894 178.899
152.030778 178.197
152.034855 178.911
152.040853 180.314
152.044752 179.611
152.050794 180.325
152.054841 180.325
152.060841 180.325
152.064842 181.025
152.070841 179.627
152.074839 178.911
152.080848 178.213
152.084843 176.082
152.090843 176.071
152.094840 176.777
152.100838 176.782
152.104847 177.496
152.110842 177.496
152.114843 179.611
152.120848 180.325
152.124843 181.025
152.130836 180.325
152.135841 181.739
152.145842 180.325
152.148838 181.728
152.151842 180.325
152.161849 178.911
152.165836 178.899
152.166771 178.899
152.170841 178.899
152.174842 178.197
152.180843 178.911
152.184841 180.325
152.190767 179.627
152.194836 181.041
152.200843 180.347
152.205845 181.041
152.212846 178.911
152.215846 179.611
152.224846 179.611
152.226837 178.899
152.230843 179.605
152.234844 178.911
152.240846 178.911
152.244905 181.025
152.250846 179.627
152.254841 180.314
152.260846 178.911
152.264840 178.911
152.270845 180.325
152.274845 179.627
152.280848 180.325
152.284842 179.627
152.290847 180.325
152.294840 179.611
152.300847 178.899
152.304802 177.496
152.310903 179.605
152.314893 179.605
152.323896 178.191
152.326839 178.191
152.330887 177.485
152.334891 178.899
152.340897 178.197
152.344895 178.213
152.350890 178.911
152.354888 180.325
152.360818 178.911
152.364899 180.325
152.370902 180.314
152.374892 178.899
152.380876 178.911
152.384896 180.314
152.390891 180.314
152.394899 179.627
152.400891 181.025
152.404896 179.611
152.410897 179.611
152.414892 179.605
152.420901 178.899
152.424895 179.605
152.430890 176.082
152.434846 180.325
152.440894 177.496
152.444940 178.213
152.450884 179.627
152.454810 180.347
152.463911 180.325
152.468895 180.325
152.471899 179.627
152.475896 179.627
152.479900 179.611
152.485895 178.899
152.489895 177.485
152.495895 178.911
152.499900 176.777
152.505895 177.485
152.509893 179.605
152.515831 178.899
152.519897 181.019
152.525894 179.627
152.529837 180.325
152.535899 180.325
152.539897 179.611
152.546604 179.627
152.549797 181.025
152.555834 178.197
152.559823 177.496
152.565805 177.485
152.569802 178.899
152.575848 178.899
152.579836 180.314
152.586805 180.325
152.590802 181.739
152.594800 182.455
152.600809 181.794
152.604802 181.069
152.610804 181.041
152.614800 179.611
152.620812 178.191
152.624804 177.485
152.630932 178.197
152.634798 178.899
152.640801 179.605
152.644812 181.728
152.650807 181.041
152.654807 181.069
152.660813 181.069
152.664802 179.655
152.670805 178.241
152.674805 176.799
152.681812 178.197
152.685801 176.082
152.692814 177.496
152.695844 178.911
152.702804 179.627
152.705798 179.627
152.710802 181.041
152.714802 181.041
152.720807 180.347
152.724806 178.911
152.730806 179.611
152.734956 179.605
152.740809 178.899
152.744806 178.197
152.750796 178.899
152.754771 178.197
152.760812 180.314
152.764807 180.314
152.770805 179.605
152.774807 178.899
152.780804 179.611
152.784817 179.627
152.793807 178.933
152.796807 181.025
152.800803 179.627
152.804826 178.911
152.810809 178.213
152.814810 178.197
152.820805 178.899
152.824807 179.605
152.830810 178.899
152.834808 178.911
152.840900 178.911
152.844910 178.213
152.850895 178.933
152.854926 179.627
152.860899 178.213
152.864898 179.611
152.870897 178.911
152.874898 178.911
152.880902 178.213
152.884901 177.496
152.890811 177.496
152.894852 176.799
152.900847 176.799
152.904849 177.496
152.910847 178.213
152.914845 178.213
152.920844 178.213
152.924853 178.197
152.930848 178.197
152.934848 179.611
152.940848 180.314
152.944849 178.197
152.950848 176.782
152.957801 178.197
152.960848 176.777
152.964857 177.485
152.970850 176.071
152.974847 176.082
152.982850 178.899
152.985849 177.519
152.992853 178.933
152.995857 178.966
153.002851 180.347
153.004841 179.611
153.010849 176.799
153.014832 176.799
153.020848 176.082
153.024854 178.191
153.030841 176.782
153.034840 178.899
153.040848 178.213
153.044855 179.611
153.050851 180.325
153.054855 181.041
153.060857 181.761
153.064850 182.455
153.070845 181.041
153.074843 180.314
153.080847 179.605
153.084830 178.191
153.090855 178.899
153.094850 179.611
153.100849 180.325
153.104795 181.041
153.111031 178.966
153.114852 180.347
153.120850 176.867
153.124848 176.828
153.130847 178.899
153.134844 176.782
153.140853 176.082
153.144847 176.782
153.150791 178.197
153.154772 180.314
153.160848 179.627
153.164846 181.728
153.170852 181.739
153.174847 181.069
153.180848 179.694
153.184855 179.694
153.190844 178.241
153.194845 181.761
153.200852 181.025
153.205058 182.434
153.210855 181.739
153.214849 180.38
153.220852 181.761
153.224852 180.347
153.230800 178.933
153.234852 178.213
153.240848 177.496
153.244792 177.485
153.250790 177.485
153.254848 179.605
153.260851 179.611
153.264850 181.025
153.270851 181.041
153.274844 181.069
153.280850 183.87
153.284853 179.694
153.290849 181.069
153.294845 182.455
153.300857 181.739
153.307853 182.434
153.310842 182.439
153.314852 182.455
153.320852 185.267
153.324852 183.87
153.330842 185.981
153.334901 183.175
153.340896 180.38
153.344838 177.553
153.350908 176.799
153.354895 176.777
153.360899 175.362
153.364842 174.657
153.370894 176.782
153.374897 176.782
153.380902 178.911
153.384896 180.347
153.390844 181.069
153.395086 180.347
153.400901 181.041
153.404900 181.025
153.410904 176.782
153.415931 176.777
153.424898 176.071
153.428906 177.496
153.431882 177.485
153.441899 176.799
153.445841 179.611
153.446894 178.911
153.450901 178.213
153.454896 178.933
153.460895 178.933
153.464899 180.325
153.470895 177.496
153.474896 176.777
153.480896 178.197
153.484844 176.777
153.490897 176.782
153.494900 180.314
153.500900 179.605
153.504900 177.485
153.510944 178.197
153.514900 177.485
153.520903 176.777
153.525045 175.362
153.530897 176.071
153.534896 177.485
153.540901 178.197
153.544906 178.241
153.550905 180.347
153.554900 180.38
153.560904 180.38
153.564905 181.069
153.570951 179.627
153.574898 176.782
153.580807 176.071
153.584862 175.368
153.590857 176.082
153.594855 176.082
153.600797 177.485
153.604820 179.605
153.610850 181.025
153.614851 183.153
153.620799 182.483
153.624855 183.175
153.630848 181.761
153.634850 181.041
153.640788 181.019
153.644837 178.899
153.650849 178.899
153.654850 178.899
153.660852 181.025
153.664852 181.761
153.670851 181.761
153.674945 181.761
153.680795 182.455
153.684853 179.655
153.690775 177.519
153.694832 177.496
153.700851 176.105
153.704847 177.485
153.710857 178.197
153.714851 181.041
153.720849 180.38
153.724851 183.175
153.730852 183.208
153.734856 183.897
153.740848 184.589
153.745747 182.483
153.750815 183.153
153.754854 180.325
153.760879 180.314
153.764903 178.899
153.770901 178.899
153.774900 179.611
153.783904 176.777
153.786898 178.899
153.790874 181.019
153.794896 179.611
153.800904 181.739
153.804908 181.761
153.810903 181.761
153.814912 181.069
153.820903 180.347
153.824910 181.025
153.830905 180.314
153.834909 176.777
153.840900 176.082
153.844903 177.519
153.850898 177.496
153.854902 178.197
153.860902 179.605
153.865902 180.314
153.872904 180.325
153.875905 180.347
153.882901 181.761
153.885903 181.761
153.892849 181.041
153.894898 181.025
153.900906 179.605
153.904855 179.611
153.910836 177.485
153.914821 179.611
153.920912 179.605
153.924818 179.611
153.930900 181.025
153.934903 181.739
153.940904 181.739
153.944904 179.655
153.950900 180.347
153.954896 180.347
153.960905 178.241
153.964903 176.828
153.970909 178.191
153.974916 176.782
153.980857 177.485
153.984908 177.496
153.990908 179.611
153.994800 181.728
154.000903 181.025
154.004903 181.728
154.010903 180.314
154.014907 178.911
154.020911 179.605
154.024920 178.197
154.030910 177.485
154.034904 178.191
154.040902 177.485
154.044915 178.899
154.050901 179.627
154.054910 179.655
154.060906 181.761
154.064907 181.761
154.070907 181.041
154.074930 181.041
154.080903 179.627
154.084911 180.325
154.090920 178.213
154.094902 179.611
154.100911 178.899
154.104905 179.611
154.110902 179.627
154.114909 179.627
154.120919 181.739
154.124908 182.455
154.130908 180.38
154.134899 182.455
154.140907 181.761
154.144841 180.38
154.150906 181.069
154.155907 181.069
154.162907 180.38
154.165907 178.933
154.172911 178.911
154.175920 179.611
154.182905 179.611
154.184899 178.911
154.190903 178.911
154.197907 178.899
154.202904 178.191
154.205907 179.605
154.212913 178.197
154.215878 178.911
154.219906 178.911
154.225915 179.627
154.229901 180.325
154.235924 180.325
154.239909 179.627
154.245909 178.899
154.249907 178.191
154.255908 177.485
154.259907 176.777
154.265908 179.611
154.269905 178.899
154.275826 179.611
154.279900 181.025
154.285910 180.325
154.289911 178.911
154.295908 178.899
154.299911 178.899
154.305902 178.899
154.309909 178.197
154.315907 178.213
154.319904 181.019
154.325905 180.314
154.329897 181.025
154.335877 181.728
154.339913 180.314
154.346657 179.611
154.349775 179.611
154.355864 180.314
154.359893 181.025
154.365859 180.325
154.369859 180.314
154.375860 179.611
154.379907 178.899
154.385872 177.485
154.389859 178.899
154.395863 178.197
154.399860 179.611
154.405858 179.627
154.409864 181.739
154.415861 179.694
154.419863 181.761
154.425854 180.347
154.429863 181.025
154.435843 179.627
154.439916 178.933
154.445906 178.213
154.449879 179.611
154.455911 179.611
154.459917 180.325
154.465902 178.911
154.469902 180.347
154.475907 181.041
154.479905 181.069
154.485906 181.069
154.489903 180.347
154.495910 178.213
154.499908 178.899
154.507907 177.496
154.510900 178.197
154.517848 178.911
154.520907 180.325
154.527909 180.347
154.529901 181.108
154.535878 182.483
154.540332 181.069
154.546015 183.153
154.549846 180.325
154.555909 179.611
154.559882 179.605
154.565904 178.899
154.569903 178.899
154.575908 179.611
154.582851 180.347
154.584900 181.761
154.590903 180.38
154.594905 181.794
154.600908 182.483
154.604912 181.069
154.610852 180.347
154.614906 179.627
154.620908 179.611
154.624910 178.899
154.630897 180.314
154.634850 180.314
154.640909 180.325
154.644903 180.325
154.650908 181.041
154.654903 181.041
154.660861 181.739
154.664911 181.025
154.670907 178.933
154.674914 178.899
154.680907 178.191
154.684904 180.314
154.690906 178.899
154.695909 178.911
154.704907 179.611
154.708911 180.347
154.711910 181.041
154.721908 181.025
154.725907 178.911
154.726918 177.496
154.730868 177.496
154.734905 178.197
154.740911 176.799
154.748000 177.496
154.750902 178.213
154.754896 178.213
154.760911 178.933
154.764911 179.655
154.770854 179.655
154.774904 178.241
154.780957 181.025
154.787915 179.611
154.790902 181.728
154.794908 178.899
154.800904 178.899
154.804859 177.485
154.810916 178.197
154.814910 178.197
154.820909 179.605
154.824909 179.611
154.830909 179.627
154.834909 180.347
154.840785 181.761
154.845862 181.041
154.852852 180.325
154.855943 180.325
154.862855 179.611
154.865873 178.899
154.870841 178.899
154.875190 178.191
154.880876 178.899
154.884862 178.899
154.890820 179.611
154.894855 180.325
154.900865 179.627
154.904861 181.041
154.910782 178.966
154.914855 180.347
154.920812 181.025
154.924870 180.314
154.933866 180.325
154.936792 181.025
154.940862 181.739
154.944977 181.739
154.950798 182.439
154.954901 183.153
154.960920 181.761
154.964866 181.761
154.970909 181.069
154.974907 179.627
154.980909 178.241
154.984860 178.213
154.990806 176.828
154.994907 178.933
155.000908 178.241
155.004996 181.739
155.010888 181.041
155.014850 181.069
155.020912 182.483
155.024911 183.175
155.030911 183.175
155.034861 182.455
155.040910 181.761
155.044915 178.213
155.050914 177.485
155.054913 176.782
155.060909 177.496
155.064914 177.496
155.070912 179.611
155.074911 181.041
155.080913 182.483
155.084911 183.897
155.090912 183.251
155.094851 183.251
155.100910 182.521
155.104909 181.069
155.110909 179.627
155.115910 177.519
155.122915 177.485
155.125854 177.485
155.132910 178.191
155.137915 180.314
155.140909 180.347
155.144844 181.761
155.150856 182.455
155.154907 181.761
155.160926 181.761
155.164913 180.38
155.170856 181.069
155.174913 180.347
155.180917 178.933
155.184911 178.933
155.190911 178.241
155.194916 178.911
155.200910 177.496
155.204918 178.899
155.210916 176.782
155.214913 178.191
155.220863 176.082
155.224908 177.485
155.230913 178.899
155.234916 178.899
155.240913 178.911
155.244886 179.627
155.250832 178.933
155.257913 180.325
155.260908 179.627
155.265026 178.213
155.270908 178.197
155.274908 178.191
155.280915 178.197
155.284913 178.197
155.290908 178.899
155.294908 178.899
155.300916 179.605
155.304914 178.213
155.310915 178.213
155.314910 179.627
155.321007 178.213
155.324917 177.519
155.330910 178.911
155.334914 178.197
155.340913 179.611
155.344915 178.213
155.350909 178.911
155.354913 180.325
155.360914 181.041
155.364911 181.069
155.370904 181.069
155.374911 180.38
155.380911 181.761
155.384916 181.761
155.390911 180.347
155.395058 179.627
155.400920 178.911
155.404914 178.197
155.410857 178.197
155.414914 178.911
155.423912 179.655
155.426906 181.069
155.430861 182.483
155.434911 183.208
155.440923 183.897
155.444911 183.175
155.450911 181.761
155.454914 180.347
155.460914 179.627
155.464914 181.025
155.472916 178.911
155.475869 178.911
155.481910 181.025
155.485913 180.347
155.492915 180.38
155.494908 180.38
155.500890 181.794
155.504910 182.483
155.510916 181.794
155.514910 181.794
155.520915 181.761
155.524865 178.933
155.530915 179.611
155.534917 178.911
155.540918 178.899
155.544916 178.899
155.551879 178.213
155.554884 179.627
155.560912 179.627
155.564915 180.325
155.570911 177.553
155.574912 178.933
155.580916 178.933
155.584918 178.933
155.591047 180.38
155.594918 180.38
155.600913 179.655
155.604918 180.325
155.610917 180.314
155.614909 179.605
155.620925 179.605
155.627910 178.191
155.629908 178.899
155.635965 178.899
155.639915 178.899
155.645920 179.627
155.649863 181.041
155.655914 178.933
155.659917 180.325
155.665867 179.627
155.669911 178.933
155.675931 178.933
155.679916 179.627
155.686048 181.739
155.689914 182.439
155.695915 181.728
155.699923 182.434
155.708917 181.728
155.711924 177.496
155.715919 179.611
155.719925 177.519
155.725918 178.911
155.729824 178.899
155.735930 176.139
155.739894 178.241
155.745920 178.241
155.749915 181.041
155.755916 181.069
155.759893 180.38
155.765788 180.38
155.769874 178.241
155.775871 178.213
155.779865 178.213
155.785853 176.799
155.789807 178.899
155.795872 179.611
155.799868 179.611
155.805865 177.496
155.809861 179.605
155.815872 180.314
155.819869 179.611
155.825868 179.605
155.829880 181.025
155.835865 179.627
155.839878 181.041
155.845868 180.347
155.849867 181.041
155.855872 180.347
155.859868 179.627
155.865867 178.911
155.869867 178.197
155.875874 179.605
155.879868 177.496
155.885868 178.899
155.889866 180.314
155.895868 180.325
155.899995 179.655
155.908875 180.38
155.911868 181.761
155.915867 181.041
155.919867 181.041
155.925868 181.739
155.929861 180.347
155.935869 179.611
155.939872 180.314
155.945971 180.325
155.949861 181.761
155.955872 181.069
155.959868 182.483
155.965867 182.483
155.969864 181.108
155.976865 182.483
155.986873 181.108
155.990868 181.069
155.991862 180.347
156.002862 179.627
156.005861 178.911
156.006853 178.911
156.010863 178.911
156.014863 178.911
156.020869 180.325
156.025013 181.761
156.030871 181.069
156.034867 181.069
156.040894 181.069
156.044866 179.655
156.050868 180.347
156.054866 178.933
156.060869 177.519
156.064868 179.611
156.070811 178.899
156.074865 178.911
156.080803 179.611
156.084868 180.325
156.093810 180.347
156.096868 180.325
156.100863 181.025
156.104868 180.314
156.110855 177.496
156.114820 177.485
156.120874 176.782
156.124863 176.782
156.130855 178.191
156.134868 178.197
156.140869 178.911
156.144874 180.347
156.150805 181.069
156.157867 181.761
156.159921 180.347
156.165912 180.325
156.170915 178.899
156.176921 176.782
156.180934 176.782
156.186865 176.782
156.190913 177.496
156.195922 177.496
156.199918 179.611
156.205916 181.025
156.209920 179.655
156.216015 181.041
156.219921 181.041
156.225921 180.347
156.229912 182.439
156.235920 181.739
156.239979 181.041
156.245920 181.025
156.249919 181.025
156.255921 181.025
156.259919 178.213
156.265912 179.611
156.269920 179.627
156.275877 178.933
156.279879 178.241
156.285920 178.241
156.289924 178.241
156.295904 178.933
156.299919 180.325
156.305912 180.347
156.309915 181.041
156.315914 180.347
156.319873 181.041
156.325928 178.933
156.329915 178.933
156.335921 179.627
156.339919 178.213
156.345863 178.213
156.349914 179.627
156.355924 178.933
156.359907 179.627
156.365918 180.325
156.369923 181.025
156.375885 180.325
156.379922 181.739
156.385922 181.069
156.389919 181.761
156.395920 181.761
156.399919 181.739
156.405869 181.041
156.409923 179.627
156.415919 180.325
156.419936 178.213
156.425913 178.911
156.429916 178.911
156.435922 181.728
156.439878 179.655
156.445870 181.069
156.449917 182.455
156.455922 182.455
156.459920 183.87
156.465855 181.761
156.469914 181.041
156.475926 181.041
156.479919 178.933
156.485916 180.314
156.489911 178.213
156.498930 180.325
156.501922 179.627
156.505921 180.347
156.509920 179.655
156.515916 181.739
156.519920 177.553
156.525915 181.041
156.529848 180.347
156.536306 178.911
156.539905 179.611
156.545861 178.899
156.549861 178.197
156.555873 179.605
156.559866 178.213
156.565795 181.739
156.569886 180.38
156.575877 181.761
156.580879 180.347
156.586868 180.325
156.590874 178.933
156.596877 179.605
156.600875 178.191
156.605798 178.899
156.609868 176.071
156.615889 178.899
156.619873 178.213
156.626015 178.933
156.629865 179.655
156.635886 179.655
156.639878 179.694
156.645878 178.331
156.649864 178.281
156.655866 178.933
156.659879 178.197
156.665810 178.191
156.669866 176.782
156.675880 178.197
156.679878 178.899
156.685879 181.025
156.689873 181.041
156.695875 181.069
156.702875 181.069
156.705887 179.655
156.709922 178.966
156.715879 178.933
156.719867 177.519
156.725922 177.496
156.729869 177.485
156.735925 178.197
156.739925 181.025
156.745915 181.025
156.749917 181.728
156.755852 180.325
156.759915 178.933
156.765817 180.347
156.769798 180.38
156.775854 180.38
156.779851 180.38
156.785792 179.655
156.789793 178.241
156.795858 178.933
156.799782 178.911
156.805795 178.911
156.809793 178.213
156.815854 179.627
156.819783 181.739
156.825795 181.739
156.829793 181.761
156.835854 181.761
156.839852 181.761
156.845781 180.325
156.849804 179.627
156.855851 180.325
156.859843 178.911
156.865795 178.911
156.869791 179.611
156.875848 180.325
156.879849 181.728
156.885794 182.455
156.889790 183.87
156.895856 183.87
156.899849 182.455
156.905793 183.142
156.910792 181.739
156.916791 179.611
156.920797 179.605
156.926793 178.899
156.930792 178.197
156.936793 179.611
156.939860 180.347
156.945792 182.483
156.949767 183.175
156.955854 183.208
156.959876 182.483
156.965831 181.761
156.969828 182.455
156.975849 180.325
156.979941 180.325
156.985920 181.025
156.989875 180.325
156.995925 178.933
156.999928 179.627
157.005919 181.728
157.009865 179.627
157.015911 179.611
157.019926 178.899
157.025922 178.899
157.029918 179.611
157.036091 179.611
157.039925 181.025
157.046925 180.325
157.050918 181.041
157.054878 180.325
157.060919 180.325
157.064922 178.911
157.070924 178.911
157.074918 178.911
157.080923 179.611
157.084928 178.197
157.091924 178.197
157.095923 178.197
157.099927 178.899
157.105922 177.496
157.109925 178.911
157.115926 179.627
157.119925 178.933
157.125926 179.627
157.129918 181.041
157.135925 181.041
157.139928 179.611
157.145919 179.611
157.149922 178.899
157.155930 177.485
157.159898 178.899
157.165927 177.485
157.169918 178.899
157.178925 178.899
157.181926 180.325
157.185926 180.347
157.190920 182.455
157.196926 181.761
157.200929 179.655
157.206922 181.019
157.210926 180.314
157.215921 178.899
157.219925 179.611
157.225926 178.911
157.229922 180.325
157.235923 181.041
157.239923 181.041
157.245923 181.739
157.252919 179.655
157.255921 178.933
157.264919 178.933
157.268868 178.213
157.271928 180.314
157.281925 181.025
157.285917 181.041
157.286918 181.739
157.290918 178.933
157.294923 180.38
157.300840 181.794
157.304922 181.069
157.310920 181.069
157.314916 183.175
157.320925 181.761
157.324928 181.041
157.330923 180.325
157.334920 180.325
157.340868 179.611
157.347926 179.611
157.349917 179.611
157.355882 178.933
157.359912 178.966
157.365816 178.966
157.369839 180.38
157.375850 181.069
157.379877 181.108
157.385922 181.069
157.389932 180.38
157.395928 178.241
157.399926 178.213
157.405926 178.213
157.409921 178.899
157.415926 176.782
157.419925 177.496
157.425790 179.611
157.429879 181.739
157.435877 182.455
157.439888 183.175
157.445882 183.175
157.449869 182.455
157.455880 181.041
157.462883 179.627
157.465806 178.899
157.469918 177.485
157.475931 178.191
157.479874 179.605
157.485925 180.314
157.489925 181.728
157.495935 181.025
157.499929 180.325
157.505881 181.025
157.509922 180.347
157.515928 179.655
157.519977 181.069
157.525922 179.744
157.529927 179.011
157.535927 179.655
157.539925 178.966
157.545925 179.655
157.549921 178.213
157.555921 179.605
157.559934 179.605
157.565930 178.899
157.569863 178.197
157.575929 177.496
157.579928 179.655
157.585923 180.325
157.589927 179.605
157.595928 177.553
157.599927 176.98
157.605922 178.466
157.609931 182.483
157.615927 181.794
157.619880 179.694
157.625926 179.655
157.629912 180.325
157.635925 179.611
157.639924 178.899
157.645877 181.019
157.649927 181.728
157.655928 176.799
157.659999 178.911
157.668929 177.519
157.671927 178.213
157.675925 179.611
157.680925 182.434
157.686874 179.627
157.690920 180.347
157.696930 179.627
157.700929 181.728
157.705927 183.853
157.709923 183.853
157.715926 183.87
157.719928 186.698
157.726929 181.794
157.730930 179.655
157.734926 176.139
157.740922 175.385
157.744927 176.071
157.750927 177.496
157.754917 178.197
157.760870 178.191
157.764920 178.197
157.770924 179.605
157.774923 182.434
157.780868 182.455
157.784922 181.069
157.790924 181.739
157.794920 181.019
157.800928 177.496
157.807925 177.485
157.809918 178.191
157.814926 180.325
157.820927 181.025
157.824928 180.325
157.830919 181.069
157.834930 179.011
157.840789 181.069
157.844886 181.069
157.850882 181.069
157.854870 181.041
157.860884 181.041
157.864880 182.439
157.870874 182.455
157.874876 182.483
157.880826 182.483
157.884872 183.175
157.890878 181.041
157.894817 179.611
157.900886 177.485
157.904873 176.782
157.910880 176.071
157.914878 176.777
157.920832 179.605
157.924878 181.728
157.930873 181.761
157.934873 183.208
157.940889 183.935
157.944879 183.897
157.950879 183.175
157.955622 182.455
157.961050 180.314
157.964793 179.611
157.970795 177.485
157.974878 178.899
157.980875 178.899
157.984880 180.314
157.990872 181.739
157.994875 181.739
158.000913 181.041
158.004882 181.041
158.010879 181.041
158.014876 182.439
158.020872 181.739
158.024885 180.347
158.031882 181.761
158.035886 182.483
158.041878 182.455
158.045808 181.041
158.051878 182.439
158.054872 179.611
158.060873 179.605
158.064880 178.197
158.073884 180.314
158.076882 178.933
158.080879 181.069
158.084884 183.208
158.090871 181.218
158.094879 181.893
158.100879 181.157
158.104881 179.694
158.110876 178.241
158.114876 176.799
158.120885 175.385
158.124881 176.071
158.130879 177.485
158.134871 177.485
158.140879 178.911
158.144879 180.325
158.150880 181.041
158.154875 180.325
158.160879 181.025
158.164885 178.899
158.170876 178.191
158.174871 178.899
158.180880 178.899
158.184891 180.314
158.190883 181.739
158.194822 183.87
158.200879 184.589
158.204883 183.897
158.210833 183.935
158.214822 183.251
158.220814 183.87
158.227811 179.627
158.230802 178.899
158.234814 176.777
158.240811 176.799
158.244810 177.553
158.250813 174.657
158.254807 178.191
158.260811 180.314
158.264806 182.483
158.270810 182.521
158.274806 183.208
158.280806 184.621
158.284816 183.251
158.290806 183.153
158.294807 182.439
158.300814 179.611
158.304811 176.782
158.310809 178.241
158.314808 178.933
158.320811 177.485
158.324808 180.314
158.330812 182.434
158.334807 178.933
158.340809 179.627
158.344812 179.627
158.350790 177.519
158.354811 178.899
158.360807 176.082
158.367815 177.496
158.369804 178.213
158.375814 177.519
158.379809 179.611
158.385807 182.434
158.389811 182.439
158.395807 183.142
158.399814 182.439
158.405808 181.019
158.409807 180.314
158.415813 178.899
158.419808 177.485
158.425811 178.197
158.429808 178.213
158.435813 179.627
158.439809 180.38
158.445784 180.38
158.449815 179.655
158.456812 179.655
158.460812 180.347
158.464809 181.069
158.470804 182.455
158.474808 182.455
158.480806 182.439
158.484812 181.728
158.490807 181.025
158.494812 179.611
158.500809 179.605
158.504807 179.611
158.510813 178.213
158.514810 178.933
158.520787 178.933
158.524808 179.655
158.530813 182.483
158.535808 186.003
158.544750 185.348
158.548736 185.397
158.551850 186.003
158.561949 183.87
158.564879 181.069
158.566870 177.553
158.570900 178.197
158.574896 175.368
158.580823 172.557
158.584881 171.828
158.590889 175.368
158.594883 178.191
158.600877 180.325
158.604814 181.794
158.610811 186.078
158.614839 185.397
158.620836 185.397
158.624830 184.665
158.630834 185.311
158.634838 181.728
158.640842 178.911
158.644842 176.139
158.650839 174.771
158.654844 174.771
158.660883 176.139
158.664839 178.213
158.670843 179.605
158.674811 181.041
158.681941 181.108
158.685929 182.571
158.691930 182.571
158.695938 181.218
158.701929 181.108
158.705931 178.966
158.710933 178.933
158.714935 178.899
158.720936 178.197
158.724927 179.605
158.730937 181.019
158.734802 183.142
158.740779 183.142
158.744811 181.025
158.750802 180.314
158.754780 179.611
158.760805 179.611
158.764804 176.082
158.770803 175.414
158.774804 176.828
158.780801 178.966
158.784811 178.966
158.790806 181.761
158.794799 183.175
158.803849 182.455
158.806880 181.739
158.811046 180.314
158.814879 178.911
158.820801 177.519
158.824885 175.368
158.830879 174.657
158.837883 175.362
158.840901 176.782
158.844893 179.611
158.850880 181.041
158.854882 181.041
158.860828 181.041
158.864774 180.347
158.870893 179.627
158.874882 180.325
158.880886 181.025
158.884890 181.739
158.893886 181.761
158.896878 181.108
158.900883 181.761
158.904881 181.069
158.910882 181.041
158.914830 178.213
158.920892 179.611
158.924823 176.071
158.930828 174.657
158.934880 176.782
158.940923 178.191
158.944890 180.325
158.950884 182.483
158.954885 183.208
158.960879 183.935
158.964890 182.521
158.970886 179.694
158.974877 179.655
158.980885 181.025
158.984886 177.496
158.990825 176.777
158.994774 177.496
159.001894 179.627
159.005877 179.605
159.011891 178.911
159.015942 180.347
159.021890 180.347
159.025880 178.933
159.030883 178.933
159.034886 178.933
159.040886 178.197
159.044891 178.191
159.050830 177.485
159.054809 178.191
159.060818 178.899
159.064937 180.325
159.070932 181.069
159.074930 181.761
159.080937 182.455
159.084931 181.761
159.093935 182.439
159.096933 181.728
159.100878 180.314
159.104939 180.314
159.111927 175.362
159.115941 176.071
159.119822 177.485
159.125813 176.082
159.129938 178.933
159.135944 178.331
159.139924 180.424
159.145942 181.838
159.149902 182.521
159.158817 182.483
159.161794 181.041
159.165894 181.025
159.169877 179.611
159.175928 181.728
159.179903 181.728
159.185816 182.434
159.189814 183.142
159.195845 183.153
159.202847 181.761
159.205868 181.041
159.209843 181.041
159.215833 181.739
159.219849 181.025
159.225844 180.325
159.229842 179.611
159.235843 180.325
159.239856 183.175
159.245843 185.311
159.252807 185.311
159.254934 186.724
159.260935 184.621
159.264878 181.761
159.270934 180.325
159.274928 176.082
159.280929 175.362
159.284885 173.948
159.290830 173.954
159.294892 174
159.300885 176.828
159.304878 178.966
159.310816 180.424
159.314790 182.521
159.320945 183.935
159.324935 183.935
159.330943 182.483
159.334931 182.455
159.340940 181.728
159.344819 178.899
159.350803 178.213
159.354879 177.496
159.360936 178.213
159.364935 179.611
159.371944 180.314
159.375914 181.025
159.381770 179.655
159.385837 180.38
159.391935 181.069
159.394929 179.655
159.400937 180.325
159.404904 178.197
159.410933 177.485
159.414931 176.782
159.420935 174.691
159.424955 176.782
159.430928 178.213
159.434939 178.933
159.439913 178.241
159.445882 178.213
159.449933 177.496
159.455915 176.071
159.460038 176.071
159.465943 176.071
159.469937 175.368
159.475894 178.197
159.482933 178.241
159.484936 180.38
159.490931 181.838
159.494934 182.521
159.500935 182.483
159.507947 181.739
159.509930 179.611
159.514938 178.191
159.520934 177.485
159.524933 178.213
159.530943 177.496
159.534937 179.611
159.540937 179.611
159.544932 181.041
159.550935 182.455
159.554931 182.483
159.560931 181.108
159.564809 181.761
159.570893 179.655
159.574888 178.933
159.580889 178.911
159.584885 178.911
159.590814 178.213
159.594880 180.325
159.600878 181.041
159.604888 180.347
159.610887 178.933
159.614884 180.325
159.620894 178.911
159.624883 178.899
159.630890 179.611
159.634883 179.627
159.640879 181.025
159.644884 181.025
159.650888 181.041
159.654890 180.38
159.660890 181.739
159.664891 179.627
159.670886 180.314
159.674882 180.314
159.680886 178.191
159.684886 178.191
159.691894 179.611
159.696886 179.605
159.699891 179.611
159.705888 181.761
159.709825 182.483
159.715892 181.761
159.719894 181.041
159.725883 179.627
159.730886 178.933
159.736885 178.933
159.740889 179.611
159.746886 180.314
159.750886 180.325
159.755892 181.761
159.759828 182.455
159.765820 183.175
159.769932 182.483
159.775892 182.483
159.779938 182.455
159.785936 181.025
159.789936 177.496
159.795937 177.485
159.799910 178.197
159.805947 178.213
159.809945 180.325
159.816937 181.041
159.826937 181.069
159.829934 181.069
159.831929 183.175
159.843938 181.761
159.846933 180.325
159.847937 180.314
159.849931 179.605
159.855934 180.314
159.859939 179.611
159.865940 180.314
159.869968 179.611
159.875940 181.019
159.879938 181.728
159.885938 180.314
159.889937 178.197
159.895938 180.314
159.899941 179.605
159.905938 179.605
159.909933 178.899
159.915884 178.899
159.919919 179.611
159.926101 180.314
159.929878 181.728
159.935939 180.325
159.939939 180.314
159.945935 180.314
159.949933 179.605
159.955939 177.485
159.959937 178.197
159.965938 176.782
159.969934 178.213
159.976018 177.485
159.979941 178.899
159.985941 180.314
159.992935 179.627
159.994882 181.739
159.999943 181.739
160.005936 179.627
160.009935 177.496
160.015901 177.485
160.020093 176.782
160.025935 176.782
160.029949 178.899
160.034908 178.191
160.040939 180.314
160.044946 181.019
160.050944 182.434
160.055943 181.739
160.061938 181.041
160.065938 180.325
160.071942 178.197
160.075943 176.782
160.080936 175.368
160.084946 175.368
160.090885 175.385
160.094947 176.799
160.100941 178.933
160.104940 180.347
160.110934 181.761
160.114935 182.483
160.120939 182.521
160.124938 182.571
160.130930 182.521
160.134937 182.483
160.140943 180.347
160.144943 181.019
160.150943 179.605
160.154933 177.485
160.163945 176.777
160.166934 177.485
160.170941 179.611
160.174989 179.627
160.180882 181.761
160.185042 181.794
160.190936 182.521
160.194933 182.483
160.200880 181.794
160.204871 181.069
160.213941 179.655
160.216942 179.611
160.220934 178.213
160.224939 178.911
160.230935 178.911
160.234939 178.911
160.240945 179.611
160.244943 181.019
160.250941 178.899
160.254941 178.899
160.260937 178.191
160.264941 178.191
160.270938 179.605
160.274936 178.213
160.280945 178.933
160.284940 178.933
160.297940 179.655
160.299945 179.655
160.301941 179.627
160.305943 179.627
160.312941 178.197
160.315864 178.191
160.322939 175.362
160.325920 178.197
160.332944 177.485
160.335934 179.605
160.342921 181.025
160.345938 181.041
160.352948 181.761
160.355938 183.175
160.362933 181.761
160.366305 181.041
160.369895 180.325
160.375919 181.019
160.379903 180.314
160.385892 181.025
160.389892 178.899
160.394885 178.899
160.400893 178.197
160.404895 178.911
160.410878 178.911
160.414890 178.213
160.420895 178.933
160.424891 178.933
160.430894 178.933
160.434886 178.213
160.440840 178.911
160.444896 179.611
160.450898 180.314
160.454893 181.019
160.460877 179.611
160.464886 180.314
160.470840 178.899
160.474893 180.325
160.480893 179.627
160.484896 178.197
160.490894 179.627
160.494825 179.627
160.500889 177.485
160.504839 177.485
160.510837 178.899
160.514892 178.213
160.520894 179.627
160.524893 181.069
160.531900 181.069
160.535894 180.347
160.541892 181.025
160.545898 180.314
160.551842 181.019
160.554886 180.314
160.560893 181.025
160.564827 180.314
160.570894 179.611
160.574893 179.611
160.580845 179.605
160.584899 178.899
160.590887 178.911
160.594889 179.627
160.600838 180.347
160.604943 181.069
160.610947 182.483
160.614939 180.424
160.620945 181.108
160.624942 181.069
160.630931 179.655
160.634936 178.213
160.640945 178.197
160.644788 176.782
160.650850 177.485
160.654894 178.197
160.660892 177.485
160.664894 178.899
160.670888 177.496
160.674890 178.899
160.680900 178.911
160.684894 179.627
160.690837 181.025
160.694894 179.627
160.700891 181.739
160.704893 181.761
160.710889 179.694
160.714893 182.455
160.720899 181.739
160.724891 181.728
160.730895 178.899
160.734931 178.899
160.740940 177.496
160.744938 176.799
160.750943 176.105
160.754942 176.782
160.760938 177.485
160.764953 178.899
160.770952 180.325
160.774943 180.347
160.780944 181.794
160.784942 181.794
160.790939 181.069
160.794955 181.739
160.800959 178.911
160.804945 178.911
160.810950 178.197
160.814940 178.899
160.820942 178.899
160.824944 179.605
160.830946 178.899
160.834937 178.911
160.840939 178.197
160.844939 176.799
160.850949 176.799
160.854948 178.241
160.860888 178.241
160.864960 178.966
160.870949 178.966
160.874943 179.655
160.880949 181.739
160.884934 180.325
160.890939 180.325
160.894941 179.611
160.899942 181.728
160.905860 180.314
160.909940 179.605
160.915957 178.197
160.919944 178.197
160.925945 178.911
160.929941 178.213
160.935945 178.241
160.939945 178.281
160.945951 178.281
160.949948 180.38
160.955944 178.966
160.959943 178.281
160.965834 178.241
160.969947 179.627
160.975914 178.911
160.979940 180.314
160.985957 177.496
160.989937 178.899
160.995941 178.899
160.999874 177.485
161.005956 178.191
161.009944 177.485
161.016822 177.496
161.021897 178.899
161.025890 178.191
161.029895 177.485
161.035901 176.782
161.039894 178.899
161.045839 179.611
161.049897 178.213
161.055902 179.611
161.059899 178.213
161.065898 178.899
161.069911 179.611
161.075900 178.911
161.079903 178.911
161.085908 178.911
161.089899 179.611
161.096904 179.605
161.106898 181.728
161.109899 180.325
161.111894 181.739
161.122834 181.041
161.124894 180.325
161.126890 178.933
161.131893 178.213
161.135982 179.611
161.141891 178.911
161.145818 178.911
161.151907 178.213
161.154892 178.933
161.160895 178.933
161.164899 179.627
161.170895 179.627
161.174900 179.655
161.180902 181.761
161.184898 180.347
161.190891 181.041
161.194890 180.325
161.200893 180.314
161.204897 180.314
161.210893 178.899
161.214893 178.197
161.220902 178.197
161.224895 179.611
161.230889 178.213
161.234896 178.213
161.240891 178.911
161.244940 177.496
161.250892 177.485
161.254895 177.485
161.260896 178.197
161.264924 178.899
161.270897 177.496
161.274896 179.611
161.283900 180.314
161.286888 180.314
161.290895 179.611
161.294891 179.611
161.300895 180.314
161.304893 178.197
161.310891 178.191
161.314892 177.496
161.320895 176.799
161.324896 178.213
161.330818 180.325
161.334890 180.325
161.340901 180.314
161.344895 179.611
161.350827 180.314
161.354892 178.197
161.360900 178.197
161.364889 179.611
161.370896 178.899
161.374895 180.314
161.385902 179.611
161.388896 178.899
161.390887 178.191
161.397896 178.191
161.401833 178.899
161.408900 178.899
161.409888 181.019
161.415899 180.325
161.421841 181.728
161.425889 182.434
161.430896 180.325
161.434959 179.611
161.440896 178.911
161.444824 178.197
161.450844 176.782
161.454900 177.485
161.460894 176.082
161.464899 176.799
161.470901 179.627
161.474896 181.041
161.480897 182.455
161.484896 180.347
161.490838 181.025
161.494891 181.025
161.500896 179.611
161.504885 178.911
161.510898 180.325
161.514893 181.041
161.520894 181.041
161.524904 181.041
161.530892 180.347
161.534899 180.325
161.540893 179.611
161.544890 180.325
161.550898 180.325
161.554893 178.933
161.560845 180.325
161.564812 179.627
161.570850 180.325
161.574808 178.213
161.580820 178.933
161.584841 178.933
161.590889 179.611
161.594853 179.605
161.600899 178.191
161.604898 176.777
161.610895 177.485
161.614845 176.777
161.620904 178.191
161.624898 179.605
161.630893 179.611
161.634891 179.627
161.640899 181.728
161.644905 177.496
161.650895 178.197
161.654896 178.899
161.660867 177.485
161.664902 178.191
161.670894 178.191
161.674901 177.485
161.680903 178.899
161.684903 178.911
161.690850 179.611
161.694907 179.611
161.700900 178.197
161.704910 177.496
161.713905 176.799
161.715899 176.799
161.722898 176.799
161.725898 176.082
161.732902 178.213
161.735892 178.213
161.742910 178.213
161.745958 178.933
161.752814 178.241
161.755904 181.025
161.762908 179.627
161.765903 180.325
161.772899 179.611
161.775842 178.197
161.782901 178.899
161.785898 178.191
161.794899 178.899
161.797892 178.197
161.799899 178.213
161.805895 181.739
161.809904 179.655
161.815897 179.627
161.819899 180.325
161.828938 179.611
161.831901 177.496
161.835902 176.071
161.840900 176.777
161.848901 178.191
161.851906 178.213
161.855906 176.867
161.861901 179.694
161.865902 180.38
161.870895 180.347
161.874896 179.627
161.880902 178.213
161.884837 178.899
161.890905 176.777
161.894898 178.197
161.900904 179.611
161.904900 179.605
161.910904 180.325
161.914903 181.041
161.920900 183.175
161.924909 182.483
161.930896 181.041
161.934903 180.325
161.940905 178.197
161.944900 178.899
161.950903 177.485
161.954904 177.485
161.960788 179.611
161.967914 181.025
161.971907 182.439
161.975905 182.455
161.979903 181.108
161.985902 181.069
161.989876 179.627
161.995909 179.627
161.999902 176.799
162.005898 177.496
162.012836 176.782
162.014890 177.496
162.020903 178.911
162.024909 181.728
162.030908 181.041
162.034896 182.455
162.040904 183.153
162.044905 182.439
162.050903 179.611
162.054902 177.485
162.060903 176.071
162.065000 176.777
162.070954 177.485
162.074951 176.071
162.080890 176.782
162.084945 177.496
162.090956 178.911
162.094954 180.325
162.100953 178.966
162.104944 180.347
162.110819 180.325
162.114909 179.627
162.120906 178.213
162.124821 178.197
162.130944 176.071
162.134880 176.782
162.140960 173.954
162.144953 173.954
162.150966 174.657
162.154899 174.657
162.160959 176.777
162.165717 176.782
162.171064 179.611
162.174847 178.933
162.180845 178.966
162.184871 179.655
162.190858 180.347
162.197861 180.325
162.200855 178.899
162.204857 178.197
162.210853 178.213
162.214863 178.213
162.220859 178.197
162.224850 178.197
162.230857 178.191
162.234855 178.191
162.240854 176.782
162.244865 178.899
162.250855 180.325
162.254860 179.627
162.260860 179.627
162.264861 179.627
162.270862 181.041
162.274803 181.739
162.283833 180.325
162.285818 178.933
162.292824 180.347
162.294817 180.325
162.300828 181.025
162.304825 179.627
162.310823 180.325
162.314827 180.314
162.320823 180.314
162.325828 181.019
162.331827 178.899
162.335826 178.911
162.341826 181.041
162.345825 180.347
162.350788 181.761
162.354825 181.794
162.360827 181.794
162.364798 182.483
162.370774 181.041
162.375967 180.314
162.384952 178.899
162.388953 178.899
162.401954 178.911
162.404951 177.496
162.406863 177.485
162.407947 177.496
162.412932 178.197
162.414953 179.627
162.420961 180.325
162.424955 178.933
162.430835 179.655
162.434905 178.933
162.440905 179.611
162.444929 180.314
162.450913 179.605
162.454912 180.314
162.460908 179.611
162.464843 179.605
162.473900 178.191
162.476902 178.197
162.483905 178.197
162.486897 176.782
162.490904 177.485
162.497906 177.496
162.499898 176.828
162.504904 178.933
162.510845 178.933
162.514912 179.627
162.520904 180.347
162.524925 180.347
162.530906 179.611
162.534862 178.899
162.540907 178.191
162.544906 176.782
162.550904 176.071
162.554907 177.485
162.560913 176.071
162.564906 176.782
162.570905 178.197
162.574908 179.611
162.580904 180.314
162.584901 179.605
162.590903 178.911
162.594903 180.325
162.600912 179.627
162.604852 178.933
162.610903 177.519
162.614907 177.553
162.620909 179.627
162.624834 178.911
162.630901 178.197
162.634901 176.777
162.640907 176.071
162.644851 175.362
162.650849 177.485
162.654911 178.197
162.660912 179.611
162.664899 180.347
162.670904 181.069
162.674854 181.069
162.681912 181.069
162.685903 179.655
162.691912 181.025
162.695907 180.314
162.701911 178.899
162.705900 177.485
162.710908 178.197
162.714908 178.911
162.720904 180.325
162.724913 181.739
162.730908 182.455
162.737907 178.966
162.739907 178.966
162.744909 178.933
162.750907 179.627
162.754912 177.519
162.760908 177.519
162.764907 178.933
162.770841 179.627
162.774797 180.325
162.780794 181.025
162.784805 180.325
162.789791 178.899
162.795805 178.197
162.799799 178.191
162.805797 179.611
162.809796 179.605
162.815799 179.611
162.819797 178.911
162.825798 179.627
162.829788 178.966
162.835798 179.627
162.842801 180.325
162.848799 180.314
162.850792 176.799
162.857800 177.485
162.860798 177.485
162.867800 178.191
162.870792 179.611
162.877798 179.605
162.880796 181.019
162.887800 178.899
162.890791 178.899
162.897795 178.197
162.900796 178.899
162.907858 177.485
162.910830 177.485
162.914816 177.485
162.920901 178.191
162.924912 179.605
162.930829 179.605
162.934907 180.325
162.940909 178.911
162.944907 180.325
162.950907 181.041
162.954906 180.347
162.960911 178.933
162.964910 179.627
162.971066 179.605
162.974905 178.899
162.980905 178.899
162.984914 178.191
162.991910 178.191
162.995927 179.605
163.001912 178.213
163.005910 180.325
163.011909 179.655
163.014895 180.424
163.020910 181.108
163.024905 181.157
163.030914 181.838
163.034905 181.108
163.040909 182.455
163.044900 180.325
163.050902 180.314
163.054908 178.899
163.063912 178.899
163.065900 179.605
163.072911 179.611
163.074854 181.739
163.079957 180.347
163.085959 179.627
163.089950 180.325
163.095958 180.347
163.099958 179.627
163.105952 178.213
163.109957 177.496
163.115957 176.082
163.119972 176.071
163.125965 177.496
163.129950 177.519
163.135917 178.933
163.139958 179.655
163.145954 179.694
163.149963 180.325
163.155957 179.605
163.159914 177.485
163.165952 175.362
163.169956 176.082
163.175956 177.496
163.179959 178.197
163.185950 177.485
163.189952 176.782
163.195955 176.799
163.199969 176.828
163.205835 178.213
163.212868 178.213
163.215908 177.496
163.219912 178.899
163.225909 178.191
163.229908 178.191
163.235911 177.485
163.239911 178.899
163.245921 179.611
163.249911 179.611
163.255917 180.314
163.259910 180.314
163.265910 179.605
163.269912 178.899
163.275910 178.191
163.279862 178.899
163.285936 178.899
163.289918 177.496
163.295914 178.213
163.299911 177.519
163.305912 177.519
163.309934 177.519
163.315918 180.347
163.319908 180.38
163.325915 181.069
163.329851 182.483
163.335916 181.069
163.339912 181.041
163.345911 178.911
163.349855 179.605
163.355918 176.777
163.359917 177.485
163.365911 177.485
163.369911 178.191
163.375916 181.025
163.379848 182.439
163.385945 182.455
163.389959 182.455
163.395958 181.069
163.399937 181.041
163.405959 178.911
163.409952 176.782
163.415968 174.668
163.419972 173.277
163.425995 174.668
163.429964 176.082
163.435957 176.799
163.439960 178.197
163.445956 178.213
163.449955 178.911
163.455956 179.627
163.459960 180.325
163.465955 180.325
163.469953 180.325
163.475959 179.611
163.479962 179.611
163.485958 180.314
163.489957 178.899
163.495992 178.899
163.499962 180.325
163.508959 178.899
163.510953 178.899
163.514952 179.605
163.520933 180.325
163.524959 180.325
163.530959 181.041
163.534880 179.655
163.540962 180.347
163.544957 180.325
163.550958 179.611
163.554955 178.197
163.560955 176.777
163.564937 177.485
163.570951 177.485
163.574957 178.899
163.580962 178.197
163.584972 178.911
163.590954 180.325
163.594956 180.325
163.600961 181.025
163.604962 179.627
163.610955 177.519
163.614956 177.496
163.620942 176.799
163.624945 177.496
163.630955 178.197
163.634979 178.899
163.640968 179.611
163.644964 180.314
163.650964 180.314
163.655958 181.025
163.664963 179.627
163.668962 180.325
163.671957 181.025
163.681958 178.933
163.685000 180.314
163.686954 177.496
163.690955 178.197
163.694959 178.197
163.700915 180.314
163.704954 180.325
163.710955 180.325
163.714964 180.325
163.723972 181.025
163.726954 181.041
163.733959 181.041
163.736972 179.627
163.740960 178.241
163.744959 178.197
163.750954 177.496
163.757962 176.782
163.759955 177.485
163.765963 177.496
163.769908 178.197
163.775968 179.611
163.780952 180.325
163.786958 181.041
163.790961 181.041
163.796957 181.041
163.800955 180.325
163.808959 178.933
163.810951 178.213
163.817957 178.899
163.819960 178.191
163.824970 178.899
163.830901 179.611
163.834962 179.605
163.840959 178.899
163.844919 181.019
163.850912 180.314
163.854963 179.611
163.860961 180.325
163.864965 178.933
163.870964 178.911
163.874960 178.911
163.880961 177.496
163.884959 178.899
163.890952 177.496
163.894958 179.611
163.900964 178.213
163.904963 179.627
163.910964 178.933
163.914955 180.347
163.920958 178.933
163.924961 180.325
163.930965 179.611
163.934855 177.485
163.940974 178.191
163.944962 178.191
163.950957 178.197
163.954955 178.899
163.960974 178.899
163.964963 179.611
163.970955 179.611
163.974956 179.611
163.980962 179.611
163.984957 178.911
163.990905 179.611
163.994960 178.213
164.000964 180.314
164.004852 179.605
164.010958 178.899
164.015114 178.899
164.020962 177.485
164.024960 178.899
164.030961 178.899
164.034899 178.197
164.040955 178.213
164.044964 178.933
164.050965 178.933
164.054912 179.627
164.060976 178.933
164.064964 179.627
164.070956 178.911
164.078959 177.496
164.081907 178.899
164.085952 178.899
164.089874 179.611
164.095966 179.605
164.102978 181.019
164.104956 181.728
164.110959 182.439
164.117965 182.455
164.119897 182.455
164.125958 181.041
164.129962 180.325
164.135962 178.213
164.139961 178.911
164.145913 178.197
164.152989 178.899
164.154910 179.605
164.160966 178.899
164.166965 179.611
164.170923 181.025
164.176976 180.325
164.180964 179.627
164.185957 178.911
164.189963 178.899
164.195963 177.485
164.199961 177.485
164.205957 178.191
164.209965 179.605
164.218959 178.213
164.222954 180.325
164.224959 179.627
164.230966 181.025
164.234965 180.314
164.240967 178.899
164.244956 178.191
164.250831 178.191
164.254972 178.899
164.260965 178.899
164.264960 180.314
164.270941 178.911
164.274963 178.911
164.280965 177.496
164.284964 178.197
164.290892 178.197
164.294955 179.611
164.300978 181.019
164.304963 181.728
164.310963 181.728
164.314963 182.434
164.320965 182.439
164.324970 181.728
164.330966 181.025
164.334963 179.611
164.340965 178.911
164.344959 177.496
164.350941 177.496
164.354958 177.496
164.360968 177.519
164.364945 178.213
164.370964 178.966
164.374960 181.041
164.381965 180.347
164.385959 181.041
164.389959 181.041
164.395969 180.347
164.399968 181.041
164.405974 181.739
164.409959 180.325
164.415971 180.314
164.419966 177.485
164.425963 176.777
164.429963 178.197
164.435898 177.485
164.439970 178.899
164.445966 180.325
164.449966 180.347
164.454940 181.761
164.460970 182.483
164.464968 181.761
164.470897 179.655
164.474963 178.241
164.480968 178.899
164.485134 177.485
164.490963 178.197
164.494967 177.485
164.500963 178.191
164.504961 177.485
164.510962 178.197
164.514960 178.911
164.520909 181.739
164.524961 183.153
164.530961 181.739
164.534969 180.325
164.540968 181.025
164.544967 180.325
164.550916 179.611
164.554960 179.627
164.560961 179.627
164.564970 180.347
164.570971 179.627
164.574963 180.325
164.580969 179.627
164.584967 178.933
164.590967 178.213
164.594940 178.213
164.600962 178.213
164.604964 178.933
164.610968 180.325
164.614966 180.314
164.621963 179.611
164.625961 181.019
164.631924 181.019
164.635968 180.314
164.641961 180.314
164.645956 180.314
164.650961 178.899
164.654971 178.191
164.660967 176.777
164.664949 178.191
164.670961 178.191
164.674960 178.197
164.680966 179.611
164.684964 178.911
164.690881 179.611
164.694963 177.496
164.700969 178.213
164.704897 178.933
164.710968 178.911
164.714972 178.911
164.720967 178.911
164.724968 179.611
164.730968 179.611
164.734962 179.605
164.740963 178.191
164.744968 178.899
164.750967 178.899
164.754909 178.899
164.760979 179.605
164.764907 180.314
164.770961 181.025
164.782965 181.041
164.783976 182.455
164.785958 181.041
164.791969 181.025
164.795966 181.041
164.801967 180.347
164.805965 179.627
164.811977 178.213
164.815970 179.611
164.821903 178.197
164.825964 179.605
164.831980 180.314
164.834898 180.314
164.839967 179.605
164.845967 178.197
164.849967 180.325
164.858945 178.911
164.860961 180.325
164.864970 180.325
164.870970 181.041
164.874904 181.739
164.880975 181.041
164.887967 181.739
164.889957 180.325
164.895966 181.025
164.899971 180.314
164.905964 179.611
164.909969 179.611
164.915964 179.627
164.919967 179.627
164.925912 178.911
164.929962 178.911
164.937344 178.933
164.946856 177.496
164.950917 176.782
164.951925 176.082
164.963926 177.496
164.966911 179.611
164.967922 180.314
164.969913 181.019
164.975841 180.314
164.979888 181.728
164.986971 179.605
164.990960 180.314
164.994963 179.611
165.000962 179.611
165.004966 180.314
165.010970 179.605
165.014959 179.605
165.020965 180.314
165.025964 179.605
165.031989 180.314
165.035968 178.911
165.041964 177.519
165.045970 178.911
165.050962 178.213
165.054965 178.241
165.060972 177.553
165.064962 178.933
165.070965 180.325
165.074961 179.627
165.080833 179.627
165.084964 179.655
165.090965 181.761
165.094939 182.455
165.100984 183.853
165.104967 183.853
165.110963 181.739
165.114937 181.025
165.120967 179.611
165.124968 178.197
165.131984 176.782
165.135969 176.782
165.139967 178.213
165.145968 178.933
165.149962 179.655
165.155976 180.38
165.159982 181.108
165.165965 181.761
165.169970 179.627
165.178973 179.611
165.180962 179.605
165.186964 178.191
165.190945 178.191
165.194912 178.899
165.200972 178.911
165.204972 181.025
165.210959 180.325
165.214966 180.347
165.220967 178.933
165.224962 178.241
165.230976 179.627
165.234964 178.911
165.243968 179.611
165.248970 178.197
165.250961 179.611
165.256969 181.025
165.259967 181.025
165.264966 182.439
165.270971 181.739
165.277968 179.611
165.279962 179.611
165.285970 179.605
165.289970 179.605
165.295973 180.314
165.299982 181.019
165.305942 181.019
165.310971 180.325
165.316972 180.325
165.320970 181.025
165.326963 181.025
165.330965 179.611
165.336966 179.611
165.339885 177.496
165.345897 177.496
165.349964 177.496
165.355974 177.519
165.362975 178.213
165.364971 178.213
165.370964 178.213
165.374889 178.213
165.383970 178.911
165.388968 179.611
165.390961 181.019
165.394972 181.019
165.400969 180.314
165.404978 181.025
165.410974 181.025
165.414971 180.314
165.420967 178.899
165.424955 178.899
165.430970 179.605
165.434969 179.605
165.440970 178.197
165.444912 178.911
165.450978 178.933
165.454967 180.325
165.460969 180.347
165.464940 182.455
165.470973 181.761
165.478973 181.041
165.480970 180.325
165.486917 179.627
165.489971 179.627
165.494951 179.611
165.500969 178.911
165.504972 180.314
165.510909 181.025
165.514964 181.025
165.520974 181.739
165.524974 181.025
165.530974 179.611
165.534973 178.911
165.540966 181.019
165.544971 181.728
165.550972 180.314
165.554971 180.314
165.560966 181.739
165.564981 181.761
165.570966 184.589
165.574967 184.567
165.580927 182.455
165.584972 181.041
165.590981 180.314
165.594974 180.314
165.600968 178.899
165.604973 178.899
165.610889 178.197
165.614982 181.025
165.620973 181.761
165.624963 181.069
165.630972 181.838
165.634965 182.521
165.640982 181.108
165.644972 179.655
165.650976 178.933
165.654963 178.911
165.660972 176.782
165.667973 178.191
165.672973 178.899
165.674977 178.213
165.680951 181.739
165.684974 182.455
165.690903 181.761
165.694973 181.041
165.700969 180.347
165.704957 180.325
165.711976 179.611
165.715974 179.605
165.721974 179.605
165.725965 178.899
165.731974 179.605
165.735972 179.605
165.740993 179.611
165.744968 178.911
165.750970 178.213
165.754969 176.799
165.760975 177.496
165.764973 176.799
165.770968 177.496
165.774975 177.496
165.780973 178.213
165.784972 179.611
165.790872 180.325
165.794970 181.025
165.801007 179.627
165.804970 178.933
165.810969 178.197
165.814969 178.191
165.820899 179.605
165.824981 179.611
165.830969 180.314
165.834974 180.325
165.843917 179.627
165.846978 180.325
165.850969 180.325
165.854972 180.325
165.860974 178.213
165.864911 179.611
165.871130 181.019
165.874977 181.019
165.880974 181.025
165.884972 181.025
165.890965 181.025
165.894921 179.611
165.900976 179.611
165.904975 179.611
165.910978 178.911
165.914979 178.213
165.920975 178.911
165.924908 179.627
165.930974 181.041
165.934956 181.041
165.940989 181.739
165.944977 181.041
165.950973 183.153
165.954976 182.455
165.960971 182.455
165.964856 182.455
165.970987 181.041
165.974969 180.325
165.980971 180.325
165.984952 179.627
165.993971 180.314
165.996985 181.019
166.000972 180.314
166.004906 180.325
166.010914 180.347
166.014966 182.455
166.020980 181.761
166.026971 180.38
166.029892 181.069
166.034970 177.553
166.040976 178.213
166.044972 178.197
166.050980 178.911
166.054975 181.019
166.060979 181.019
166.064976 182.439
166.070972 181.728
166.074996 181.025
166.080971 180.325
166.084974 182.439
166.090967 181.025
166.094970 180.314
166.100896 178.899
166.104968 177.485
166.110970 176.777
166.115000 178.899
166.120983 179.611
166.124973 179.605
166.130964 180.314
166.134971 178.911
166.143970 179.611
166.146974 179.627
166.150967 180.347
166.154977 180.347
166.160977 181.041
166.164974 178.933
166.170974 177.519
166.174966 178.197
166.180990 178.899
166.184974 178.191
166.190973 178.191
166.194959 180.314
166.200983 179.627
166.207976 180.325
166.209970 179.627
166.216989 178.966
166.225987 178.933
166.229971 178.933
166.231978 178.213
166.242976 177.519
166.244969 177.553
166.247089 179.627
166.250975 180.325
166.254969 181.761
166.260970 183.87
166.264899 181.761
166.271148 184.556
166.274970 181.728
166.283976 178.191
166.286971 178.197
166.290916 177.496
166.294972 176.782
166.301977 178.191
166.305976 178.899
166.311973 180.347
166.317972 180.424
166.320977 182.521
166.326970 183.208
166.331410 183.208
166.335979 180.424
166.339927 179.627
166.345980 177.496
166.349977 178.197
166.355978 174.668
166.359959 175.368
166.365972 176.082
166.371968 177.485
166.374957 179.605
166.379980 180.347
166.385969 182.483
166.389974 180.38
166.395973 180.347
166.399977 178.966
166.405974 178.933
166.409969 180.314
166.415975 179.611
166.419973 178.899
166.425970 179.611
166.429977 181.025
166.435966 182.439
166.439978 181.739
166.448975 181.761
166.451950 181.069
166.455977 182.455
166.459987 181.069
166.465977 181.041
166.469975 179.611
166.478973 179.611
166.480975 178.191
166.486974 178.899
166.489978 179.605
166.494972 181.025
166.500969 183.853
166.504972 184.567
166.510973 185.284
166.514976 182.521
166.520983 181.108
166.524971 180.347
166.530975 178.241
166.534973 176.799
166.541974 176.799
166.545917 176.828
166.549971 178.933
166.556984 180.347
166.560919 181.761
166.564976 183.897
166.570972 186.003
166.574967 185.284
166.579986 186.682
166.585981 183.87
166.589941 181.728
166.595976 178.197
166.602976 177.485
166.604956 176.782
166.610974 175.362
166.614972 178.197
166.620977 178.197
166.624972 179.627
166.632029 181.761
166.638939 184.589
166.641847 186.724
166.645933 186.078
166.651936 186.81
166.655931 186.035
166.660916 183.251
166.664938 181.069
166.670930 179.611
166.674931 176.782
166.680931 176.071
166.684926 175.362
166.690881 175.368
166.694923 178.213
166.700935 178.933
166.704932 181.069
166.710927 182.483
166.714927 182.483
166.720936 183.153
166.724932 182.439
166.730931 181.025
166.734885 181.019
166.740960 179.611
166.744924 178.197
166.750920 178.911
166.754919 178.911
166.760931 178.197
166.764936 177.485
166.773936 177.485
166.776974 177.496
166.780871 178.899
166.784932 179.611
166.790984 179.627
166.794987 181.041
166.800982 178.933
166.804982 181.025
166.810984 180.325
166.814980 180.325
166.820979 181.019
166.824979 178.191
166.830972 176.071
166.834973 176.071
166.840973 176.071
166.844976 177.496
166.850978 177.485
166.854975 176.082
166.860848 177.496
166.864945 177.519
166.870932 180.347
166.874931 182.455
166.880928 182.483
166.884936 182.483
166.890926 181.794
166.894926 180.38
166.900936 181.069
166.904924 179.627
166.910865 178.899
166.914930 176.071
166.920931 175.362
166.924874 176.782
166.930930 178.911
166.934928 181.025
166.940932 181.728
166.948938 181.739
166.950919 182.455
166.954967 180.38
166.960929 181.069
166.964932 179.655
166.973929 178.281
166.978929 176.867
166.983926 176.799
166.986920 176.782
166.990923 178.191
166.997975 181.019
166.999975 181.019
167.006974 181.025
167.010954 181.739
167.017975 182.455
167.019924 183.853
167.025982 181.025
167.029981 179.611
167.035980 178.911
167.039991 179.611
167.046016 181.019
167.049979 181.728
167.055979 181.025
167.061865 180.325
167.065953 181.025
167.071979 181.041
167.075982 181.069
167.080982 180.424
167.084933 182.521
167.090979 182.483
167.094923 181.761
167.100982 183.87
167.104979 182.455
167.110939 181.728
167.114977 181.739
167.120979 181.025
167.124983 181.728
167.130966 182.434
167.134920 182.439
167.140983 181.761
167.144884 183.175
167.150981 182.483
167.154974 182.455
167.160898 179.627
167.167990 179.611
167.169972 178.191
167.175981 176.777
167.179980 178.191
167.185975 179.605
167.189979 183.853
167.195974 185.262
167.199994 183.153
167.205974 182.455
167.209977 179.627
167.215984 180.325
167.219981 178.213
167.225996 176.799
167.229954 176.105
167.235978 176.782
167.240004 177.485
167.245974 178.197
167.249971 178.213
167.255979 181.041
167.259979 181.041
167.265984 181.739
167.269981 181.041
167.275994 182.439
167.279923 181.041
167.285980 179.655
167.289979 180.347
167.295979 181.739
167.299958 181.025
167.305979 179.627
167.309982 179.627
167.315978 178.213
167.319988 178.197
167.325954 178.213
167.332984 179.627
167.334972 179.627
167.340980 181.025
167.344990 181.041
167.350984 178.966
167.354976 178.241
167.360980 177.519
167.364994 177.519
167.370976 180.325
167.375025 180.347
167.381979 181.761
167.385983 181.739
167.389977 181.025
167.395992 181.025
167.402984 182.439
167.404985 182.439
167.410986 181.728
167.414977 180.314
167.421924 180.325
167.425979 178.191
167.431980 178.899
167.435851 180.314
167.441980 180.314
167.447978 180.314
167.449951 177.519
167.455982 178.213
167.459985 178.911
167.465992 178.213
167.469976 178.911
167.475980 179.611
167.480005 182.439
167.485996 183.87
167.489974 184.589
167.496995 186.003
167.505983 183.897
167.509922 183.153
167.511927 182.434
167.522985 179.605
167.524975 178.197
167.526962 176.071
167.530976 177.485
167.534978 179.605
167.543986 181.025
167.545983 182.455
167.551983 182.483
167.554927 184.589
167.559992 184.621
167.565990 183.935
167.569984 183.251
167.578978 183.935
167.580976 181.794
167.586924 182.439
167.590978 178.933
167.594984 178.213
167.600983 176.082
167.604979 177.485
167.610977 178.191
167.614980 178.191
167.620982 178.899
167.624978 178.933
167.630969 179.655
167.634978 182.455
167.640989 182.455
167.644983 181.069
167.650918 181.761
167.654976 182.455
167.660983 182.439
167.664982 179.605
167.670978 180.325
167.674981 178.197
167.680854 177.496
167.684942 177.496
167.690927 178.191
167.694951 177.519
167.700938 181.041
167.704936 180.347
167.710931 179.655
167.714931 179.011
167.720939 177.598
167.724928 178.241
167.730935 176.799
167.734928 175.385
167.740936 175.368
167.744933 176.071
167.750938 179.605
167.754935 179.605
167.760941 181.019
167.764882 181.728
167.770976 181.728
167.774976 183.142
167.780973 181.728
167.784976 181.739
167.790977 182.439
167.794962 182.439
167.804009 183.142
167.805977 183.853
167.809983 182.439
167.816001 181.728
167.819983 181.025
167.825984 180.314
167.829981 178.191
167.835983 176.082
167.839986 176.071
167.845933 176.777
167.849986 176.782
167.855986 178.213
167.859983 178.933
167.868984 181.069
167.870974 181.794
167.874984 181.838
167.880982 181.838
167.889903 180.48
167.891998 183.175
167.896024 183.853
167.904991 183.142
167.906976 181.728
167.910974 181.739
167.918985 179.611
167.921985 180.325
167.928980 180.325
167.931985 179.605
167.935930 177.496
167.941987 176.799
167.945978 177.496
167.949984 178.213
167.955932 179.627
167.959984 181.041
167.965990 179.655
167.969983 181.025
167.976071 181.728
167.979983 181.041
167.985979 181.761
167.989999 183.87
167.995984 185.267
167.999856 183.853
168.005940 183.142
168.009933 181.025
168.018937 179.605
168.020938 176.777
168.027944 176.777
168.029980 176.782
168.035984 179.611
168.039987 180.325
168.045987 180.38
168.054993 181.108
168.056965 180.424
168.060988 183.251
168.066982 183.251
168.070988 182.521
168.076989 183.208
168.080985 181.794
168.086984 181.025
168.090987 180.314
168.096987 180.314
168.100990 178.197
168.104982 179.627
168.110983 181.041
168.114986 181.019
168.120982 180.325
168.124935 180.38
168.130989 182.483
168.134979 182.483
168.143987 181.794
168.145985 179.694
168.151986 178.966
168.154979 178.241
168.159989 178.911
168.165995 177.496
168.169990 178.191
168.175988 178.191
168.179983 177.485
168.185899 178.899
168.189985 178.899
168.199296 178.213
168.200903 180.347
168.206983 181.041
168.209981 180.38
168.214930 181.069
168.220925 179.655
168.224989 180.38
168.231987 178.933
168.235985 179.611
168.241928 177.496
168.245853 178.191
168.251954 176.782
168.254929 178.191
168.260938 178.899
168.264946 181.025
168.270942 180.325
168.274938 180.325
168.280936 180.325
168.284943 180.314
168.290929 179.611
168.294942 178.899
168.303937 178.197
168.306932 176.828
168.310858 178.933
168.314940 180.347
168.320949 181.761
168.327938 183.87
168.329927 182.455
168.335941 182.455
168.339823 179.655
168.345950 178.933
168.349939 179.627
168.355941 179.627
168.359938 177.519
168.365944 178.911
168.369940 179.627
168.375893 179.655
168.379940 181.728
168.385977 181.739
168.389954 181.739
168.395940 181.025
168.399949 180.314
168.405889 180.314
168.409896 179.611
168.418942 178.899
168.420942 180.314
168.424946 180.314
168.430934 179.611
168.434940 182.434
168.440941 181.025
168.444941 181.019
168.450882 178.899
168.454938 178.197
168.461937 178.911
168.468946 179.611
168.471941 180.325
168.475938 180.325
168.479940 181.025
168.485941 181.019
168.489940 179.611
168.495943 179.605
168.499941 178.191
168.505945 178.899
168.509937 178.191
168.515941 179.605
168.519946 178.911
168.525937 181.025
168.530065 182.439
168.535940 183.153
168.539938 183.853
168.545939 183.153
168.551927 182.439
168.554934 183.142
168.559942 181.728
168.565881 178.911
168.569933 177.496
168.575944 176.777
168.579939 178.899
168.585939 181.019
168.589939 182.439
168.595939 182.483
168.599944 181.794
168.605939 182.483
168.612939 183.87
168.614929 181.761
168.620855 179.627
168.627939 177.496
168.629924 177.485
168.635945 176.777
168.639938 178.899
168.645938 179.611
168.649953 181.041
168.655941 183.153
168.659890 183.87
168.665946 183.175
168.671954 180.424
168.674933 179.011
168.679935 178.241
168.685941 178.213
168.689938 178.899
168.695954 177.496
168.699942 180.314
168.706942 181.025
168.710938 181.041
168.714865 181.794
168.720951 181.794
168.724926 181.794
168.730942 181.794
168.734935 181.069
168.740961 179.655
168.744990 178.933
168.750990 181.728
168.754944 181.019
168.760852 181.728
168.767997 179.605
168.769979 181.019
168.776990 180.325
168.785871 181.739
168.789956 182.455
168.791939 181.761
168.802898 181.069
168.804866 179.694
168.806934 180.38
168.810941 178.966
168.814938 178.281
168.821945 178.966
168.825941 178.241
168.829932 179.627
168.838943 179.627
168.841942 180.347
168.845944 179.655
168.849949 181.025
168.855949 181.025
168.861944 181.728
168.865953 179.611
168.869944 179.605
168.875943 179.605
168.880162 180.314
168.885955 180.314
168.889942 179.611
168.895886 178.933
168.901913 178.241
168.909001 178.966
168.910983 179.655
168.916986 180.347
168.920934 179.611
168.926982 176.782
168.930994 176.071
168.936986 178.191
168.940988 178.191
168.946988 178.899
168.950990 180.314
168.956993 178.213
168.963992 176.799
168.968927 175.414
168.970981 176.799
168.976994 178.899
168.980989 177.496
168.986989 178.899
168.990995 179.611
168.996988 180.325
169.004032 181.041
169.006984 181.739
169.010991 183.153
169.014991 181.041
169.021034 179.627
169.024981 178.213
169.030984 176.828
169.037894 177.519
169.039946 177.496
169.045983 177.496
169.049984 178.197
169.056988 178.899
169.061988 178.911
169.065961 181.041
169.071993 183.175
169.075992 185.311
169.081992 181.893
169.085986 183.251
169.091002 180.424
169.094995 178.911
169.101986 176.071
169.105984 176.828
169.109986 174.691
169.115903 173.971
169.119992 176.782
169.125992 179.611
169.129982 180.424
169.138956 183.251
169.143999 184.665
169.146982 184.719
169.150989 183.251
169.154995 181.761
169.160975 181.019
169.165006 177.485
169.170993 177.553
169.174996 176.867
169.180987 179.694
169.184899 179.627
169.190999 181.728
169.197991 181.761
169.199911 183.935
169.205968 183.935
169.215002 185.311
169.216994 182.521
169.220992 181.761
169.226989 178.933
169.230965 178.911
169.237002 177.496
169.240992 178.899
169.246941 179.605
169.253992 181.728
169.256988 183.142
169.260967 183.175
169.264991 184.589
169.270986 182.483
169.274985 181.761
169.280990 178.213
169.284929 178.899
169.290989 177.485
169.294907 177.485
169.300931 178.899
169.304993 180.325
169.310993 181.761
169.314991 183.897
169.320920 186.003
169.324984 186.698
169.330990 186.698
169.334988 183.87
169.340993 180.347
169.344939 177.519
169.350871 177.485
169.354952 176.782
169.360950 174.668
169.364873 175.368
169.370896 175.362
169.374944 178.191
169.380943 181.025
169.384942 183.153
169.390940 183.897
169.394938 183.897
169.400940 183.87
169.404943 183.175
169.410941 181.761
169.414934 179.627
169.420947 178.899
169.424936 178.197
169.430942 174.657
169.434950 176.071
169.440943 177.485
169.444938 178.213
169.450879 178.241
169.454947 180.38
169.460943 180.424
169.464934 181.108
169.470947 181.069
169.474943 179.627
169.480942 179.627
169.484947 178.213
169.490882 176.799
169.497944 176.782
169.503943 177.496
169.508943 178.911
169.511885 179.611
169.517946 180.325
169.521944 180.325
169.527946 180.325
169.530934 180.325
169.536880 181.041
169.539950 181.739
169.544941 181.728
169.550945 183.142
169.554878 182.439
169.560946 181.728
169.564949 181.728
169.570952 180.314
169.574944 179.605
169.580947 178.197
169.584950 178.899
169.590942 178.197
169.594946 178.197
169.600948 178.197
169.604872 177.519
169.610944 179.627
169.614941 178.241
169.620945 179.627
169.624952 179.627
169.630939 178.281
169.634944 177.553
169.640949 178.966
169.644948 179.655
169.650946 179.655
169.654971 179.627
169.660953 179.611
169.664945 179.605
169.670943 178.899
169.674943 181.019
169.680951 181.025
169.684947 181.739
169.690947 183.853
169.697952 182.439
169.699946 181.739
169.705955 181.025
169.709952 180.314
169.716951 179.605
169.720939 179.605
169.724942 180.314
169.730958 178.197
169.734948 180.325
169.740945 182.455
169.744887 181.761
169.750945 181.069
169.754943 180.38
169.760952 179.655
169.766943 178.933
169.769879 178.911
169.774945 178.911
169.780949 180.314
169.784945 181.019
169.790944 181.019
169.794943 181.019
169.800961 181.025
169.804944 181.728
169.810903 180.325
169.814940 178.933
169.820951 178.241
169.824948 178.933
169.830947 180.325
169.834941 178.933
169.841940 181.739
169.846949 180.325
169.850945 181.041
169.856951 181.739
169.860944 182.439
169.866941 181.728
169.869941 181.019
169.875957 179.605
169.882958 176.082
169.884943 176.082
169.891949 176.799
169.895949 178.213
169.899949 179.627
169.905946 179.655
169.909944 180.347
169.915953 181.069
169.919947 184.567
169.925947 184.567
169.929945 183.153
169.935952 181.025
169.939953 180.314
169.945948 178.899
169.949947 178.911
169.955954 178.197
169.959972 178.197
169.965949 178.197
169.969943 179.605
169.975884 178.213
169.982874 179.655
169.987953 179.694
169.989940 181.794
169.995947 181.108
170.002955 181.108
170.004943 181.761
170.010954 180.347
170.014940 180.347
170.020896 181.025
170.024994 179.611
170.030989 181.019
170.034967 179.605
170.041002 178.213
170.044997 178.213
170.050993 177.519
170.054999 179.627
170.064999 179.627
170.068969 178.966
170.072006 179.694
170.082004 181.069
170.084998 181.761
170.086986 183.153
170.090998 183.853
170.094995 182.439
170.100996 182.434
170.104996 180.314
170.110996 178.197
170.114868 176.782
170.120951 175.368
170.124945 177.485
170.131947 176.782
170.135970 178.197
170.141895 177.519
170.145944 181.069
170.151954 183.153
170.155948 182.455
170.160949 182.483
170.167950 181.794
170.169950 181.761
170.175954 180.325
170.179948 180.325
170.185883 179.611
170.189951 177.496
170.195952 178.899
170.199949 178.899
170.205947 179.627
170.209946 178.191
170.215908 178.197
170.219951 178.911
170.225951 180.325
170.229949 182.455
170.235903 182.455
170.239950 182.483
170.245954 183.175
170.249941 181.761
170.255970 180.325
170.259956 180.314
170.265961 179.605
170.269992 178.197
170.275999 177.496
170.279999 175.368
170.285917 176.071
170.289993 176.071
170.295998 178.197
170.304008 178.933
170.305991 179.655
170.311943 181.041
170.314989 180.347
170.319996 180.325
170.325998 178.241
170.329993 178.911
170.335946 179.611
170.340001 178.911
170.348999 180.314
170.351994 179.611
170.359007 180.314
170.361992 178.213
170.365994 179.611
170.369941 180.314
170.375997 180.325
170.379974 179.611
170.386001 181.025
170.389990 182.439
170.395999 181.739
170.399999 181.728
170.405930 180.325
170.409992 180.325
170.416000 181.025
170.419998 180.347
170.425993 178.966
170.429995 178.966
170.436001 180.347
170.440000 179.627
170.446002 181.025
170.449991 179.605
170.455995 180.314
170.459998 178.899
170.466004 177.496
170.470033 178.911
170.476000 179.611
170.479999 180.314
170.486000 178.933
170.490003 178.966
170.496010 179.655
170.499979 181.041
170.506001 179.611
170.512999 178.911
170.514993 178.911
170.520991 178.191
170.524995 179.605
170.531001 181.728
170.535000 183.142
170.540978 183.853
170.544993 183.853
170.552002 182.439
170.556001 182.434
170.563999 179.605
170.567005 177.485
170.571140 176.782
170.577001 177.496
170.585003 179.627
170.586992 183.153
170.590991 181.069
170.596995 182.483
170.601003 181.069
170.607000 183.153
170.610995 181.041
170.617001 179.627
170.620999 181.025
170.627001 180.314
170.631000 178.197
170.635008 179.611
170.640988 181.728
170.645005 181.728
170.651001 181.739
170.655012 181.728
170.660997 180.325
170.664984 181.728
170.671001 180.325
170.674999 181.739
170.681010 180.347
170.684998 183.153
170.690996 181.761
170.694993 183.153
170.704012 181.069
170.705993 180.325
170.711998 180.314
170.719002 179.611
170.722002 178.933
170.728952 176.782
170.732930 178.191
170.736995 178.191
170.740993 180.314
170.744997 181.041
170.750928 181.761
170.754998 180.38
170.760999 179.694
170.764994 180.347
170.770945 180.325
170.774998 181.025
170.781003 181.728
170.785004 182.439
170.794001 181.019
170.796956 181.025
170.800999 181.025
170.808008 181.041
170.812001 180.38
170.816001 178.966
170.820004 178.213
170.826009 177.496
170.829998 176.082
170.835998 176.777
170.840002 178.191
170.846003 179.605
170.849995 179.605
170.856002 181.025
170.860000 180.347
170.866001 179.655
170.869996 179.655
170.876000 179.655
170.880004 178.911
170.886004 178.191
170.890003 176.777
170.896007 176.071
170.900045 178.197
170.905998 178.197
170.912999 179.627
170.914994 180.325
170.920996 181.041
170.925005 181.041
170.934003 180.347
170.935998 178.911
170.942000 178.197
170.945998 178.899
170.952005 178.899
170.956002 178.191
170.961971 178.191
170.965994 178.899
170.972002 179.605
170.976001 179.611
170.982999 178.933
170.986994 181.069
170.992996 181.108
170.997005 181.838
171.003006 181.838
171.006995 181.108
171.010012 179.694
171.018953 178.933
171.024003 178.911
171.025992 178.911
171.030996 178.191
171.034951 178.191
171.041167 178.191
171.045003 177.496
171.051004 180.325
171.055002 181.025
171.060999 181.739
171.065002 181.025
171.070998 181.025
171.075003 180.314
171.080945 179.605
171.085006 181.025
171.090998 180.314
171.095000 182.434
171.101005 183.142
171.104996 184.556
171.113999 182.439
171.116024 180.325
171.121005 179.611
171.127995 177.496
171.129926 178.899
171.136006 178.197
171.140004 179.611
171.146000 180.325
171.149996 181.728
171.155998 183.853
171.163011 181.761
171.165003 181.761
171.171002 183.175
171.174998 181.069
171.180998 181.041
171.185002 180.325
171.191003 179.627
171.195001 178.241
171.201002 179.627
171.205005 179.627
171.211006 180.347
171.215005 181.069
171.221001 181.761
171.225001 183.175
171.230998 181.761
171.235001 181.069
171.242532 183.853
171.244846 182.434
171.251018 182.439
171.254999 180.314
171.260872 180.314
171.264866 181.019
171.270863 180.314
171.274916 181.019
171.280862 181.728
171.284855 179.611
171.293885 180.325
171.295940 181.041
171.300014 178.933
171.306004 179.627
171.310005 181.041
171.316004 181.739
171.320003 181.739
171.326003 181.739
171.330002 180.325
171.337004 181.019
171.345886 180.314
171.349969 178.899
171.351955 178.197
171.362960 178.197
171.364955 177.496
171.365888 177.519
171.370992 179.627
171.374960 180.325
171.381503 180.325
171.384857 181.025
171.390014 179.611
171.391960 179.611
