187.422957 195.673
187.426947 196.237
187.432132 197.74
187.435998 200.01
187.442087 199.361
187.446085 195.78
187.452017 198.716
187.455972 200.891
187.462096 203.199
187.466015 203.199
187.472107 198.494
187.476099 202.299
187.485102 198.6
187.487008 192.52
187.490091 191.846
187.496096 195.021
187.500096 194.371
187.506066 196.543
187.509960 198.346
187.516096 199.902
187.520097 198.204
187.526098 201.02
187.530104 200.385
187.536081 202.299
187.540106 200.771
187.548099 198.6
187.551092 195.576
187.556095 196.329
187.560103 197.19
187.566094 198.716
187.570092 196.543
187.576098 194.371
187.581012 196.543
187.585017 200.385
187.591047 199.482
187.595046 200.25
187.603050 199.482
187.606047 194.263
187.611049 197.952
187.615050 197.952
187.621049 196.431
187.625044 196.329
187.631047 195.021
187.635041 195.78
187.641050 198.842
187.645044 201.159
187.651045 196.543
187.654992 198.6
187.661049 197.952
187.665048 198.073
187.671045 199.361
187.675045 197.952
187.681057 200.01
187.685053 196.431
187.693329 198.6
187.695975 198.842
187.701045 200.125
187.705061 198.6
187.711048 198.204
187.715050 199.752
187.720979 198.073
187.725046 203.342
187.731043 200.25
187.735050 200.385
187.741054 201.159
187.745043 196.543
187.751053 196.543
187.755044 195.133
187.761048 195.898
187.765051 198.842
187.771042 201.936
187.775054 199.482
187.781051 198.716
187.785048 198.6
187.791046 198.716
187.795123 203.066
187.801049 197.084
187.805050 194.263
187.811046 198.716
187.815043 197.434
187.821053 197.19
187.825050 195.898
187.831050 197.434
187.835045 194.371
187.840987 198.346
187.845050 204.277
187.851050 197.19
187.856054 195.673
187.862048 201.936
187.865963 200.385
187.874051 197.952
187.876044 198.842
187.881049 197.434
187.885051 197.307
187.891047 196.543
187.895069 200.25
187.901052 198.073
187.905054 194.371
187.911044 197.307
187.915050 202.566
187.921051 203.199
187.925050 196.431
187.931048 198.073
187.935046 200.25
187.941051 200.125
187.945051 198.073
187.950991 198.977
187.955049 199.752
187.961054 197.307
187.965054 196.665
187.971054 200.385
187.975052 200.25
187.985054 198.073
187.989043 198.716
187.991041 198.716
188.001999 197.19
188.004982 199.251
188.005994 199.361
188.010960 198.6
188.015923 200.125
188.021962 197.307
188.025960 197.307
188.031959 194.263
188.035930 195.78
188.041962 197.307
188.045963 195.78
188.051964 194.371
188.055964 198.346
188.061962 196.026
188.064959 195.78
188.070962 198.716
188.075961 198.716
188.079965 197.084
188.087963 197.084
188.090961 197.307
188.095963 195.78
188.099963 196.329
188.105964 197.19
188.109948 196.431
188.115963 193.507
188.120963 198.073
188.125968 199.752
188.131916 193.61
188.135962 196.543
188.141963 201.936
188.145959 198.842
188.150966 193.61
188.154961 195.898
188.160964 198.842
188.164958 195.898
188.170920 199.752
188.174945 199.612
188.180944 195.78
188.185921 198.716
188.189937 200.385
188.195949 202.566
188.200943 197.952
188.204940 197.307
188.210945 200.125
188.214940 197.307
188.220942 198.842
188.226943 195.78
188.229944 196.431
188.235945 195.78
188.239943 198.073
188.245946 197.434
188.249943 198.977
188.255946 198.977
188.259945 195.256
188.265978 200.529
188.269979 200.529
188.275980 197.434
188.279983 195.898
188.285975 199.123
188.289985 196.026
188.297979 195.256
188.300978 196.026
188.305977 197.434
188.309987 196.665
188.315988 195.133
188.321974 199.612
188.325976 199.482
188.329979 198.842
188.335981 198.977
188.339979 201.02
188.345978 201.792
188.349977 199.482
188.355976 197.307
188.359985 197.307
188.365980 195.898
188.369977 192.096
188.375998 195.021
188.379980 198.977
188.385998 198.073
188.389979 200.385
188.395978 202.714
188.399967 198.842
188.406979 198.842
188.410976 200.529
188.416978 199.612
188.421022 197.434
188.427009 197.434
188.431012 194.618
188.436012 198.204
188.440010 199.752
188.446011 202.089
188.450008 202.566
188.456014 197.57
188.460012 201.308
188.465931 198.842
188.470014 198.842
188.476008 202.428
188.480018 201.792
188.486013 202.428
188.490010 203.342
188.496017 198.842
188.499903 197.307
188.506016 201.02
188.510018 201.159
188.516014 197.307
188.520014 191.343
188.526013 198.204
188.530008 199.123
188.536001 198.204
188.540010 202.714
188.546001 196.665
188.550011 197.307
188.556012 203.494
188.560015 199.612
188.566006 196.431
188.570009 193.507
188.576011 200.385
188.580012 197.19
188.586014 196.431
188.590006 199.482
188.596017 193.724
188.600013 195.78
188.606109 202.566
188.609965 203.342
188.615945 194.263
188.619967 196.431
188.626020 197.307
188.630012 197.19
188.636111 199.482
188.639977 201.308
188.646054 201.159
188.650050 200.385
188.656059 197.434
188.660056 198.977
188.666000 198.977
188.670053 196.665
188.676053 193.349
188.680058 194.489
188.686050 195.021
188.690049 200.125
188.696053 198.977
188.700054 192.852
188.706054 195.78
188.710049 198.842
188.716065 199.612
188.720055 195.256
188.726001 197.434
188.730054 195.256
188.736061 195.256
188.740054 196.665
188.746055 199.123
188.750054 198.204
188.757054 197.434
188.761055 195.898
188.767056 194.826
188.771055 199.361
188.777054 203.494
188.781051 198.842
188.786120 194.165
188.791096 201.159
188.795103 204.277
188.801088 196.939
188.805107 197.717
188.814102 198.497
188.816098 197.57
188.820109 195.898
188.826101 196.939
188.830104 192.315
188.836102 188.521
188.839979 194.618
188.846108 196.311
188.850105 200.062
188.856025 198.658
188.860107 200.848
188.866045 200.385
188.870100 202.566
188.876106 201.936
188.880049 195.898
188.886106 197.841
188.889979 193.61
188.896106 194.371
188.900113 201.936
188.906100 201.467
188.910104 196.026
188.916110 195.133
188.920104 199.279
188.926111 195.256
188.930107 197.307
188.936102 197.434
188.940088 194.371
188.946096 198.073
188.950104 201.467
188.956101 198.497
188.960017 194.371
188.966105 192.2
188.970303 193.61
188.976105 196.665
188.980053 197.434
188.986114 193.848
188.990102 190.032
188.996001 197.19
189.000113 202.714
189.006110 202.714
189.010104 197.307
189.016038 194.165
189.020109 195.78
189.026104 197.19
189.030107 197.19
189.036109 194.263
189.040108 190.507
189.046108 192.096
189.050107 197.434
189.056111 198.497
189.060174 198.716
189.066104 195.78
189.070101 195.78
189.077105 193.08
189.081100 198.977
189.087103 193.08
189.091102 193.507
189.097107 195.021
189.100098 201.159
189.106038 200.385
189.110100 199.612
189.116105 199.123
189.120108 196.026
189.126106 198.977
189.130100 202.252
189.136108 198.204
189.140106 197.307
189.146106 194.371
189.152103 197.307
189.155040 199.482
189.162108 198.6
189.165097 193.507
189.171101 195.256
189.175112 195.898
189.181107 202.714
189.186117 202.872
189.190100 198.346
189.196109 197.717
189.200115 196.939
189.206122 199.612
189.210302 200.385
189.219009 200.529
189.221116 198.842
189.225054 199.902
189.231106 203.494
189.235101 196.665
189.241105 194.371
189.245124 198.204
189.251092 203.494
189.255110 201.792
189.265108 198.073
189.269099 205.061
189.271044 202.714
189.282111 197.307
189.285108 197.434
189.286100 198.073
189.291101 196.543
189.295101 199.902
189.301111 205.232
189.305102 199.752
189.311110 196.665
189.315102 203.657
189.321099 200.385
189.325108 192.754
189.331108 192.096
189.335107 196.431
189.341109 195.021
189.345103 200.385
189.351102 199.752
189.355112 192.2
189.361112 191.343
189.365102 200.529
189.371106 206.635
189.375105 198.204
189.381110 200.385
189.385107 198.842
189.391104 197.307
189.395099 199.752
189.401108 195.133
189.405106 189.095
189.411105 192.003
189.415097 198.204
189.421104 197.717
189.427109 195.686
189.430107 193.982
189.436087 196.026
189.440116 201.467
189.446101 204.749
189.450110 197.307
189.456116 192.096
189.460109 190.507
189.466105 197.952
189.470056 200.684
189.476047 202.089
189.480109 192.961
189.486103 194.489
189.490133 194.489
189.496108 193.08
189.500106 193.848
189.506102 198.977
189.510051 195.898
189.516107 194.371
189.520110 199.123
189.526100 204.9
189.530114 195.133
189.536114 196.543
189.540109 197.307
189.546109 198.073
189.552110 194.489
189.555110 192.961
189.561108 192.961
189.565112 202.425
189.571059 201.308
189.575105 193.08
189.581016 199.123
189.585120 196.311
189.591110 194.489
189.595119 195.256
189.601105 194.618
189.605110 195.256
189.611112 195.898
189.615104 196.939
189.621102 193.982
189.625108 194.281
189.631106 198.04
189.635104 191.802
189.641072 194.618
189.646111 194.126
189.652111 190.686
189.656109 192.852
189.662110 198.204
189.666100 195.021
189.671102 195.576
189.675079 202.943
189.681126 201.658
189.685088 197.084
189.691044 200.125
189.696116 201.658
189.700106 197.952
189.706109 192.852
189.710108 198.204
189.716053 193.08
189.720109 193.08
189.726113 194.618
189.730110 198.658
189.736033 197.091
189.740112 195.533
189.746106 200.062
189.750110 202.252
189.756110 202.425
189.760047 198.497
189.766123 200.684
189.770106 206.206
189.776111 206.022
189.780110 199.752
189.786106 200.385
189.790104 202.428
189.796110 199.482
189.800116 196.329
189.805997 191.254
189.809975 188.43
189.815980 200.771
189.820013 206.787
189.826070 210.231
189.832063 207.87
189.835053 199.361
189.841065 202.428
189.845053 206.022
189.851060 201.02
189.855057 188.351
189.861040 189.18
189.865064 197.19
189.871062 195.133
189.875064 195.533
189.881061 194.905
189.885004 193.724
189.891000 200.25
189.895053 217.002
189.901066 209.275
189.905001 196.987
189.911061 191.919
189.915060 196.825
189.921062 210.238
189.925000 197.841
189.931057 187.609
189.935061 188.282
189.941062 194.371
189.947061 199.482
189.951059 202.872
189.957058 207.425
189.961061 197.952
189.967067 198.6
189.970063 201.792
189.974981 201.02
189.981064 198.716
189.985064 194.263
189.991058 192.961
189.995153 195.256
190.001059 194.756
190.005011 197.717
190.011064 193.848
190.015062 193.848
190.021069 196.797
190.027053 202.252
190.030066 200.529
190.035063 196.665
190.041061 198.977
190.045007 198.073
190.051062 197.307
190.055066 198.073
190.061066 195.673
190.065060 193.507
190.071061 196.543
190.075067 195.78
190.081070 193.61
190.085064 203.199
190.092015 201.467
190.096065 195.256
190.102065 194.618
190.106065 202.089
190.112068 202.714
190.116068 193.61
190.121062 196.665
190.124071 195.898
190.131068 197.307
190.135051 197.307
190.141003 196.026
190.145064 200.684
190.151066 196.665
190.154063 194.371
190.161063 198.497
190.165057 198.497
190.171065 196.797
190.175062 202.872
190.181063 192.2
190.185068 199.482
190.191059 202.714
190.195067 207.87
190.201040 198.716
190.205056 190.591
190.211062 199.279
190.215085 195.389
190.221064 196.797
190.225063 202.089
190.231062 196.665
190.234057 193.507
190.241068 200.529
190.245062 201.308
190.251063 199.251
190.257069 194.263
190.261968 201.159
190.266054 199.612
190.271985 198.6
190.276005 199.482
190.282063 192.754
190.286061 194.371
190.292062 202.089
190.296063 196.797
190.302010 196.329
190.305991 199.482
190.312071 196.797
190.316069 196.665
190.322064 195.898
190.325992 196.665
190.332064 196.329
190.336065 201.534
190.342064 202.181
190.345990 194.918
190.352065 192.003
190.356107 200.25
190.361064 200.385
190.369064 197.952
190.371054 193.414
190.377060 195.673
190.381069 194.918
190.386057 195.021
190.389064 200.385
190.396070 199.482
190.399056 197.084
190.406069 196.329
190.409064 197.307
190.416003 198.073
190.419061 191.254
190.426009 192.754
190.429075 199.612
190.436065 204.749
190.439055 194.263
190.446065 194.263
190.449004 194.077
190.456068 195.489
190.459055 203.066
190.466064 201.02
190.469061 195.412
190.476070 196.987
190.479056 201.02
190.486065 200.891
190.489069 197.74
190.496066 198.204
190.500070 194.263
190.506066 195.021
190.509065 198.716
190.516075 199.612
190.518997 200.01
190.526066 197.841
190.529066 196.543
190.536032 202.428
190.546065 207.562
190.550061 201.792
190.551056 195.576
190.562069 197.841
190.565065 205.526
190.566053 199.482
190.571064 196.543
190.574066 200.891
190.581064 197.19
190.584017 198.6
190.591062 200.125
190.594102 204.475
190.601071 202.428
190.604059 198.494
190.611007 199.361
190.614060 204.475
190.621066 203.836
190.624067 196.987
190.631067 197.74
190.634063 202.428
190.641073 199.361
190.644062 199.361
190.651068 201.658
190.654009 201.534
190.661063 207.711
190.664071 204.9
190.671067 199.361
190.674065 200.01
190.681066 206.015
190.684068 203.973
190.691066 199.361
190.694117 199.482
190.701073 198.716
190.704069 200.25
190.711068 200.385
190.714055 201.02
190.721071 199.361
190.723993 197.307
190.731061 199.612
190.734050 197.952
190.741059 201.658
190.744009 202.428
190.751013 200.125
190.754062 201.658
190.761065 201.658
190.764066 200.125
190.771065 199.482
190.773990 197.19
190.781070 192.754
190.784060 195.256
190.791066 199.612
190.795066 196.431
190.802062 201.658
190.806070 200.771
190.812064 197.19
190.816006 201.658
190.821066 197.19
190.824075 200.891
190.831066 200.891
190.834065 195.021
190.841065 197.19
190.844277 194.371
190.851070 196.665
190.854069 198.716
190.861073 197.307
190.864220 198.073
190.871009 197.952
190.874065 196.431
190.881066 197.952
190.884060 197.307
190.891067 196.431
190.894004 195.576
190.901070 198.494
190.904070 198.6
190.910989 195.673
190.914064 195.576
190.923075 196.987
190.926061 194.165
190.931085 197.19
190.933983 197.434
190.941062 195.133
190.944018 193.507
190.951062 199.482
190.954067 198.977
190.961061 195.898
190.964068 197.19
190.971072 200.385
190.974060 196.543
190.981067 197.307
190.984012 198.204
190.991009 195.256
190.994114 195.898
191.001120 198.842
191.004000 198.204
191.011137 197.307
191.017109 198.073
191.019098 198.6
191.026012 197.841
191.029026 198.716
191.036011 196.543
191.038950 196.431
191.046025 199.361
191.049022 197.841
191.056022 200.891
191.059011 198.977
191.066028 198.073
191.069020 199.482
191.076019 201.159
191.079012 196.665
191.086020 196.026
191.089015 195.389
191.096018 196.797
191.099016 195.133
191.106020 198.977
191.109020 199.612
191.116024 195.898
191.119019 201.02
191.126015 201.02
191.129017 200.385
191.136032 203.342
191.141100 198.842
191.147119 196.329
191.152115 195.576
191.156118 200.01
191.162129 199.482
191.166118 195.673
191.171118 199.251
191.174046 199.361
191.181122 201.02
191.184113 196.665
191.191123 196.543
191.194113 194.371
191.201107 198.716
191.204124 198.716
191.211122 196.543
191.214119 196.543
191.221120 196.543
191.224114 194.263
191.231119 197.434
191.234118 198.842
191.241134 195.78
191.244003 195.021
191.251069 197.19
191.254063 195.021
191.261068 203.342
191.264068 198.073
191.270998 194.165
191.274066 197.084
191.281068 200.891
191.284059 198.6
191.291067 195.673
191.294063 194.371
191.301075 196.543
191.304067 196.543
191.311067 200.25
191.314062 198.073
191.321077 198.842
191.324063 201.936
191.331064 198.842
191.334009 199.612
191.341063 200.385
191.346068 197.19
191.349002 193.414
191.356035 195.673
191.359073 196.543
191.368070 198.073
191.371059 195.021
191.376070 197.307
191.379001 198.842
191.386070 199.482
191.388983 200.385
191.396074 196.665
191.399058 191.343
191.406078 195.021
191.409009 197.952
191.416072 194.077
191.419064 197.19
191.426067 204.12
191.429036 195.021
191.435991 193.414
191.439120 202.089
191.446123 203.494
191.449116 195.673
191.456041 199.361
191.459031 200.25
191.466120 195.021
191.469119 198.716
191.476120 200.385
191.479120 199.482
191.485997 197.307
191.489078 198.977
191.496005 201.159
191.499070 196.543
191.506069 195.898
191.509065 199.752
191.516070 200.385
191.519065 199.612
191.526026 201.308
191.529065 199.612
191.536073 198.204
191.539062 198.842
191.546034 198.346
191.549066 198.204
191.556073 195.898
191.560071 200.529
191.567071 200.529
191.571067 199.612
191.576990 199.612
191.581071 200.529
191.587069 201.936
191.589071 198.204
191.596067 202.566
191.599063 200.125
191.606072 196.543
191.609069 201.308
191.616215 199.123
191.619069 197.434
191.626121 197.307
191.629114 200.385
191.636126 197.434
191.638986 199.752
191.646074 196.026
191.649119 199.279
191.656120 199.123
191.659114 200.385
191.666122 202.872
191.669113 200.529
191.676127 195.898
191.679113 200.529
191.686119 200.529
191.689065 196.543
191.696127 196.797
191.699112 197.434
191.706122 193.724
191.709119 199.612
191.716117 202.714
191.718995 195.021
191.726130 197.19
191.729123 198.204
191.736123 200.25
191.739095 197.841
191.746127 195.78
191.749123 197.434
191.756251 194.371
191.759113 192.961
191.766103 195.133
191.769106 195.256
191.776041 196.797
191.779112 198.977
191.786117 198.204
191.789160 198.346
191.796125 196.026
191.799115 193.724
191.806045 194.371
191.809123 191.343
191.816124 196.665
191.826125 195.898
191.830083 191.442
191.831091 193.61
191.842119 195.898
191.845121 196.665
191.846113 195.898
191.851118 196.665
191.857060 197.434
191.860126 194.263
191.864123 195.78
191.871068 198.204
191.874071 198.346
191.881118 195.133
191.884121 198.073
191.891117 197.434
191.894126 197.57
191.901129 196.026
191.904126 192.315
191.911124 195.898
191.914126 198.204
191.921120 198.073
191.924128 198.842
191.931120 198.716
191.934125 196.543
191.941122 201.159
191.944233 198.346
191.951120 196.665
191.954119 195.898
191.961125 198.204
191.967241 194.371
191.969127 196.665
191.976062 199.123
191.979118 195.256
191.986126 196.665
191.989123 200.529
191.996103 199.123
191.999115 195.256
192.006119 195.256
192.009117 198.204
192.016001 198.204
192.019024 199.612
192.026073 194.371
192.029069 196.665
192.038073 199.612
192.041015 199.752
192.046066 201.02
192.049079 195.78
192.058074 197.307
192.061072 201.658
192.066071 202.566
192.069075 200.891
192.076080 197.19
192.079159 203.973
192.086148 199.482
192.089122 200.385
192.096128 201.936
192.099118 196.026
192.106118 194.618
192.109120 193.848
192.116126 196.797
192.118990 202.872
192.126127 198.204
192.129120 197.57
192.136140 198.204
192.139114 198.073
192.146128 200.25
192.149122 195.898
192.156128 197.307
192.159062 196.543
192.166122 195.021
192.169125 198.073
192.176121 200.25
192.179116 198.073
192.186125 198.073
192.189122 201.792
192.196120 197.19
192.199115 195.898
192.206131 201.936
192.209040 192.961
192.216380 190.507
192.219151 196.665
192.226024 202.714
192.229027 198.842
192.236039 195.133
192.239021 193.724
192.246029 195.898
192.248994 196.026
192.256030 198.204
192.258987 196.543
192.268026 194.371
192.271023 194.918
192.276029 195.021
192.279011 200.25
192.286031 198.842
192.289028 194.263
192.297125 195.021
192.301120 197.307
192.307078 196.797
192.311119 197.434
192.317125 196.797
192.320997 197.57
192.326075 198.346
192.328992 196.797
192.336073 196.665
192.339068 197.434
192.346091 195.256
192.349014 193.724
192.356080 197.434
192.359068 201.308
192.366072 198.346
192.369073 197.434
192.375991 199.612
192.379074 196.797
192.386076 197.434
192.389075 202.428
192.396005 201.658
192.399004 196.543
192.406078 196.665
192.409078 197.434
192.416080 196.163
192.419067 195.389
192.426084 196.939
192.429068 199.279
192.436079 197.57
192.439074 196.939
192.446074 199.123
192.449074 197.434
192.456079 201.936
192.459125 196.665
192.466123 192.754
192.469118 198.842
192.476137 200.385
192.479117 197.307
192.486122 200.385
192.489123 205.682
192.496165 197.307
192.499129 200.25
192.506127 198.977
192.509100 193.724
192.516127 198.716
192.519117 198.073
192.526127 200.385
192.529128 200.385
192.536126 198.346
192.539126 200.25
192.546124 199.612
192.549124 205.847
192.556255 198.977
192.559118 198.073
192.566123 198.073
192.569125 197.952
192.579125 200.891
192.581061 203.973
192.587104 197.084
192.591126 192.852
192.594123 198.6
192.601132 198.6
192.604141 201.792
192.611123 199.752
192.614129 194.371
192.621123 194.371
192.624130 198.204
192.631122 201.792
192.634117 195.78
192.641136 196.431
192.644121 196.665
192.651120 200.25
192.654130 199.612
192.661130 198.842
192.664119 194.918
192.671129 194.826
192.674131 199.361
192.681123 200.771
192.684127 202.181
192.691127 197.952
192.694130 195.576
192.701126 198.716
192.704051 199.361
192.711123 193.507
192.714123 195.78
192.721125 194.263
192.724127 195.256
192.731124 198.977
192.734122 196.163
192.741129 193.848
192.744124 195.256
192.751123 196.797
192.754126 197.434
192.761123 193.61
192.764130 197.19
192.771066 199.361
192.774134 200.771
192.781131 200.771
192.786128 200.771
192.792123 197.19
192.796078 195.78
192.802135 194.918
192.807049 197.19
192.812009 195.898
192.816074 193.507
192.822135 195.021
192.826047 199.361
192.832135 200.125
192.836134 201.02
192.842077 199.612
192.848130 195.898
192.851121 198.204
192.856130 199.902
192.862131 200.062
192.866120 197.434
192.872003 196.665
192.876084 198.204
192.882079 197.952
192.886074 198.204
192.889074 198.073
192.896080 196.431
192.899069 199.361
192.906077 202.299
192.909072 201.534
192.916076 200.891
192.919074 196.543
192.926082 198.716
192.929077 201.02
192.936083 201.658
192.946078 199.482
192.947070 199.251
192.952074 197.952
192.956084 198.977
192.962073 198.204
192.966083 198.842
192.972075 198.073
192.976077 199.361
192.982079 201.936
192.986073 202.714
192.992082 198.842
192.996080 199.612
193.002075 203.342
193.006083 201.792
193.009082 200.891
193.016010 198.716
193.019072 195.898
193.026082 198.073
193.029076 196.665
193.036086 199.612
193.039073 202.428
193.046084 197.307
193.049092 201.159
193.056085 201.308
193.059075 199.612
193.066081 198.716
193.069080 199.482
193.076083 201.02
193.084097 196.543
193.087071 195.78
193.089082 197.307
193.095970 196.665
193.106081 199.752
193.110082 200.385
193.111072 198.204
193.122081 196.665
193.125073 197.307
193.126116 201.02
193.131190 201.936
193.134085 194.918
193.141082 194.918
193.145085 194.263
193.152087 196.431
193.156081 197.19
193.162073 196.543
193.166078 192.754
193.172079 196.329
193.174071 201.792
193.181084 201.792
193.184017 198.716
193.191063 194.165
193.194073 195.021
193.201088 195.673
193.204079 195.78
193.211079 197.307
193.214082 191.343
193.221082 192.754
193.224078 196.543
193.231074 200.529
193.234056 198.204
193.241081 196.665
193.244088 199.752
193.251089 200.385
193.254079 200.385
193.261028 201.159
193.264080 197.307
193.271077 193.414
193.274081 196.329
193.281080 199.612
193.284071 198.842
193.291086 195.021
193.294079 196.797
193.301019 198.842
193.304074 197.952
193.311079 198.842
193.314074 198.842
193.321080 195.78
193.324082 198.716
193.331080 196.665
193.334071 197.307
193.341026 197.434
193.344081 198.204
193.351048 198.204
193.354079 198.204
193.361081 196.543
193.364085 198.977
193.371084 199.482
193.374081 194.918
193.381079 200.385
193.384079 201.159
193.391085 194.263
193.394078 200.25
193.401076 201.159
193.404245 198.073
193.411080 199.361
193.414019 202.428
193.421030 197.19
193.426998 197.841
193.431002 204.277
193.434003 201.308
193.441017 195.78
193.444003 201.159
193.451006 204.277
193.454015 198.842
193.462011 200.385
193.466005 198.204
193.472009 192.754
193.476016 197.841
193.480992 197.952
193.486002 199.482
193.489006 195.78
193.496031 198.073
193.498999 200.25
193.506010 202.428
193.509006 202.566
193.516007 199.482
193.519001 201.02
193.526005 200.125
193.529009 197.19
193.536014 197.19
193.538998 192.852
193.546005 193.507
193.549002 196.543
193.556035 198.073
193.558999 196.665
193.566005 200.385
193.569002 201.936
193.576010 201.02
193.578982 198.073
193.586003 198.716
193.589004 195.78
193.596033 197.19
193.599002 195.021
193.606007 197.19
193.609006 198.6
193.616007 197.841
193.618998 195.673
193.626014 198.716
193.629007 198.716
193.636014 198.073
193.639003 198.073
193.645996 197.434
193.649002 196.431
193.656008 195.673
193.662004 198.6
193.669004 195.78
193.671036 193.507
193.674034 197.19
193.683041 194.263
193.686041 193.507
193.691038 199.612
193.694046 201.159
193.701042 195.133
193.704036 196.665
193.711055 199.612
193.717085 197.19
193.720129 197.19
193.724137 200.25
193.731134 198.073
193.734120 199.482
193.741133 200.25
193.744132 197.307
193.751133 201.02
193.754091 198.716
193.761133 198.716
193.764135 201.02
193.771130 199.482
193.774133 197.952
193.781130 199.612
193.784134 198.204
193.791142 198.716
193.794135 198.842
193.801075 200.385
193.804140 196.431
193.811135 201.02
193.814133 205.682
193.821129 196.543
193.824137 196.665
193.831128 202.089
193.834017 196.543
193.841136 198.716
193.847134 204.12
193.851126 201.159
193.858116 198.073
193.860003 201.02
193.866084 200.385
193.872086 200.125
193.876023 199.361
193.881083 203.066
193.884133 197.19
193.891134 201.792
193.894132 201.02
193.901130 196.543
193.904134 200.385
193.911131 201.159
193.914125 198.204
193.921073 200.25
193.924128 200.684
193.931134 197.57
193.934131 199.752
193.941143 197.57
193.944129 196.665
193.951128 199.612
193.954124 199.612
193.961132 198.842
193.964066 197.841
193.971051 199.361
193.974144 203.973
193.981141 206.306
193.984126 197.841
193.991078 197.74
193.994128 201.42
194.001139 196.431
194.003999 194.918
194.011155 198.716
194.014122 193.61
194.019025 191.254
194.026006 195.133
194.028994 199.902
194.036010 194.371
194.039003 196.543
194.046006 201.792
194.049005 199.612
194.056002 201.02
194.059003 197.19
194.065990 192.754
194.069038 195.673
194.076009 193.507
194.078998 194.371
194.086006 197.434
194.088999 192.096
194.096011 192.754
194.098999 198.716
194.106005 197.19
194.108981 194.263
194.116009 199.482
194.118998 196.665
194.126010 191.254
194.129009 192.096
194.136009 198.842
194.139007 193.507
194.146010 197.434
194.149005 203.828
194.156009 196.797
194.158998 197.307
194.166008 202.089
194.169005 198.204
194.176005 201.159
194.179002 201.936
194.186007 195.256
194.189007 193.724
194.196005 200.529
194.198998 197.57
194.206012 199.361
194.209006 199.482
194.218010 204.12
194.221000 199.482
194.226010 198.716
194.229005 200.771
194.236013 196.431
194.238999 196.431
194.246005 197.952
194.249011 195.673
194.256139 195.673
194.259000 197.952
194.266007 198.716
194.269006 202.428
194.276005 206.306
194.278998 202.428
194.286007 199.482
194.289008 197.19
194.296009 199.361
194.299002 202.943
194.306011 200.771
194.309010 197.841
194.316086 197.952
194.319083 196.543
194.326200 195.78
194.329087 200.891
194.336087 202.566
194.339077 207.251
194.346090 201.658
194.351251 200.771
194.357087 203.708
194.361087 203.708
194.367094 197.19
194.371082 194.263
194.376089 198.346
194.386088 194.489
194.390094 193.08
194.391079 196.163
194.402087 202.252
194.405081 198.842
194.406078 198.842
194.411087 208.038
194.414084 205.061
194.421098 199.482
194.424132 196.431
194.431088 199.361
194.434112 198.073
194.441092 196.665
194.444088 197.19
194.451093 195.673
194.454083 194.263
194.461033 192.852
194.464082 199.361
194.471039 204.353
194.474087 199.81
194.481205 199.151
194.484018 202.83
194.491082 196.901
194.494082 195.489
194.501085 199.482
194.504125 198.204
194.511087 191.672
194.514078 197.57
194.521010 196.665
194.524081 195.673
194.531086 200.385
194.534079 199.279
194.541091 199.752
194.544081 203.494
194.551087 201.467
194.554083 193.61
194.561086 199.612
194.567086 198.977
194.570086 196.543
194.574087 195.576
194.581092 197.084
194.584116 194.077
194.591087 188.175
194.596089 193.414
194.599078 201.42
194.606254 194.918
194.612094 198.6
194.616882 201.792
194.619027 199.612
194.626008 198.842
194.628998 194.618
194.636013 195.389
194.639008 194.618
194.646011 191.672
194.649003 192.315
194.656003 191.672
194.659042 194.371
194.666038 190.591
194.669040 195.021
194.676044 201.792
194.679039 197.307
194.686039 199.482
194.689043 204.749
194.696046 204.12
194.699040 198.716
194.706044 199.482
194.709039 200.661
194.716036 195.021
194.719038 198.073
194.726046 195.898
194.729040 195.256
194.736045 197.434
194.739034 194.618
194.746044 193.61
194.749037 199.752
194.756046 199.123
194.759033 199.482
194.766050 204.12
194.769039 203.217
194.776044 198.842
194.779032 201.658
194.786040 204.277
194.789039 197.434
194.796037 192.2
194.799040 192.003
194.806035 198.073
194.809033 195.021
194.816044 196.431
194.819004 198.497
194.826046 204.12
194.829043 200.891
194.836043 204.749
194.839016 205.682
194.846043 200.125
194.849043 203.973
194.856036 203.657
194.859049 197.57
194.866036 194.618
194.869050 192.003
194.876042 198.842
194.879034 197.434
194.886041 196.939
194.889145 202.714
194.896138 194.263
194.899137 190.591
194.906136 205.38
194.909088 200.25
194.916140 195.489
194.919140 197.307
194.926138 198.6
194.929134 191.919
194.936139 199.752
194.939142 208.216
194.946140 200.891
194.949138 197.952
194.956139 200.529
194.959105 198.658
194.966138 199.752
194.969023 193.724
194.976102 197.307
194.979081 197.841
194.986092 190.591
194.989029 193.848
194.996098 204.12
194.999084 194.618
195.006099 197.084
195.009094 197.307
195.016007 204.12
195.019087 195.576
195.026089 198.073
195.029085 204.9
195.036096 196.026
195.039075 195.78
195.046114 195.898
195.049090 191.442
195.056103 190.79
195.059082 193.21
195.066092 195.686
195.069098 194.618
195.076095 199.361
195.079037 195.78
195.086089 206.465
195.089084 201.936
195.096092 187.683
195.099081 192.003
195.106024 200.385
195.109082 204.12
195.116002 195.021
195.119023 195.898
195.126095 199.251
195.129094 197.841
195.136092 201.02
195.139084 198.842
195.146039 197.19
195.149089 197.841
195.156077 196.431
195.159082 200.385
195.166093 206.635
195.169093 192.44
195.176007 195.898
195.179081 195.898
195.186091 202.872
195.189086 199.612
195.197089 193.724
195.200030 198.204
195.207092 194.371
195.211089 195.133
195.217085 199.482
195.219046 197.717
195.226096 190.686
195.229078 189.497
195.236096 201.308
195.239081 199.902
195.246100 195.133
195.249008 198.497
195.256171 200.848
195.259133 196.797
195.266139 194.618
195.271143 196.026
195.274136 194.618
195.281082 197.57
195.284152 199.279
195.291135 200.529
195.294138 196.431
195.301139 192.096
195.304135 199.482
195.311133 200.385
195.316121 197.434
195.319133 192.852
195.326032 197.307
195.329025 202.566
195.336090 196.543
195.339087 193.848
195.346092 204.9
195.349089 199.482
195.356093 195.898
195.359083 196.163
195.366092 195.389
195.369091 196.026
195.376049 197.57
195.379082 196.797
195.386096 195.256
195.389091 196.311
195.396091 198.497
195.399087 200.684
195.406088 201.308
195.409091 196.939
195.416096 195.256
195.419082 195.021
195.428098 194.918
195.431086 199.251
195.436092 194
195.439082 197.084
195.446048 206.652
195.449091 200.125
195.456092 200.125
195.459063 198.346
195.466094 202.872
195.469093 206.635
195.476096 201.936
195.480098 196.026
195.487093 193.08
195.490094 196.163
195.497092 193.848
195.500093 194.126
195.507042 193.982
195.509094 192.315
195.516094 201.022
195.519088 199.279
195.526088 193.21
195.529102 196.797
195.536097 203.494
195.539254 201.936
195.546090 201.316
195.549302 200.125
195.556092 199.361
195.559085 198.716
195.566094 195.021
195.569044 197.084
195.576096 195.673
195.579086 198.842
195.586045 200.062
195.589094 195.898
195.596098 197.084
195.599085 198.716
195.606093 195.256
195.612095 195.898
195.614085 201.936
195.621099 198.204
195.624010 193.848
195.631006 196.665
195.634094 202.089
195.641101 201.658
195.644100 191.784
195.651096 201.316
195.655094 206.155
195.665096 199.361
195.669099 194.371
195.671086 196.939
195.681100 200.848
195.685087 203.657
195.686016 199.902
195.691035 196.665
195.697097 195.256
195.701095 197.57
195.707091 196.163
195.711021 201.308
195.717093 199.123
195.721095 193.414
195.727037 196.665
195.731090 205.412
195.737091 196.163
195.741022 192.096
195.747100 195.78
195.751099 198.716
195.757095 201.534
195.761098 194.077
195.767096 196.431
195.771096 200.891
195.777091 197.649
195.781094 201.42
195.787095 208.492
195.791090 198.204
195.794094 193.61
195.801095 200.529
195.804096 199.279
195.811095 194.126
195.814094 190.536
195.821096 198.04
195.824118 194.489
195.831093 193.724
195.834081 201.02
195.843103 195.256
195.846098 195.133
195.851095 199.902
195.854097 200.25
195.861099 201.02
195.864092 203.199
195.871096 198.716
195.874095 195.673
195.881105 198.073
195.884093 197.434
195.891097 195.021
195.894093 194.263
195.901098 198.716
195.904098 194.371
195.911095 194.263
195.914112 202.872
195.921100 199.123
195.925004 192.754
195.932148 197.19
195.935137 197.434
195.942129 196.665
195.945125 200.529
195.952148 199.279
195.954138 190.686
195.961146 194.371
195.964142 200.25
195.971142 199.123
195.974149 198.204
195.981145 193.331
195.984139 195.673
195.991144 204.9
195.994089 195.78
196.001141 192.666
196.004087 195.021
196.011141 192.852
196.014135 192.666
196.021151 200.25
196.024083 198.842
196.031150 192.666
196.034139 194.077
196.041149 201.792
196.044146 197.307
196.051147 195.78
196.057072 198.6
196.061147 196.665
196.067139 195.133
196.071115 193.08
196.074149 202.872
196.081150 202.714
196.084139 194.489
196.091144 194.489
196.094142 203.342
196.101148 198.977
196.104029 193.08
196.111143 193.724
196.114141 202.714
196.121147 197.434
196.124141 192.2
196.131137 199.81
196.134143 198.716
196.141147 197.841
196.144147 196.431
196.151144 200.125
196.154141 202.872
196.161144 200.385
196.164146 198.842
196.171147 202.872
196.174143 198.204
196.181146 195.133
196.184153 195.389
196.191140 200.684
196.194143 193.21
196.201149 198.204
196.205148 195.133
196.212149 203.828
196.216149 197.717
196.222067 199.902
196.225139 206.635
196.231147 196.797
196.234145 196.543
196.241145 201.658
196.246142 204.12
196.249143 197.952
196.256154 192.096
196.259150 195.576
196.266149 201.936
196.271120 201.534
196.274141 198.313
196.281152 203.973
196.284142 198.842
196.291146 198.204
196.294137 199.361
196.301145 198.716
196.304160 199.752
196.311140 197.57
196.314143 196.163
196.321149 201.022
196.324147 189.623
196.331144 188.43
196.334146 199.123
196.341148 200.385
196.344145 190.79
196.351146 197.434
196.354131 194.756
196.361146 198.497
196.364156 199.902
196.371144 199.123
196.374148 196.163
196.381149 198.497
196.384139 204.12
196.391124 201.792
196.394141 201.792
196.401152 196.797
196.404142 191.919
196.411156 195.898
196.414141 198.658
196.421019 196.163
196.423977 192.72
196.431107 198.658
196.434099 191.943
196.441127 192.575
196.444104 198.073
196.451098 197.717
196.456101 201.159
196.459163 192.666
196.466034 198.073
196.472149 198.977
196.476147 195.673
196.479141 195.021
196.486145 199.482
196.489144 194.489
196.496145 197.434
196.499139 200.529
196.506074 189.932
196.509146 193.507
196.516155 197.952
196.519138 198.497
196.526143 198.346
196.529091 193.724
196.536090 197.57
196.539151 195.898
196.549149 193.848
196.551143 202.089
196.557146 195.133
196.560063 192.2
196.567144 201.308
196.570148 200.385
196.577156 190.79
196.579084 195.133
196.586150 193.08
196.592151 192.096
196.595140 196.543
196.599147 195.133
196.606144 192.588
196.612150 189.842
196.614129 197.19
196.621017 198.204
196.624149 197.307
196.631148 196.939
196.634145 199.123
196.641153 199.123
196.644154 196.797
196.651146 199.902
196.654150 196.026
196.661146 194.371
196.664149 191.254
196.671146 195.021
196.674092 195.133
196.681149 197.19
196.684152 197.19
196.691043 202.872
196.694129 201.159
196.701146 198.073
196.704150 196.665
196.711151 199.444
196.714149 196.797
196.721145 190.686
196.727161 196.797
196.729144 202.252
196.736155 193.61
196.739144 195.256
196.746145 196.939
196.749153 198.204
196.756150 196.026
196.759143 198.497
196.766148 199.279
196.769146 195.78
196.776154 197.19
196.779143 205.847
196.786146 209.898
196.789069 197.307
196.796152 201.467
196.799140 193.982
196.806150 197.307
196.809089 207.425
196.816315 200.062
196.820152 196.939
196.827180 196.311
196.830145 197.717
196.837147 193.848
196.840150 193.848
196.847148 195.133
196.849150 198.842
196.856030 204.607
196.859146 201.792
196.866153 200.125
196.872148 201.316
196.875012 202.181
196.879107 204.607
196.886100 200.891
196.889100 199.482
196.896104 195.256
196.899095 193.08
196.906100 192.2
196.909101 194.756
196.916101 194.489
196.919091 193.724
196.926102 196.939
196.931110 199.444
196.935123 198.204
196.945103 198.073
196.949100 198.073
196.951096 195.256
196.961103 197.841
196.965101 196.665
196.966093 198.073
196.971101 198.073
196.974096 197.874
196.981094 201.467
196.984042 200.385
196.991101 202.089
196.994103 200.529
197.001039 195.389
197.004055 196.163
197.011278 194.618
197.014108 199.902
197.021104 199.279
197.024060 194.618
197.031108 196.026
197.034096 200.25
197.041107 200.385
197.044103 206.306
197.051110 203.973
197.054108 199.482
197.061104 198.716
197.064097 200.25
197.071103 203.199
197.074099 203.973
197.081108 200.125
197.084038 195.673
197.091097 194.263
197.094096 196.543
197.101108 196.797
197.104099 200.062
197.111104 195.533
197.114109 191.802
197.121100 195.533
197.124108 201.467
197.131102 193.724
197.134100 195.256
197.141105 197.434
197.147105 194.371
197.149101 196.431
197.156108 199.482
197.159094 200.125
197.166105 197.649
197.169104 200.125
197.176106 205.682
197.179094 198.6
197.186103 192.588
197.189071 200.891
197.196107 201.658
197.199076 193.61
197.206101 196.797
197.209040 190.032
197.216102 190.686
197.219097 195.133
197.226103 193.848
197.229091 198.842
197.236110 197.19
197.239094 194.489
197.246102 199.902
197.249103 199.902
197.256074 195.898
197.259199 197.434
197.266106 195.133
197.269103 189.18
197.276098 195.256
197.279106 199.482
197.286099 194.263
197.289108 200.661
197.296102 197.434
197.299093 197.19
197.306103 200.25
197.309099 197.57
197.316105 197.57
197.319095 196.797
197.326100 197.307
197.329106 197.841
197.336112 202.943
197.339093 195.78
197.346098 194.165
197.349100 197.19
197.356104 194.263
197.359099 197.19
197.366101 200.684
197.369102 198.346
197.376109 194.618
197.379033 200.385
197.386109 198.204
197.389103 200.684
197.396017 199.279
197.399091 195.256
197.406103 198.204
197.409097 199.902
197.416118 201.936
197.419096 197.307
197.426052 197.952
197.429068 201.159
197.436110 201.159
197.440105 198.842
197.447105 199.123
197.450103 193.61
197.457106 189.694
197.460107 201.658
197.468110 201.936
197.471098 198.842
197.476112 198.073
197.479090 194.489
197.486105 191.442
197.489109 196.797
197.496047 204.805
197.499123 195.686
197.506108 191.672
197.509106 194.756
197.516109 194.756
197.519091 194.371
197.526111 197.19
197.529105 200.891
197.536111 197.841
197.542106 192.588
197.544106 193.259
197.551120 199.905
197.554105 203.708
197.561111 197.841
197.564099 192.754
197.571105 194.918
197.574101 195.021
197.581107 190.906
197.587102 196.163
197.589045 200.848
197.596105 199.279
197.599096 196.797
197.606062 193.499
197.609107 197.254
197.616113 190.263
197.619101 196.163
197.626051 202.252
197.629271 202.252
197.636024 197.434
197.639041 193.61
197.646032 201.02
197.649037 200.25
197.656033 199.361
197.659023 202.566
197.666034 201.159
197.669031 195.133
197.676031 197.434
197.679028 198.977
197.686032 198.204
197.689032 201.308
197.696035 197.717
197.699027 195.389
197.706027 200.684
197.708979 202.425
197.716042 202.714
197.719027 201.467
197.726031 201.467
197.729033 197.434
197.736043 198.073
197.739026 201.308
197.746031 198.073
197.749035 197.307
197.756032 198.204
197.759033 201.936
197.766035 199.752
197.769025 198.204
197.776036 197.57
197.779025 197.57
197.786031 198.204
197.789033 197.434
197.796032 196.939
197.799025 195.256
197.806028 192.961
197.809034 197.57
197.816020 193.848
197.819029 191.552
197.826027 198.204
197.829035 197.57
197.836036 197.307
197.839026 197.307
197.846030 198.842
197.849009 196.431
197.856033 197.952
197.859026 198.716
197.866034 194.263
197.870044 195.021
197.877035 196.797
197.880028 196.163
197.887032 196.163
197.890010 199.279
197.896059 199.902
197.899027 197.717
197.906031 197.717
197.909031 195.389
197.916032 198.204
197.919026 198.977
197.926032 196.665
197.929033 201.467
197.936035 198.204
197.939032 198.842
197.946034 200.385
197.949036 199.482
197.956033 198.6
197.959032 197.19
197.966029 197.841
197.969059 197.084
197.976036 199.361
197.979030 196.329
197.986013 195.673
197.989031 195.673
197.996029 195.78
197.999028 195.78
198.006028 195.133
198.009036 196.543
198.015996 195.021
198.019028 193.61
198.026022 195.78
198.029027 193.61
198.036028 196.665
198.039022 195.133
198.046034 193.724
198.049029 196.665
198.055997 198.204
198.059027 197.307
198.066036 195.78
198.069040 197.307
198.076034 201.658
198.079031 196.431
198.086026 196.543
198.089034 198.716
198.096035 199.482
198.099027 197.084
198.106044 195.78
198.109034 199.612
198.116032 195.78
198.119026 195.021
198.126110 198.842
198.129108 198.204
198.136113 199.361
198.139108 200.25
198.146106 200.385
198.149110 199.482
198.156114 198.842
198.159100 199.612
198.168110 201.02
198.171105 202.089
198.176110 201.308
198.179100 198.204
198.186115 204.277
198.189110 202.089
198.196111 200.062
198.199099 203.657
198.206114 198.346
198.209102 197.434
198.216110 203.494
198.226073 197.952
198.230593 192.096
198.231176 192.096
198.244986 201.159
198.246033 201.02
198.247028 203.494
198.252045 207.425
198.255037 201.308
198.259035 202.566
198.266018 205.682
198.269031 207.251
198.276039 197.952
198.279029 195.673
198.286035 199.612
198.289039 198.716
198.296035 201.02
198.299033 199.752
198.306000 202.252
198.309045 205.412
198.316065 204.619
198.319028 207.251
198.326034 208.828
198.329034 202.714
198.336062 197.434
198.342055 204.9
198.347033 204.12
198.353032 200.529
198.355029 201.308
198.360036 195.256
198.366031 201.159
198.369038 197.57
198.376037 194.489
198.379028 194.918
198.386034 199.482
198.389030 198.716
198.396047 193.414
198.399031 198.6
198.406035 201.658
198.409061 200.01
198.416046 197.841
198.419032 198.716
198.426037 197.19
198.429024 194.263
198.436040 191.343
198.439021 194.371
198.446039 194.489
198.449030 192.852
198.455997 195.256
198.459028 198.346
198.466034 193.61
198.469037 196.543
198.476039 203.342
198.479029 194.918
198.486035 192.588
198.489037 199.251
198.498038 199.361
198.501033 194.077
198.506027 191.919
198.509038 192.003
198.516038 193.414
198.519030 193.61
198.526034 197.307
198.529033 196.431
198.538041 197.19
198.541038 195.021
198.546068 195.78
198.551034 198.716
198.554022 194.165
198.561015 190.507
198.564023 192.666
198.571037 193.414
198.574031 194.263
198.581111 195.021
198.587111 193.507
198.591111 194.263
198.594114 198.716
198.601112 197.19
198.607117 197.841
198.610103 197.952
198.614111 196.431
198.622121 193.414
198.625108 194.165
198.631994 192.754
198.635110 191.254
198.642053 197.841
198.645113 196.665
198.651110 195.673
198.654111 196.543
198.661112 200.385
198.664109 195.133
198.671108 197.19
198.674129 200.891
198.681125 199.612
198.684106 194.263
198.691117 196.431
198.697023 199.361
198.701173 198.6
198.707163 193.414
198.711120 195.673
198.714157 198.842
198.721159 195.021
198.724078 194.371
198.731160 199.612
198.734109 201.159
198.741161 197.19
198.744106 198.204
198.751160 201.159
198.754162 198.716
198.761159 196.329
198.764101 199.482
198.771154 198.6
198.776164 194.165
198.779153 193.414
198.786159 194.165
198.789156 195.576
198.796159 197.19
198.799152 197.307
198.806157 195.673
198.809160 198.073
198.816187 199.482
198.819080 198.716
198.826166 201.658
198.829164 200.125
198.836165 197.841
198.839155 199.361
198.846164 197.434
198.849162 198.204
198.856166 196.543
198.862160 200.385
198.866192 201.159
198.872029 200.529
198.875120 198.073
198.879120 199.612
198.886116 201.936
198.889055 201.792
198.896115 198.073
198.899107 199.612
198.908069 199.482
198.911108 197.952
198.916112 204.277
198.919102 200.529
198.926094 197.57
198.929112 205.682
198.936118 204.9
198.939105 199.612
198.946113 200.529
198.949110 201.159
198.956119 197.19
198.959105 199.361
198.966113 200.25
198.969066 194.263
198.976120 196.431
198.979060 199.482
198.986169 201.658
198.989165 201.658
198.996158 202.714
198.999152 202.566
199.006157 200.385
199.009164 203.342
199.016077 202.714
199.019156 200.385
199.026142 198.842
199.029168 194.371
199.036165 196.543
199.039154 198.073
199.046111 200.529
199.049153 195.898
199.058165 195.898
199.061163 198.6
199.066174 205.061
199.070157 206.306
199.077174 203.199
199.080058 200.25
199.091161 198.716
199.092105 194.918
199.097160 197.307
199.101159 199.612
199.107165 192.096
199.111174 194.263
199.117155 198.842
199.121163 196.797
199.127164 198.073
199.131103 198.073
199.137157 198.073
199.141138 201.658
199.147162 197.307
199.151159 200.01
199.154163 197.084
199.161159 197.74
199.170163 196.329
199.171166 201.658
199.176164 197.952
199.182159 195.673
199.186164 197.307
199.192171 198.842
199.196099 196.665
199.202164 194.489
199.206154 196.543
199.212162 195.78
199.216167 196.665
199.222167 195.78
199.226161 195.673
199.234092 196.543
199.237158 197.19
199.239155 195.898
199.246164 199.612
199.249161 197.307
199.256163 194.263
199.259096 195.78
199.266158 201.02
199.269160 198.842
199.276116 196.543
199.282168 195.78
199.285168 200.891
199.289175 197.307
199.296165 195.021
199.299156 196.543
199.306159 198.842
199.309045 197.19
199.316131 195.673
199.319107 198.716
199.326116 200.125
199.329054 194.918
199.336120 196.543
199.339107 198.073
199.346114 195.021
199.352113 197.952
199.354049 199.752
199.362121 196.026
199.365116 200.25
199.372113 200.385
199.375112 198.716
199.382119 197.19
199.385109 195.021
199.391115 194.263
199.394059 194.263
199.401082 198.073
199.404116 200.25
199.411115 198.716
199.414116 200.385
199.421122 199.612
199.424116 199.612
199.431060 203.973
199.434115 201.02
199.441118 197.19
199.444116 198.716
199.451115 199.482
199.454111 192.754
199.461116 192.852
199.464113 201.936
199.471112 197.434
199.474111 193.61
199.481120 194.489
199.484111 199.612
199.491071 197.952
199.495075 199.361
199.505121 199.482
199.508113 198.6
199.511116 198.494
199.521119 197.841
199.525119 202.428
199.526110 201.658
199.531119 195.021
199.534127 197.952
199.541122 199.612
199.544124 194.918
199.551114 195.133
199.554119 194.263
199.561118 192.754
199.564120 195.78
199.571120 198.073
199.574122 197.841
199.583121 200.125
199.586052 196.431
199.591121 197.19
199.594123 201.534
199.601115 203.836
199.604124 197.307
199.611068 196.329
199.614050 194.918
199.621122 198.716
199.624113 195.78
199.631113 195.78
199.634113 198.842
199.641127 195.78
199.644111 194.918
199.651116 201.02
199.654111 199.482
199.661211 196.431
199.664172 200.125
199.671165 204.749
199.674167 203.066
199.681165 199.361
199.684166 198.842
199.691163 200.529
199.694166 195.133
199.701163 197.434
199.704176 202.714
199.711162 197.434
199.714169 196.543
199.721167 199.612
199.724162 202.566
199.731162 198.716
199.734170 192.003
199.741170 198.073
199.744093 202.428
199.751176 197.434
199.754163 195.898
199.761170 198.204
199.764164 198.842
199.771175 199.361
199.774168 203.342
199.781164 202.428
199.784068 198.494
199.791168 197.952
199.794163 200.25
199.801151 196.431
199.804167 196.543
199.811161 197.19
199.814164 196.431
199.821165 199.251
199.824044 197.19
199.831132 199.482
199.834119 201.658
199.841093 200.125
199.844115 198.716
199.851122 197.952
199.854113 195.673
199.861122 198.6
199.864116 198.204
199.871350 198.073
199.874126 199.752
199.881120 198.977
199.884111 196.543
199.891119 196.543
199.894116 199.612
199.901123 195.673
199.904112 195.673
199.911117 203.973
199.914071 201.792
199.921124 202.299
199.924099 204.607
199.931118 201.02
199.934118 200.125
199.941122 201.02
199.944126 202.428
199.951122 200.891
199.954114 196.431
199.961052 195.021
199.964116 192.2
199.971121 194.371
199.974121 193.507
199.981069 199.612
199.984122 199.752
199.991125 196.797
199.994122 196.543
200.001121 202.089
200.004068 203.342
200.011117 199.482
200.014117 201.02
200.021125 198.842
200.024114 197.19
200.031053 198.073
200.034123 195.78
200.041133 198.6
200.044118 192.754
200.051124 189.842
200.054119 194.263
200.061123 196.543
200.064106 195.576
200.071125 197.841
200.074115 197.084
200.081122 200.25
200.084127 201.792
200.091122 199.612
200.094115 199.482
200.101123 201.936
200.104122 198.842
200.111122 198.842
200.114125 193.08
200.121113 189.842
200.124040 190.591
200.131127 202.566
200.134114 198.716
200.143130 194.918
200.146115 197.952
200.151121 200.25
200.154119 201.02
200.162121 202.428
200.165119 204.12
200.172125 198.716
200.175041 194.918
200.182078 198.073
200.185120 199.752
200.191120 195.133
200.194111 190.686
200.201043 193.724
200.204134 194.756
200.211122 192.315
200.217240 193.982
200.220113 198.497
200.224044 198.977
200.231122 200.25
200.234121 204.277
200.241127 201.658
200.244121 199.361
200.251123 197.19
200.254116 196.431
200.261120 194.165
200.264155 197.434
200.271120 198.204
200.274122 193.08
200.281121 196.797
200.284114 202.872
200.291122 197.434
200.294117 199.482
200.301134 200.529
200.304126 201.159
200.311120 199.612
200.314115 201.159
200.321122 198.073
200.324123 193.61
200.331115 195.78
200.334121 201.159
200.341122 201.936
200.344133 195.133
200.351122 193.724
200.354061 201.159
200.361064 202.714
200.364140 200.385
200.371129 198.977
200.374122 200.385
200.381126 197.434
200.384117 203.342
200.391120 201.936
200.397127 196.431
200.399113 197.952
200.406122 198.204
200.409117 198.842
200.416126 192.961
200.419114 195.898
200.426122 198.204
200.429114 199.752
200.436063 202.089
200.439066 200.529
200.446127 201.159
200.449122 201.658
200.456126 198.716
200.459118 197.952
200.466118 198.842
200.469121 197.952
200.476127 194.263
200.479113 195.133
200.486126 197.307
200.489122 196.543
200.496122 198.073
200.500127 198.977
200.507121 196.665
200.510123 199.752
200.517123 197.307
200.520051 196.543
200.526118 197.19
200.529118 195.78
200.536136 196.543
200.539118 197.307
200.546122 195.133
200.549116 191.343
200.556134 192.961
200.559113 195.133
200.566122 194.371
200.569119 197.57
200.576164 197.57
200.579128 198.842
200.586123 198.842
200.589123 204.12
200.596125 198.6
200.599143 198.716
200.606125 198.6
200.609123 195.898
200.616124 197.952
200.619122 192.754
200.626080 195.021
200.629126 195.021
200.636125 192.2
200.639063 198.977
200.646122 200.062
200.649073 201.308
200.656121 199.123
200.659114 198.346
200.666122 201.159
200.669119 198.073
200.676135 200.385
200.679113 195.78
200.686123 201.02
200.689120 198.346
200.696130 193.61
200.699115 198.073
200.706116 202.872
200.709128 197.434
200.716124 197.57
200.719118 199.123
200.726124 195.133
200.729062 198.842
200.736014 198.977
200.739070 201.159
200.746068 200.25
200.749118 199.612
200.756127 200.385
200.759115 197.434
200.766121 201.308
200.769119 196.797
200.776124 195.133
200.786123 199.752
200.790129 199.123
200.791115 195.133
200.802123 194.489
200.805113 197.307
200.806061 199.752
200.811118 200.529
200.814128 199.752
200.821130 195.898
200.824117 194.263
200.831123 197.307
200.834147 202.566
200.841137 197.434
200.844118 195.78
200.851061 194.489
200.854120 196.797
200.861137 196.665
200.865129 201.936
200.872061 205.061
200.875121 195.898
200.882152 196.543
200.885132 203.494
200.891120 198.073
200.894126 191.919
200.901127 197.841
200.904127 200.385
200.911127 193.61
200.914125 191.442
200.921126 196.797
200.924070 198.073
200.931073 196.431
200.934123 201.792
200.941134 203.494
200.944127 197.307
200.951122 196.543
200.954122 201.936
200.961129 201.159
200.964121 196.665
200.971126 193.61
200.974049 192.096
200.981126 191.254
200.984126 196.543
200.991045 200.25
200.994173 194.263
201.001177 197.952
201.004111 200.385
201.011172 200.385
201.014165 196.665
201.023191 201.159
201.026176 193.507
201.031166 196.329
201.034166 199.482
201.041171 198.977
201.044116 193.61
201.051176 192.961
201.054173 192.852
201.061176 192.003
201.064181 199.612
201.071170 202.714
201.074164 194.371
201.081173 197.307
201.084168 208.038
201.091118 200.891
201.097175 197.084
201.099110 201.792
201.106114 197.841
201.109175 192.666
201.116175 199.612
201.119166 197.57
201.126172 192.096
201.129170 193.61
201.136176 195.256
201.139241 197.57
201.146175 195.898
201.149172 196.163
201.156159 201.936
201.159165 200.25
201.166160 196.431
201.169171 195.78
201.176174 197.952
201.179174 193.414
201.186168 192.961
201.189176 198.073
201.196176 194.371
201.199166 197.434
201.206051 199.123
201.209169 198.204
201.216170 198.842
201.219165 197.57
201.226170 197.307
201.229091 199.482
201.236174 203.342
201.239167 198.842
201.246178 193.507
201.249186 199.612
201.256198 199.123
201.259169 191.442
201.266185 194.489
201.269170 198.497
201.276176 190.79
201.279114 197.434
201.286186 205.412
201.289176 197.57
201.296172 195.78
201.299176 200.385
201.306169 201.792
201.310169 193.414
201.317175 195.78
201.320152 194.263
201.327169 194.371
201.330169 191.552
201.337173 193.724
201.339167 195.898
201.346171 197.307
201.349185 196.665
201.356184 198.204
201.359164 195.256
201.366174 193.61
201.369165 195.78
201.376179 201.534
201.379168 195.673
201.386178 193.507
201.389175 195.898
201.396177 196.026
201.399118 194.371
201.406175 196.797
201.409177 196.026
201.416172 194.371
201.419059 195.021
201.426140 199.752
201.429127 198.073
201.436138 196.431
201.439120 199.482
201.446130 199.361
201.449134 199.251
201.456130 197.952
201.459120 194.263
201.466105 193.507
201.469081 198.073
201.476127 195.256
201.479126 190.79
201.486076 198.073
201.489124 199.752
201.496144 195.021
201.499122 197.19
201.506129 202.714
201.509127 202.566
201.516053 196.543
201.519131 197.307
201.526128 197.307
201.529127 195.133
201.536135 196.543
201.539117 196.543
201.546129 198.073
201.549129 196.026
201.556130 200.529
201.559112 201.792
201.566132 200.25
201.569067 201.792
201.576123 197.19
201.579037 200.385
201.586127 197.952
201.589134 195.78
201.596128 197.841
201.599119 201.658
201.606127 201.792
201.609122 200.25
201.616119 198.716
201.619121 194.263
201.626128 198.6
201.629124 205.244
201.636134 202.943
201.639123 202.181
201.646134 198.6
201.649074 200.891
201.657091 197.952
201.660138 198.073
201.667131 201.936
201.670132 202.089
201.677139 196.431
201.679123 197.952
201.686134 205.38
201.689131 200.25
201.696133 198.842
201.699122 198.977
201.706133 197.952
201.709137 201.792
201.716133 198.346
201.719283 193.724
201.726127 195.133
201.729135 199.752
201.736128 198.204
201.739121 200.25
201.746134 201.159
201.749126 197.434
201.756132 194.263
201.759122 201.159
201.766069 203.494
201.769069 195.78
201.776134 197.084
201.779121 202.566
201.786124 197.307
201.789133 197.952
201.796088 197.307
201.799070 201.936
201.806130 197.434
201.815128 195.898
201.816125 196.665
201.821062 194.489
201.827133 192.315
201.831131 192.961
201.837136 201.308
201.841062 196.665
201.847178 190.591
201.851173 198.842
201.857179 202.872
201.861178 194.371
201.867177 197.307
201.871177 201.792
201.877180 197.952
201.881178 193.61
201.887178 201.02
201.891170 198.977
201.897182 194.263
201.900181 193.414
201.907177 201.658
201.913181 199.482
201.916185 199.482
201.919170 198.204
201.926174 196.665
201.929145 195.78
201.936110 197.952
201.939175 196.543
201.946179 198.842
201.949181 194.489
201.956177 192.2
201.959149 196.665
201.966183 198.977
201.969172 197.57
201.976298 199.612
201.979171 199.752
201.986175 198.842
201.989184 198.204
201.996120 198.073
201.999175 199.482
202.006157 198.716
202.009089 195.021
202.016078 195.021
202.019184 199.612
202.026179 196.797
202.029175 191.442
202.036178 198.204
202.039172 202.714
202.046183 198.6
202.049176 198.6
202.056199 203.199
202.066180 195.898
202.070157 194.371
202.071171 197.307
202.082180 195.898
202.085170 194.263
202.086160 193.61
202.091177 199.752
202.097195 197.57
202.101122 193.848
202.107184 202.089
202.111179 200.529
202.117181 197.434
202.121177 198.204
202.127122 195.898
202.131179 197.434
202.138186 198.977
202.142184 199.612
202.148185 195.021
202.152184 198.073
202.158184 200.25
202.162181 203.342
202.167175 200.529
202.171187 198.346
202.177184 198.716
202.183179 202.428
202.186182 202.714
202.189173 192.852
202.196182 190.591
202.199172 198.842
202.206042 199.123
202.209055 192.2
202.216080 197.434
202.219122 200.385
202.226149 197.434
202.229132 203.199
202.236134 206.635
202.239123 204.277
202.246132 196.543
202.249131 199.482
202.256132 200.385
202.259252 195.673
202.266073 198.716
202.269137 197.19
202.276139 192.754
202.279126 195.021
202.286136 203.494
202.289129 198.073
202.296138 200.125
202.299127 207.087
202.306129 198.977
202.309184 200.125
202.316100 201.02
202.319180 197.307
202.326095 190.507
202.329185 195.021
202.336193 202.566
202.339120 193.507
202.346185 192.754
202.349183 196.665
202.356180 196.797
202.359184 198.073
202.366184 200.385
202.369186 196.797
202.376091 196.665
202.379155 198.073
202.386181 198.716
202.389183 197.307
202.396177 192.754
202.399161 190.507
202.406180 200.891
202.409182 204.12
202.416179 195.021
202.419174 193.61
202.426157 204.277
202.429120 198.977
202.436187 197.307
202.439172 201.02
202.446182 194.371
202.449195 193.507
202.456186 194.489
202.459175 195.78
202.466183 197.19
202.469185 203.342
202.476181 200.385
202.479198 196.665
202.486180 201.308
202.489183 195.898
202.496181 195.133
202.499185 198.977
202.506184 204.277
202.512051 196.543
202.514128 195.133
202.521130 199.752
202.524139 198.073
202.531138 197.19
202.534134 198.842
202.541133 198.716
202.544090 199.482
202.551137 202.089
202.554134 198.842
202.561133 198.842
202.566133 201.159
202.569130 197.19
202.576135 199.482
202.580134 202.714
202.586133 193.724
202.589131 192.315
202.596135 199.123
202.599126 197.434
202.606139 204.749
202.609136 204.749
202.616041 198.204
202.619174 194.918
202.626196 199.361
202.631179 203.973
202.634178 198.716
202.641184 199.482
202.644347 199.612
202.651181 193.61
202.654185 198.842
202.661180 200.684
202.664084 195.389
202.671186 195.256
202.674179 197.434
202.681078 198.073
202.685180 198.716
202.692185 199.612
202.695185 200.25
202.702185 200.25
202.705186 196.665
202.712194 200.529
202.714126 200.385
202.721181 195.898
202.724127 193.724
202.731193 195.898
202.734180 199.482
202.741192 198.716
202.744189 195.673
202.751177 196.431
202.754181 195.78
202.761126 198.716
202.764185 200.25
202.771186 197.952
202.774184 193.61
202.781124 197.952
202.784179 195.78
202.791179 197.952
202.794119 193.507
202.801180 192.003
202.804125 197.434
202.811191 199.752
202.814183 193.61
202.821184 194.371
202.824069 199.612
202.831185 195.021
202.834181 195.78
202.841051 198.716
202.844150 197.19
202.851133 198.716
202.854131 199.482
202.861145 195.673
202.864136 195.576
202.871094 192.754
202.874132 197.19
202.881142 201.792
202.884133 196.026
202.891139 194.263
202.894140 201.02
202.901135 202.566
202.904144 196.543
202.911076 200.25
202.914139 196.543
202.921139 195.021
202.924444 197.57
202.931081 196.026
202.934125 190.686
202.941029 198.204
202.944022 197.874
202.951142 193.848
202.954135 196.311
202.961186 198.346
202.964146 195.256
202.971132 196.543
202.974135 199.612
202.981142 197.434
202.984134 195.78
202.991071 197.19
202.994133 202.714
203.001134 201.936
203.004085 197.307
203.011138 202.428
203.014138 204.12
203.021148 201.792
203.024140 196.665
203.031305 199.123
203.034138 199.752
203.041141 197.952
203.044084 201.936
203.051140 201.936
203.054140 194.263
203.061136 195.021
203.067141 196.026
203.072140 195.898
203.078112 197.434
203.081093 204.12
203.087185 201.159
203.091172 202.872
203.097199 200.062
203.101191 200.529
203.107189 201.159
203.111194 198.073
203.117185 198.842
203.121185 195.133
203.129177 195.133
203.132126 195.898
203.139189 196.543
203.142183 202.089
203.144097 203.494
203.151192 196.665
203.155185 201.02
203.162199 206.635
203.165187 201.02
203.172188 197.952
203.175120 201.02
203.181124 196.543
203.184181 197.19
203.191189 198.842
203.194189 195.256
203.201176 196.026
203.207488 201.308
203.209295 200.529
203.216191 199.612
203.219181 195.898
203.226135 196.431
203.229183 197.952
203.236198 199.482
203.239170 195.673
203.246170 195.673
203.249172 197.307
203.256188 195.78
203.259121 193.61
203.266187 198.073
203.269189 198.204
203.276134 195.78
203.279164 195.898
203.286192 201.159
203.289181 197.307
203.296186 199.482
203.299158 198.073
203.308187 193.507
203.311181 198.716
203.316315 201.792
203.319178 195.021
203.326080 192.754
203.329188 196.665
203.336188 195.133
203.346192 195.78
203.350195 198.977
203.351183 199.752
203.362195 195.673
203.365182 196.543
203.366182 201.308
203.371184 198.073
203.374182 192.852
203.381189 196.026
203.384184 194.165
203.391182 189.763
203.394191 197.952
203.400191 196.543
203.404192 194.918
203.411192 201.42
203.414102 199.361
203.421186 196.329
203.424199 198.399
203.431182 197.952
203.437184 200.771
203.441200 197.841
203.444184 197.19
203.451193 195.78
203.454056 196.543
203.460152 194.918
203.464142 193.507
203.470147 200.385
203.474143 197.434
203.481149 196.797
203.484143 197.874
203.492144 197.717
203.495133 192.315
203.502142 198.204
203.505147 196.797
203.512144 194.263
203.514113 202.566
203.520146 201.467
203.524143 195.78
203.531139 195.673
203.537139 203.199
203.539131 199.361
203.545143 195.576
203.549146 200.891
203.556143 195.673
203.561138 196.431
203.564144 201.02
203.571141 201.792
203.574141 195.021
203.581133 197.952
203.584098 198.204
203.591136 196.797
203.594140 196.543
203.601146 198.204
203.604133 201.792
203.610147 198.073
203.614133 196.543
203.620140 203.657
203.624146 196.665
203.631092 193.61
203.634133 197.434
203.640152 203.494
203.644140 195.673
203.650110 199.482
203.654141 201.792
203.660145 192.754
203.664079 195.673
203.673141 201.159
203.676082 199.482
203.680154 196.329
203.684142 198.716
203.693147 195.78
203.696137 193.507
203.700141 199.612
203.704140 199.752
203.710146 197.434
203.714136 197.307
203.721139 200.529
203.724141 195.78
203.731141 193.61
203.734053 199.752
203.740101 198.204
203.744096 193.61
203.750142 195.898
203.754145 195.133
203.763180 200.25
203.766145 198.073
203.771140 197.307
203.774143 199.482
203.780085 195.133
203.784143 193.08
203.790144 197.434
203.794138 193.61
203.800150 197.307
203.804143 201.936
203.810142 200.529
203.814136 195.898
203.820344 198.204
203.824151 197.307
203.830141 197.952
203.834140 195.673
203.840143 200.25
203.844143 198.716
203.850149 195.576
203.855145 201.02
203.862146 199.482
203.865181 194.371
203.872139 202.566
203.875136 201.159
203.880192 194.263
203.884148 201.308
203.891141 197.434
203.894088 195.133
203.900142 201.02
203.907140 198.073
203.910145 198.204
203.914153 202.089
203.920145 196.939
203.924145 196.665
203.930144 196.163
203.934138 198.497
203.940151 201.159
203.947140 198.073
203.950144 201.308
203.957145 198.073
203.960149 196.163
203.964083 202.425
203.970145 199.612
203.974097 194.371
203.980144 199.752
203.984144 198.346
203.990145 192.315
203.994146 194.618
204.000148 194.756
204.004079 199.279
204.010143 199.612
204.014071 194.618
204.020144 198.842
204.024096 197.19
204.030058 203.199
204.034197 204.749
204.040192 196.431
204.044188 200.661
204.050198 201.42
204.054069 199.251
204.060148 198.494
204.064136 199.482
204.070142 196.543
204.074099 195.133
204.080085 198.073
204.084144 199.752
204.090143 198.204
204.094156 192.315
204.100153 195.389
204.104058 193.848
204.110144 191.672
204.114185 198.346
204.120147 196.797
204.124143 196.665
204.130165 196.026
204.134141 197.717
204.140144 202.252
204.144143 198.204
204.150142 199.482
204.154143 197.952
204.160140 192.852
204.164147 195.673
204.170143 198.716
204.174147 194.918
204.180148 191.919
204.187143 197.434
204.190139 198.842
204.194137 193.61
204.200145 195.256
204.204142 198.497
204.210083 195.256
204.214137 195.898
204.220148 196.665
204.224151 193.724
204.230146 197.307
204.234142 200.684
204.242154 199.612
204.245151 192.096
204.252152 196.543
204.255138 197.19
204.262093 196.329
204.265154 200.891
204.270146 202.428
204.274146 196.543
204.280149 197.19
204.284147 201.159
204.290158 200.385
204.294149 196.543
204.300148 201.159
204.304149 199.123
204.310147 196.797
204.314147 195.898
204.320148 201.159
204.324147 197.434
204.330147 192.852
204.334143 196.665
204.340151 201.02
204.344148 199.612
204.350146 198.842
204.354149 201.792
204.360151 204.749
204.364148 200.25
204.370147 197.19
204.374147 198.842
204.380148 198.073
204.384082 196.026
204.390092 196.797
204.397195 196.797
204.399189 198.977
204.405192 202.872
204.409197 201.636
204.415198 198.346
204.419195 196.026
204.425191 198.977
204.429205 198.842
204.435190 198.842
204.439194 198.842
204.445138 194.263
204.449196 195.021
204.455193 198.6
204.459187 200.01
204.465217 203.066
204.469196 198.6
204.475188 194.165
204.479079 200.25
204.485156 203.494
204.489146 198.073
204.495137 195.78
204.499147 194.489
204.505156 193.08
204.509145 192.315
204.515145 194.489
204.519140 198.204
204.525144 196.665
204.529144 192.961
204.535138 198.842
204.539138 203.494
204.545140 201.792
204.549152 199.612
204.555141 201.02
204.559146 199.361
204.565075 199.361
204.569138 195.021
204.575151 196.543
204.579143 196.665
204.585145 192.2
204.589088 192.315
204.595067 196.665
204.599075 198.346
204.607151 199.612
204.610084 198.842
204.617142 204.12
204.626153 201.02
204.630147 196.431
204.631134 199.361
204.642098 197.952
204.645198 196.797
204.646130 200.529
204.652197 196.026
204.655190 199.612
204.660196 196.665
204.664197 195.133
204.670199 199.612
204.674197 200.25
204.680098 198.842
204.684197 198.073
204.690193 203.494
204.694192 199.612
204.700197 195.78
204.704208 201.159
204.710208 202.252
204.714199 195.256
204.720199 191.442
204.724196 196.797
204.730193 192.2
204.734198 197.434
204.740207 201.467
204.744195 197.434
204.750150 201.308
204.754192 201.308
204.760199 197.434
204.764162 200.385
204.770194 194.263
204.774189 194.918
204.780198 198.842
204.784197 198.977
204.790197 193.08
204.794196 194.489
204.800192 196.665
204.804114 206.635
204.810195 202.872
204.814194 200.385
204.820196 201.792
204.824198 200.529
204.830194 195.898
204.834141 195.898
204.840198 196.797
204.844197 194.371
204.853145 194.371
204.856200 202.089
204.860199 199.902
204.864197 194.263
204.870194 199.482
204.874192 207.711
204.880202 204.475
204.884196 201.534
204.890197 200.125
204.894196 194.165
204.900206 196.431
204.904205 202.428
204.910199 198.073
204.914191 196.543
204.920205 194.918
204.924198 197.19
204.930198 202.714
204.934196 200.529
204.940203 195.898
204.944196 198.842
204.950139 197.57
204.954199 197.434
204.960200 196.939
204.964198 199.279
204.970139 191.672
204.974198 190.79
204.980198 196.665
204.984199 204.12
204.990192 197.952
204.994175 194.263
205.000187 198.716
205.004044 204.12
205.010160 200.25
205.014090 197.19
205.020093 203.836
205.024148 201.792
205.030157 197.952
205.034152 195.78
205.040151 196.026
205.044156 193.61
205.050152 192.003
205.054153 201.02
205.060156 200.529
205.064078 192.961
205.070153 193.848
205.074152 201.636
205.080153 195.256
205.084163 190.686
205.090152 198.204
205.094148 200.529
205.100152 195.021
205.104084 194.263
205.110142 202.566
205.114151 199.361
205.120153 195.576
205.124093 201.534
205.130153 201.792
205.134152 196.543
205.140158 192.754
205.144152 195.021
205.150152 197.307
205.154148 198.204
205.160157 193.61
205.164152 195.78
205.170152 200.385
205.174147 196.026
205.180162 196.543
205.184093 200.529
205.190153 197.57
205.194152 195.256
205.200158 197.434
205.204085 199.902
205.210151 196.163
205.214157 196.665
205.220151 199.612
205.224152 201.02
205.230152 200.125
205.234115 197.084
205.240150 199.151
205.244107 199.361
205.250152 198.494
205.254156 197.084
205.260150 202.299
205.264155 197.952
205.270147 196.543
205.274147 200.385
205.280156 201.159
205.284146 196.797
205.290151 197.307
205.294151 198.073
205.300078 200.385
205.304205 194.489
205.310200 197.57
205.314193 198.346
205.320204 196.939
205.324206 195.133
205.330183 199.752
205.334219 200.232
205.340217 194.756
205.344211 196.163
205.350196 201.308
205.354204 197.434
205.360201 199.482
205.364209 199.612
205.370200 198.6
205.374200 195.673
205.380196 194.826
205.384209 197.19
205.390195 201.02
205.394203 198.073
205.400198 198.073
205.404198 198.716
205.410198 198.204
205.417200 201.308
205.420202 198.073
205.424201 197.307
205.430206 200.25
205.434196 198.204
205.440200 195.898
205.444208 195.898
205.450149 194.618
205.454198 192.961
205.460207 193.08
205.464205 198.658
205.470197 199.123
205.474201 195.898
205.480206 196.543
205.484201 198.073
205.490201 196.543
205.494202 199.361
205.500201 195.021
205.504183 194.826
205.510218 195.489
205.514201 197.841
205.522202 202.428
205.525193 198.073
205.532196 195.78
205.535155 197.19
205.542205 194.371
205.545191 197.307
205.550132 197.307
205.554191 193.61
205.560199 193.61
205.564198 197.57
205.570199 196.163
205.574202 192.961
205.580202 192.096
205.584201 195.898
205.590202 195.389
205.594200 198.658
205.600202 195.533
205.604242 197.57
205.610212 199.279
205.614200 200.848
205.620204 202.425
205.624210 198.204
205.630199 197.434
205.634195 198.073
205.640203 198.204
205.644214 198.977
205.650241 193.724
205.654197 194.918
205.660198 198.204
205.664200 200.385
205.670202 198.073
205.674205 197.952
205.680201 201.534
205.684205 203.199
205.690200 204.749
205.694195 202.566
205.700205 198.716
205.704203 193.724
205.710204 199.752
205.714194 199.902
205.720198 199.123
205.724202 197.434
205.730202 195.133
205.734205 197.57
205.740197 200.684
205.744189 203.657
205.750200 198.842
205.754199 193.848
205.760148 192.961
205.764203 196.543
205.770198 200.25
205.774213 198.842
205.780203 195.021
205.784145 196.431
205.790197 195.78
205.794198 198.716
205.800201 197.952
205.804205 200.25
205.810200 198.716
205.814197 199.482
205.820216 196.543
205.824203 198.716
205.830205 202.566
205.834207 203.973
205.840202 197.307
205.844201 197.952
205.850104 200.891
205.854198 198.6
205.860201 198.399
205.864185 197.19
205.870201 196.543
205.874203 196.797
205.881200 199.752
205.885141 203.828
205.892210 200.529
205.895194 195.389
205.904210 196.939
205.908204 195.686
205.912127 197.717
205.921207 199.444
205.925069 194.126
205.926198 196.939
205.932144 196.026
205.935213 197.57
205.940204 206.022
205.944202 200.848
205.950204 196.665
205.954209 201.792
205.960210 195.673
205.964205 199.482
205.970200 204.749
205.974200 197.952
205.980211 197.19
205.984205 196.543
205.990206 197.084
205.994207 195.576
206.000203 197.841
206.004144 194.918
206.010202 194.263
206.014201 198.977
206.020217 202.089
206.024205 198.842
206.030205 196.543
206.037202 196.665
206.040204 195.898
206.044204 196.026
206.050208 197.717
206.054202 193.08
206.060197 192.2
206.064206 196.665
206.070213 199.902
206.074149 197.57
206.080170 196.665
206.084206 205.232
206.090201 200.684
206.094154 198.073
206.100206 199.612
206.104204 199.752
206.110204 195.673
206.114198 195.898
206.120140 198.204
206.124207 192.852
206.130199 194.918
206.134197 201.02
206.140144 201.02
206.144204 198.6
206.150206 200.125
206.154200 203.836
206.160206 196.329
206.164146 199.361
206.170118 200.385
206.174202 196.543
206.180203 196.665
206.184216 198.497
206.190201 194.489
206.194198 193.21
206.200148 195.256
206.204204 194.489
206.210200 193.61
206.214196 195.898
206.220214 201.308
206.224202 196.665
206.230223 193.507
206.234200 201.02
206.242205 202.714
206.245195 200.385
206.252205 197.307
206.255199 197.19
206.262151 196.543
206.264202 191.343
206.270181 192.666
206.274197 198.073
206.280205 198.842
206.284204 191.254
206.290209 197.952
206.294199 204.277
206.300081 200.25
206.304221 200.01
206.310205 201.658
206.314215 197.952
206.320209 195.576
206.324208 196.543
206.330218 198.073
206.334203 195.021
206.340203 193.61
206.344207 196.665
206.350202 198.204
206.354215 200.385
206.360208 198.073
206.364206 198.073
206.370267 202.714
206.374190 198.842
206.380126 194.263
206.384204 198.842
206.390206 195.133
206.394209 191.442
206.400149 196.026
206.404111 194.489
206.410203 192.961
206.414206 197.57
206.420202 198.842
206.424216 198.073
206.430207 201.02
206.434199 197.952
206.440212 197.19
206.444144 200.125
206.450145 197.19
206.454209 196.431
206.460209 194.263
206.464208 193.61
206.470204 194.371
206.474147 194.263
206.480206 192.852
206.484210 199.482
206.490205 200.385
206.494215 197.434
206.500201 199.612
206.504148 198.073
206.510209 195.78
206.514125 195.898
206.520146 196.665
206.524208 196.543
206.530207 195.021
206.534205 199.612
206.540221 198.073
206.544206 194.371
206.550159 196.543
206.554197 199.123
206.560216 196.939
206.564165 197.717
206.570210 197.57
206.574208 200.062
206.580133 200.529
206.584147 199.482
206.590145 199.752
206.594202 199.279
206.600206 195.389
206.605202 197.57
206.612215 196.797
206.615062 198.977
206.622210 198.977
206.625205 200.684
206.630209 202.089
206.634207 195.898
206.640210 193.331
206.644208 206.306
206.650209 205.38
206.654209 197.307
206.660207 199.752
206.664210 195.898
206.670210 198.842
206.674209 200.684
206.680210 198.497
206.687247 193.21
206.690215 195.533
206.697201 197.57
206.700209 198.346
206.704209 199.279
206.710209 202.252
206.714210 200.684
206.720209 198.073
206.724210 203.657
206.730204 201.936
206.734204 201.02
206.740208 198.842
206.744212 198.073
206.750204 197.307
206.754216 194.263
206.760213 197.19
206.764211 199.482
206.770149 200.25
206.774205 202.566
206.780206 201.308
206.784217 200.385
206.790206 197.434
206.794210 203.657
206.800173 198.977
206.804210 190.79
206.810205 195.898
206.814208 198.497
206.820149 199.752
206.824156 197.434
206.830213 198.204
206.834210 202.566
206.840205 201.02
206.844211 203.342
206.850156 202.428
206.855219 194.263
206.862211 199.251
206.865201 197.19
206.872153 196.543
206.875149 195.133
206.882210 193.507
206.884204 195.78
206.890204 201.02
206.894202 195.898
206.900209 201.658
206.904211 202.566
206.910212 199.612
206.914203 195.021
206.920211 196.431
206.924211 195.021
206.930211 196.665
206.934209 195.389
206.940218 191.672
206.944214 193.848
206.950206 198.073
206.954208 194.371
206.960210 196.665
206.964208 200.385
206.971205 195.78
206.975208 198.494
206.979212 199.482
206.985208 200.125
206.989144 197.19
206.995220 196.543
206.999205 193.507
207.005205 193.414
207.009204 193.724
207.015199 196.543
207.019199 196.543
207.025207 199.612
207.029199 201.792
207.036223 197.434
207.041209 199.752
207.045207 196.665
207.049210 198.842
207.055146 201.792
207.059221 197.307
207.065218 192.754
207.069211 194.263
207.075203 193.61
207.079206 193.61
207.085206 199.123
207.089219 199.752
207.095205 196.665
207.099155 200.385
207.105209 202.714
207.109207 202.566
207.115209 202.299
207.119212 198.716
207.125220 196.543
207.129153 196.543
207.135209 198.204
207.139234 199.902
207.145213 197.57
207.149198 196.163
207.155187 198.658
207.159208 198.497
207.165212 198.204
207.169211 199.482
207.176214 200.529
207.186213 199.123
207.190205 196.431
207.191203 198.073
207.202207 201.658
207.205204 198.073
207.206145 195.898
207.210216 199.482
207.217168 198.716
207.220211 199.752
207.224213 195.389
207.230219 196.163
207.234210 196.163
207.240210 195.133
207.244217 196.543
207.250211 202.566
207.254170 198.204
207.260217 192.852
207.264208 195.021
207.270205 194.371
207.274206 195.898
207.280206 195.133
207.284210 196.026
207.291205 197.717
207.295205 199.279
207.302205 197.57
207.305212 202.566
207.312210 203.342
207.315203 197.307
207.320211 193.507
207.324211 197.434
207.330211 197.19
207.334215 194.918
207.340149 198.073
207.344218 197.434
207.350208 193.61
207.354213 198.977
207.360211 200.529
207.364214 197.57
207.370210 196.665
207.374204 194.489
207.380213 198.073
207.384212 195.898
207.390312 195.78
207.394210 196.665
207.400211 195.898
207.404210 191.442
207.413183 196.026
207.416135 200.529
207.420215 195.256
207.424214 197.307
207.433217 197.952
207.436218 199.361
207.440224 200.25
207.444212 197.19
207.450206 195.576
207.454208 200.01
207.460213 200.891
207.464216 197.307
207.470211 201.02
207.474208 195.78
207.480170 195.673
207.484212 198.842
207.490198 203.657
207.494215 196.543
207.500223 190.591
207.504153 196.543
207.510211 195.256
207.514209 193.848
207.520148 194.618
207.524221 193.61
207.530212 195.133
207.534216 196.797
207.540211 198.497
207.544214 196.797
207.550219 194.371
207.554207 196.797
207.560153 197.434
207.564212 198.204
207.570208 197.57
207.574146 194.489
207.580213 195.898
207.584211 201.308
207.590211 197.434
207.594209 195.898
207.600214 195.78
207.604214 196.939
207.610214 198.346
207.614212 193.848
207.620209 198.204
207.624138 200.385
207.633210 199.482
207.636213 200.385
207.640079 196.797
207.644216 193.724
207.650211 190.686
207.654224 196.543
207.660211 196.026
207.664215 194.489
207.670208 188.621
207.674215 195.389
207.680217 197.57
207.684212 196.665
207.690208 201.02
207.694204 201.159
207.700212 196.431
207.704216 195.673
207.710216 197.19
207.714207 199.482
207.720215 194.918
207.724190 195.78
207.730215 201.792
207.734209 195.256
207.740225 192.961
207.744157 196.026
207.750212 194.618
207.754212 193.724
207.760212 197.57
207.764215 198.658
207.770211 194.489
207.774207 193.507
207.780119 194.371
207.784216 201.936
207.790208 198.977
207.794224 193.21
207.800214 199.902
207.804212 204.01
207.810218 197.434
207.814212 195.133
207.820212 199.612
207.824211 195.133
207.830058 192.754
207.834212 192.2
207.840165 195.78
207.847213 194.263
207.850207 198.494
207.854209 198.494
207.860163 201.658
207.864214 200.125
207.870214 196.329
207.874174 195.021
207.880216 201.658
207.884214 195.021
207.890210 192.754
207.894213 197.57
207.900194 195.389
207.904217 187.211
207.910213 193.08
207.914211 194.618
207.920217 192.315
207.924212 193.982
207.930211 196.163
207.934210 191.943
207.940216 200.062
207.944215 196.163
207.950210 197.434
207.954211 201.308
207.960215 195.898
207.964218 193.61
207.970214 198.204
207.974204 199.752
207.980218 197.307
207.984210 196.543
207.990216 199.612
207.994206 198.842
208.000215 198.204
208.004151 201.936
208.010213 201.159
208.014213 196.665
208.020218 198.977
208.024263 197.57
208.030218 197.57
208.034216 195.533
208.040216 192.44
208.044226 196.797
208.050211 196.939
208.054209 196.665
208.060216 195.133
208.064215 195.256
208.070214 201.159
208.074210 203.342
208.080213 200.385
208.084217 192.852
208.090212 197.434
208.094209 201.02
208.100229 197.19
208.104217 198.842
208.110302 196.163
208.114206 189.275
208.120216 192.2
208.124214 194.905
208.130210 193.848
208.137211 194.618
208.140132 198.497
208.144156 196.939
208.150222 196.665
208.154217 196.939
208.160215 202.089
208.164194 199.752
208.170219 198.204
208.174209 196.797
208.180157 198.204
208.184217 196.665
208.190213 198.204
208.194227 201.02
208.201217 198.716
208.205207 201.159
208.212213 203.494
208.215208 197.434
208.222217 198.073
208.225215 199.902
208.230159 201.159
208.234212 194.618
208.240223 195.533
208.244083 194.756
208.250169 194.489
208.254164 197.57
208.260175 201.467
208.264170 201.467
208.270168 199.752
208.274120 199.123
208.280168 198.346
208.284184 200.529
208.290170 203.342
208.294168 203.199
208.300169 201.936
208.304161 199.612
208.310171 198.346
208.314158 202.089
208.320167 199.752
208.324122 195.133
208.330165 192.961
208.334173 192.096
208.340120 194.618
208.344226 198.204
208.350228 196.939
208.354215 196.797
208.360217 198.204
208.364219 200.385
208.370225 203.199
208.374213 203.342
208.380220 201.792
208.384218 198.073
208.390218 197.084
208.394210 197.084
208.400228 198.6
208.404218 197.841
208.410218 194.371
208.414217 196.026
208.423211 193.724
208.426213 197.434
208.430221 200.529
208.437217 196.665
208.439212 195.021
208.445213 195.133
208.449212 198.842
208.456113 198.073
208.466221 195.133
208.470225 196.026
208.471209 195.256
208.482226 194.489
208.485219 199.279
208.486212 202.425
208.490212 196.026
208.494139 192.852
208.500222 198.842
208.504221 201.792
208.510224 195.673
208.514222 195.673
208.520217 199.482
208.524223 198.073
208.530162 197.952
208.534142 201.936
208.540234 202.872
208.544221 197.434
208.550222 195.133
208.554218 200.062
208.560203 199.444
208.564171 192.44
208.570223 195.533
208.577226 196.797
208.580218 192.852
208.585222 194.263
208.591213 196.797
208.595221 193.848
208.601218 193.61
208.605222 195.133
208.610220 199.612
208.614217 198.204
208.620218 200.385
208.624221 197.434
208.630215 198.073
208.634224 195.78
208.640220 198.842
208.644218 200.385
208.650168 194.263
208.654213 188.43
208.660215 195.133
208.664229 195.256
208.670218 195.389
208.674216 198.073
208.680144 193.08
208.684222 198.073
208.690216 196.163
208.694232 199.123
208.700217 199.902
208.704232 196.163
208.710220 190.906
208.714212 193.982
208.720113 197.717
208.724219 199.752
208.730215 198.073
208.737221 194.489
208.740215 198.204
208.744161 199.902
208.750218 198.204
208.754216 199.752
208.760218 200.385
208.764220 200.125
208.770217 201.02
208.774212 202.714
208.780221 199.482
208.784219 198.073
208.790219 199.752
208.794217 193.08
208.800221 192.2
208.804221 194.371
208.810220 196.026
208.814223 197.57
208.820220 196.797
208.824222 199.123
208.830218 200.385
208.834222 200.385
208.840218 200.25
208.844205 194.263
208.850222 194.263
208.854214 198.346
208.860220 197.57
208.864222 192.2
208.870217 189.275
208.874091 191.552
208.880174 198.204
208.884172 201.308
208.890176 200.684
208.897179 196.797
208.899165 195.898
208.905174 198.842
208.909170 197.434
208.915170 193.08
208.919172 192.315
208.925174 193.982
208.929174 198.497
208.935170 196.026
208.939171 196.939
208.945178 198.204
208.949174 198.977
208.955121 200.529
208.959173 199.752
208.965170 198.977
208.969158 198.842
208.975173 198.977
208.979115 196.543
208.985189 195.78
208.989171 197.434
208.995171 197.434
208.999175 196.797
209.005174 197.57
209.009170 198.204
209.015168 198.497
209.019170 201.467
209.025176 201.02
209.029135 201.159
209.036228 198.977
209.040226 195.021
209.044220 195.78
209.050219 190.79
209.054214 192.961
209.060224 196.543
209.064222 196.665
209.070222 194.618
209.074172 193.724
209.081221 196.665
209.086217 197.717
209.090224 196.665
209.096190 197.307
209.100223 196.665
209.105217 195.78
209.112219 194.263
209.115213 195.78
209.119220 193.61
209.125155 195.133
209.129226 194.263
209.135212 193.08
209.139224 198.346
209.145224 197.717
209.149219 202.089
209.155219 197.717
209.159162 195.389
209.165221 199.902
209.169213 199.752
209.175217 196.665
209.179213 197.434
209.185220 192.961
209.189216 192.096
209.195223 199.612
209.199215 200.848
209.205219 195.389
209.209222 198.204
209.215142 202.872
209.219178 200.385
209.225224 197.307
209.229227 207.251
209.235223 202.714
209.239218 194.263
209.245216 196.329
209.249221 195.78
209.255222 194.489
209.259171 191.552
209.265159 187.864
209.269215 194.618
209.275224 201.022
209.282226 199.62
209.285213 199.444
209.289217 198.658
209.295258 196.163
209.299217 199.902
209.305223 203.657
209.309222 204.12
209.315219 193.414
209.319218 192.003
209.325222 198.073
209.329231 196.163
209.335217 196.797
209.339220 196.311
209.345225 198.04
209.349224 200.848
209.355225 201.467
209.359225 204.443
209.365219 198.842
209.369223 203.199
209.375222 203.066
209.379225 192.666
209.385219 192.096
209.389384 195.021
209.395228 195.133
209.399221 195.256
209.405201 192.44
209.409216 193.724
209.415223 204.9
209.420221 205.061
209.426217 202.714
209.430223 202.872
209.436230 200.529
209.440162 203.199
209.446230 201.534
209.449231 198.716
209.455200 192.961
209.459219 191.552
209.465228 193.08
209.469221 192.44
209.475219 196.469
209.479214 198.829
209.485227 200.062
209.489224 203.828
209.495225 204.619
209.499214 199.279
209.505638 198.073
209.509229 197.307
209.515224 196.329
209.519226 196.329
209.525221 195.673
209.529328 195.021
209.535226 198.716
209.539225 202.428
209.545238 198.842
209.549218 198.842
209.555222 203.342
209.559219 201.159
209.565224 199.752
209.569216 199.752
209.575166 197.307
209.579220 194.263
209.585230 196.665
209.589226 193.848
209.595220 190.906
209.599220 198.346
209.605222 198.829
209.609220 194.126
209.615231 198.658
209.619226 201.814
209.625233 198.829
209.629218 195.533
209.635218 194.756
209.639222 200.848
209.648231 198.497
209.651225 193.08
209.655226 193.08
209.659225 195.256
209.665153 195.133
209.669218 194.371
209.675226 198.073
209.679224 196.543
209.686222 194.165
209.690200 200.125
209.696229 202.566
209.700229 197.74
209.706225 193.197
209.710216 195.412
209.715233 188.905
209.719222 189.636
209.725227 195.576
209.729226 193.414
209.736224 191.254
209.746222 193.507
209.750225 195.898
209.751218 196.163
209.763222 195.256
209.766220 194.618
209.767217 197.57
209.772225 196.163
209.775215 192.315
209.779222 193.08
209.785224 198.204
209.789222 195.256
209.795223 190.686
209.799225 192.096
209.805224 197.307
209.809233 196.543
209.815230 194.263
209.819226 194.371
209.825123 196.665
209.829222 194.918
209.835176 196.329
209.839238 196.329
209.845227 194.918
209.849321 196.156
209.855219 192.666
209.859221 195.78
209.865226 198.842
209.869228 198.977
209.875228 196.797
209.879221 193.982
209.885229 191.943
209.889227 193.349
209.895228 197.717
209.899221 197.717
209.905223 193.724
209.909227 189.932
209.915215 190.906
209.919221 196.797
209.925173 192.852
209.929223 194.371
209.935242 198.977
209.939228 195.133
209.945223 195.021
209.949169 201.02
209.955219 202.714
209.959221 193.507
209.965230 193.507
209.969221 200.385
209.975223 195.021
209.979224 192.2
209.985229 196.665
209.989227 193.724
209.995220 198.073
209.999229 198.842
210.005222 200.529
210.009231 204.12
210.015219 196.026
210.019220 196.939
210.025223 200.529
210.029227 202.252
210.035226 200.232
210.039224 194.126
210.045225 190.142
210.049228 195.898
210.055229 197.434
210.059221 194.371
210.065177 196.543
210.069227 198.977
210.075228 201.936
210.080227 202.872
210.086206 204.443
210.090223 204.01
210.096229 201.467
210.100228 200.529
210.105228 203.039
210.109227 204.619
210.115183 191.672
210.119226 193.349
210.125221 194.281
210.129225 191.672
210.135222 191.552
210.139223 192.575
210.145230 194.756
210.149223 194.756
210.155220 205.232
210.159221 205.232
210.165222 198.716
210.169220 197.19
210.175231 200.385
210.179235 202.428
210.185230 194.371
210.189234 193.724
210.195230 196.026
210.199226 198.346
210.205222 199.752
210.209144 198.497
210.215169 197.091
210.219228 191.802
210.225229 197.874
210.229096 197.874
210.235090 200.684
210.239233 199.123
210.245228 193.61
210.249230 192.315
210.255241 193.724
210.259222 197.19
210.265243 200.125
210.269230 198.204
210.275219 196.431
210.279229 202.714
210.285235 207.251
210.289230 196.543
210.295222 196.543
210.299233 200.891
210.305229 200.891
210.309227 202.943
210.318229 197.307
210.321225 196.431
210.325225 196.543
210.329228 198.204
210.335225 198.073
210.339224 195.021
210.345228 195.898
210.349239 196.797
210.355233 197.57
210.359225 196.939
210.365235 199.279
210.369230 195.533
210.375222 195.533
210.379228 197.874
210.385228 194.756
210.389226 192.44
210.395228 195.064
210.399229 199.902
210.405226 201.792
210.409231 198.6
210.415225 197.19
210.419225 200.385
210.425234 197.57
210.429229 194.263
210.435228 195.673
210.439141 198.716
210.445194 197.307
210.449232 195.133
210.455232 199.902
210.459231 197.434
210.465225 195.256
210.469206 200.684
210.475226 197.717
210.479230 193.848
210.485227 193.848
210.489180 197.254
210.495232 203.002
210.499233 195.233
210.505229 197.091
210.509180 198.842
210.515238 201.02
210.519224 202.872
210.525232 202.714
210.529230 196.797
210.535226 199.752
210.539135 199.612
210.545225 201.792
210.549234 208.492
210.555169 201.792
210.559224 197.307
210.565230 192.961
210.569232 194.618
210.575229 194.618
210.579227 191.552
210.585232 194.618
210.589232 196.311
210.595222 196.311
210.599121 198.497
210.605227 195.064
210.612229 196.797
210.614221 198.842
210.620230 202.566
210.624227 205.526
210.630235 197.19
210.634235 192.666
210.640228 192.852
210.644621 195.898
210.650240 195.576
210.654228 197.19
210.660191 201.936
210.664233 196.543
210.670231 188.43
210.674166 198.977
210.680122 204.12
210.684248 197.952
210.690234 195.576
210.694349 195.898
210.700229 196.665
210.704232 193.21
210.710247 193.08
210.714231 195.389
210.720232 195.256
210.724237 192.315
210.730226 198.204
210.734215 199.279
210.740161 194.489
210.744165 194.263
210.750225 198.716
210.754230 200.891
210.760235 199.251
210.764235 198.716
210.770226 198.073
210.774126 195.673
210.780234 197.952
210.784231 201.159
210.790228 201.02
210.794170 196.665
210.800236 197.434
210.804230 195.389
210.810231 198.497
210.814178 195.533
210.820173 192.44
210.824239 195.389
210.830234 193.21
210.834231 189.381
210.840241 192.44
210.844231 196.026
210.850250 193.61
210.854236 197.952
210.860235 202.566
210.864170 205.38
210.870163 200.891
210.874239 198.073
210.880232 197.434
210.884247 196.665
210.893111 197.307
210.896199 195.898
210.900195 196.026
210.904184 193.724
210.910185 196.797
210.914180 198.716
210.920197 198.842
210.924185 197.307
210.930130 196.163
210.934181 202.089
210.940062 196.797
210.947198 194.618
210.949186 197.874
210.954185 200.848
210.960180 196.939
210.964190 192.575
210.970186 196.939
210.974185 191.802
210.981150 197.57
210.985187 199.752
210.991126 192.961
210.995185 193.507
211.001179 193.848
211.005181 197.57
211.010132 194.489
211.024188 196.665
211.028186 195.256
211.029120 198.073
211.031178 196.026
211.042192 192.44
211.045186 190.142
211.046177 193.61
211.050128 200.385
211.054231 203.199
211.060236 194.263
211.064234 196.329
211.070190 196.797
211.074241 201.159
211.080394 199.123
211.084239 203.039
211.090239 196.163
211.094232 193.08
211.100247 198.346
211.104241 200.684
211.110229 196.163
211.114234 193.08
211.120246 200.529
211.124235 198.842
211.130220 191.343
211.134241 196.797
211.140231 198.346
211.144177 191.031
211.150105 198.658
211.154192 209.201
211.160186 197.57
211.164123 198.842
211.170181 199.752
211.174177 198.716
211.180186 203.342
211.184189 196.665
211.193181 197.19
211.196182 195.021
211.200140 195.898
211.204184 202.428
211.210188 203.494
211.214181 201.159
211.220143 198.073
211.224189 201.936
211.230058 197.307
211.237199 197.57
211.239176 196.543
211.244303 196.665
211.250246 200.385
211.254236 193.61
211.260130 195.78
211.264079 198.842
211.270062 200.848
211.274104 197.717
211.280112 193.848
211.284132 199.612
211.290182 201.159
211.294189 198.716
211.300189 198.716
211.304119 199.612
211.310186 193.61
211.314183 195.256
211.320197 201.658
211.324187 192.666
211.330184 197.19
211.334190 197.434
211.340079 192.2
211.344247 196.665
211.350238 199.752
211.354143 195.898
211.360233 198.204
211.364293 202.714
211.370113 196.939
211.374087 200.25
211.380068 197.57
211.385082 195.898
211.391082 196.431
211.395039 194.371
211.402101 197.307
211.403100 197.307
211.406094 196.543
