211.870099 201.159
211.873337 195.78
211.875353 194.263
211.879119 198.716
211.885236 198.6
211.889235 197.841
211.895180 200.891
211.899176 196.431
211.905146 195.78
211.909242 200.385
211.915237 200.529
211.919214 198.073
211.925236 195.78
211.929151 198.716
211.935239 201.02
211.939101 201.02
211.945262 194.918
211.949232 193.414
211.955247 199.482
211.959237 198.073
211.965264 195.021
211.969240 195.898
211.975236 199.902
211.979230 199.123
211.985236 198.977
211.989236 201.02
211.995102 197.084
211.999199 193.331
212.005188 197.084
212.009189 200.125
212.015191 200.891
212.019229 197.19
212.028204 196.543
212.031182 197.434
212.035190 202.089
212.039183 204.443
212.045114 197.57
212.054245 195.898
212.057238 199.612
212.059237 199.612
212.065236 201.792
212.072133 197.19
212.074236 194.077
212.079238 194.826
212.085237 200.771
212.089248 197.841
212.095239 197.19
212.099103 199.612
212.105134 198.977
212.109191 199.752
212.115191 199.612
212.119190 201.159
212.125190 195.78
212.129196 195.673
212.135180 207.087
212.139190 200.125
212.145191 195.673
212.149191 199.361
212.155187 199.361
212.159189 196.431
212.165199 199.482
212.169188 197.307
212.175122 198.073
212.179184 201.792
212.185187 202.428
212.189143 200.01
212.195189 197.084
212.199191 200.125
212.205191 200.25
212.209233 199.482
212.215194 198.977
212.219193 193.61
212.225186 192.961
212.229183 198.977
212.235186 199.482
212.239192 200.891
212.245194 200.01
212.249197 197.084
212.255186 201.02
212.259193 204.12
212.266141 198.073
212.270222 197.307
212.276201 198.073
212.280134 197.307
212.285194 197.19
212.292195 198.6
212.296142 196.237
212.312200 197.649
212.314184 199.251
212.323195 198.6
212.326195 197.19
212.327186 199.752
212.332191 194.263
212.335178 200.25
212.342197 201.658
212.345190 195.489
212.352196 196.156
212.355184 197.649
212.362189 195.489
212.365139 195.576
212.372197 201.792
212.375190 198.977
212.382195 194.489
212.385194 199.123
212.392133 202.089
212.395130 198.842
212.402195 197.952
212.404114 196.329
212.409206 199.251
212.415191 201.42
212.419190 199.251
212.425198 191.846
212.429196 195.576
212.435195 197.19
212.439187 201.159
212.445193 200.529
212.449134 196.026
212.455143 192.2
212.459135 195.898
212.465151 201.308
212.469153 198.204
212.475145 195.78
212.479147 197.307
212.485128 201.02
212.489143 198.073
212.495150 194.263
212.499143 198.073
212.505152 198.073
212.509146 198.842
212.515093 198.716
212.519116 196.431
212.525114 192.666
212.529123 194.918
212.535111 200.125
212.539114 202.566
212.545113 198.073
212.549114 197.307
212.556116 201.159
212.560090 198.977
212.564115 196.797
212.570117 199.902
212.574113 199.123
212.580117 196.665
212.584116 194.165
212.590111 198.494
212.594117 196.987
212.600115 193.259
212.604114 200.891
212.610117 201.658
212.615117 196.431
212.621108 195.021
212.625086 199.752
212.631108 198.204
212.635113 194.371
212.640119 201.02
212.644114 197.952
212.650114 194.077
212.654111 197.74
212.660117 199.361
212.664114 197.19
212.673119 196.431
212.676116 198.716
212.680117 197.307
212.684116 195.78
212.690111 199.752
212.694117 200.529
212.700114 198.073
212.704116 197.084
212.710115 200.771
212.714114 196.901
212.720115 195.412
212.724114 194.743
212.730116 197.841
212.734113 199.361
212.740120 194.918
212.744131 196.665
212.750193 202.252
212.754192 199.279
212.760142 193.724
212.764198 198.073
212.770195 201.792
212.774193 194.918
212.780195 195.576
212.784194 199.905
212.790194 196.156
212.794191 195.489
212.800199 199.361
212.807190 198.716
212.809196 198.842
212.814196 199.752
212.820105 199.123
212.824195 203.039
212.830196 204.443
212.834181 193.61
212.840144 196.543
212.844199 205.682
212.850191 197.19
212.854194 194.826
212.860196 200.891
212.867245 195.78
212.870195 196.543
212.875187 199.752
212.881192 198.346
212.885189 196.026
212.891195 198.346
212.895137 199.752
212.900194 198.346
212.904200 199.902
212.910192 199.902
212.914188 195.256
212.920193 197.57
212.927123 196.939
212.929192 196.311
212.935191 197.254
212.939112 197.426
212.945189 194.905
212.949193 195.686
212.955201 199.444
212.959191 196.939
212.965194 199.123
212.969200 202.252
212.975192 200.684
212.979192 198.497
212.985201 197.717
212.989132 196.311
212.995195 196.311
212.999195 193.349
213.006193 194.281
213.010198 196.637
213.014199 196.023
213.020193 200.602
213.024202 199.62
213.030123 191.672
213.034194 194.618
213.040141 200.062
213.044149 204.805
213.050094 195.389
213.054143 195.389
213.060157 196.939
213.064147 196.311
213.070142 197.874
213.074151 193.349
213.080156 189.623
213.084145 193.041
213.090147 202.625
213.094153 198.6
213.100149 193.041
213.104156 197.608
213.110152 198.217
213.114148 198.658
213.120109 195.533
213.124209 193.982
213.130086 188.733
213.134077 195.233
213.140143 202.625
213.144196 194.62
213.150196 191.471
213.154192 194.62
213.160196 197.608
213.164201 191.943
213.170196 191.167
213.174195 192.094
213.180193 195.233
213.184196 194.62
213.190200 194.01
213.197337 199.023
213.199190 192.427
213.204200 189.283
213.210297 195.412
213.214209 194.445
213.220202 188.215
213.224199 186.561
213.230200 190.536
213.234142 190.688
213.240140 191.471
213.244243 193.041
213.250213 193.83
213.254197 192.255
213.260128 189.13
213.264196 193.83
213.270201 198.404
213.274198 187.446
213.280198 185.914
213.284150 190.688
213.290207 188.502
213.294192 192.427
213.300196 196.4
213.304137 188.502
213.310193 184.629
213.314204 188.661
213.320132 196.817
213.324195 192.8
213.330196 189.447
213.334138 189.447
213.340145 188.502
213.347199 190.234
213.349196 192.608
213.355192 193.404
213.359193 188.661
213.365209 186.317
213.369193 186.317
213.375234 192.608
213.379192 189.011
213.385144 183.505
213.389198 184.621
213.395198 191.818
213.404203 195.064
213.407145 189.011
213.409149 187.257
213.415198 192.608
213.419197 194.201
213.425196 191.024
213.429135 191.815
213.435214 191.207
213.439203 185.068
213.445203 183.358
213.449191 187.257
213.455196 188.043
213.459193 187.257
213.465199 186.639
213.469123 187.427
213.475139 193.003
213.479194 195.42
213.488198 189.621
213.490187 185.4
213.497198 187.723
213.499186 189.447
213.504209 188.043
213.510198 187.427
213.514196 185.235
213.520202 187.609
213.524211 189.402
213.530127 188.404
213.534203 189.805
213.540202 191.4
213.544138 191.4
213.550206 193.807
213.554194 191.207
213.563199 185.691
213.566196 191.207
213.570118 192.8
213.575245 189.805
213.584352 191.4
213.588250 193.003
213.591240 188.404
213.601257 186.207
213.604239 186.604
213.606229 190.308
213.610241 192.774
213.614259 192.042
213.620250 189.805
213.624177 187.096
213.630244 188.831
213.634218 194.612
213.640260 193.437
213.644250 188.6
213.650146 191.01
213.654199 192.408
213.660142 189.621
213.664175 189.621
213.670193 192.003
213.674187 187.609
213.680202 186.4
213.684129 193.912
213.690196 197.77
213.694193 194.402
213.700196 188.353
213.704202 186.038
213.710197 190.234
213.714203 195.645
213.720198 190.205
213.724240 186.815
213.733197 186.024
213.736204 189.011
213.740153 191.4
213.744197 192.608
213.750195 188.502
213.754201 188.502
213.760201 187.878
213.764196 186.024
213.770196 194.25
213.774197 195.064
213.780194 187.427
213.784203 188.043
213.790197 192.608
213.794198 191.638
213.800201 192.427
213.804198 196.604
213.810197 188.043
213.815203 186.024
213.821145 191.23
213.826145 195.556
213.830199 193.437
213.836197 188.218
213.840199 187.096
213.845214 187.878
213.849197 195.205
213.855203 188.218
213.859197 184.448
213.865203 188.003
213.869199 194.733
213.875213 196.125
213.879199 190.602
213.885202 187.878
213.889203 188.043
213.895204 193.003
213.899190 190.801
213.905200 187.2
213.909196 186.011
213.915146 184.402
213.922198 189.613
213.924199 195.645
213.930197 191.4
213.934200 188.831
213.940206 193.215
213.944200 193.67
213.950204 194.487
213.954200 189.613
213.960196 185.602
213.964204 188.003
213.970200 193.67
213.974199 194.25
213.980199 191.604
213.984148 188.218
213.990195 187.8
213.994195 196.38
214.000206 190.066
214.004149 190.066
214.010202 194.99
214.017199 192.042
214.019199 185.068
214.025200 193.003
214.029205 195.42
214.035200 183.505
214.039182 182.099
214.045208 188.215
214.049203 194.427
214.055153 194.165
214.059196 190
214.065205 191.207
214.069162 193.6
214.075248 190.602
214.079203 191.818
214.085203 188.003
214.089117 180.854
214.095202 185.413
214.099206 195.645
214.105191 193.404
214.109210 185.4
214.115209 186.317
214.119203 192.2
214.125202 194.833
214.129135 193.003
214.135203 189.621
214.139205 188.661
214.145205 186.473
214.149200 185.602
214.155201 187.627
214.159211 193.342
214.165206 190.801
214.169203 191.638
214.175204 195.412
214.179210 192.876
214.185200 191.471
214.190203 185.54
214.196204 184.621
214.200211 188.096
214.206121 188.096
214.212201 183.807
214.217201 186.4
214.219193 193.003
214.225207 193.404
214.229199 190.066
214.235198 191.638
214.239202 191.024
214.245202 184.285
214.249118 187.003
214.263208 192.855
214.266198 186.815
214.267196 184.285
214.272141 186.815
214.275144 193.912
214.286215 190.646
214.287197 190.205
214.292203 190.602
214.295160 184.765
214.299208 182.584
214.305210 185.235
214.309218 188.003
214.315156 184.621
214.319197 189.011
214.325209 192.8
214.329208 186.473
214.335205 190
214.339202 194.733
214.345207 189.834
214.349210 183.218
214.355207 187.2
214.359202 193.093
214.365211 190.421
214.369231 184.011
214.375213 187.8
214.379199 187.003
214.385205 187.609
214.389200 189.201
214.395158 192.627
214.399205 185.235
214.405201 182.88
214.409211 193.912
214.415193 195.256
214.422216 186.818
214.427201 185.801
214.433206 193.912
214.435197 192.855
214.442208 185.235
214.448208 187.8
214.450194 193.093
214.454202 193.912
214.460217 189.201
214.464252 186.639
214.470219 189.805
214.474200 192.855
214.480210 188.003
214.484204 183.218
214.490204 185.205
214.494200 187.278
214.500203 188.096
214.504209 187.627
214.510209 188.6
214.514203 191.4
214.520202 189.805
214.524203 190
214.530205 192.855
214.534199 194.733
214.540247 192.855
214.544204 188.218
214.550204 185.691
214.554199 192.408
214.561210 191.23
214.565206 184.011
214.571208 182.428
214.575208 187.2
214.581201 187.8
214.585208 187.003
214.590204 189.613
214.594198 192.627
214.600206 192.2
214.604205 191.024
214.610200 190.234
214.614199 188.218
214.620205 190.421
214.624207 194.487
214.630203 191.01
214.634199 185.235
214.640205 186.024
214.644209 195.064
214.650200 197.041
214.654205 188.661
214.660201 184.765
214.664203 185.852
214.670148 191.01
214.674207 195.556
214.680207 186.207
214.684206 182.584
214.690205 190.851
214.694142 198.436
214.703206 194.023
214.705210 182.258
214.712242 189.834
214.714194 199.422
214.719147 196.817
214.725205 188.215
214.729209 185.801
214.735206 192.094
214.739201 195.801
214.745205 194.023
214.749202 189.402
214.755204 187.8
214.759204 189.613
214.765210 192.627
214.769202 189.011
214.775211 189.283
214.779200 191.638
214.785210 189.283
214.789197 184.911
214.795202 189.201
214.799205 196.947
214.805207 194.023
214.809198 188.661
214.816145 188.353
214.820198 193.217
214.824205 194.01
214.830117 191.024
214.834209 190.234
214.840121 187.257
214.844174 189.621
214.850228 195
214.855295 191.471
214.864159 186.038
214.868204 186.317
214.871197 190
214.881151 191.01
214.884198 190.602
214.886193 188.661
214.890210 188.502
214.894204 190.234
214.900205 196.604
214.904211 197.2
214.910205 192.094
214.914206 188.215
214.920230 186.947
214.924151 189.621
214.930201 191.818
214.934202 191.818
214.940218 188.218
214.944207 188.043
214.950205 196.01
214.954146 195
214.960210 192.255
214.964206 191.471
214.970205 191.471
214.974207 187.579
214.980208 187.878
214.984219 194.023
214.990208 190.602
214.994206 187.878
215.003207 191.638
215.006212 193.041
215.010210 192.255
215.014209 191.471
215.020211 190.066
215.024206 191.815
215.030102 190.234
215.034265 190.066
215.040256 194.01
215.044263 188.661
215.050250 191.024
215.054263 192.608
215.061288 190.234
215.065389 191.024
215.071247 194.201
215.075255 192.427
215.081259 189.13
215.085259 194.805
215.090253 193.217
215.094251 189.283
215.100258 192.427
215.104199 194.01
215.110257 194.201
215.114248 190.234
215.120266 189.621
215.124260 190.602
215.130160 196.817
215.134252 194.805
215.140260 189.908
215.144258 193.041
215.150285 195.602
215.154266 193.217
215.160258 192.255
215.164193 195.412
215.170259 190.688
215.174254 187.723
215.180259 192.608
215.184207 195.205
215.190227 194.805
215.194253 189.908
215.200258 191.314
215.204256 194.62
215.210256 192.427
215.214179 190.066
215.220270 191.024
215.224260 192.608
215.230255 192.427
215.234160 193.041
215.240383 189.76
215.244207 190.536
215.250206 194.445
215.254204 195.233
215.260212 192.094
215.264211 188.987
215.270202 191.471
215.274206 193.83
215.280153 192.255
215.284205 193.041
215.290205 189.908
215.294207 189.908
215.300205 190.688
215.304212 195.233
215.310102 194.445
215.314215 189.76
215.320207 190.536
215.324140 195.233
215.330213 192.876
215.334201 190.394
215.340203 190.394
215.344210 190.536
215.350135 193.041
215.354203 191.024
215.360436 192.608
215.364209 197.2
215.370208 193.83
215.374210 190.394
215.381209 190.394
215.385204 192.094
215.391209 193.659
215.395121 196.207
215.401203 193.041
215.405211 189.13
215.410203 191.638
215.414200 197.8
215.420209 198.404
215.424208 188.854
215.430208 187.971
215.434206 189.623
215.440208 195.412
215.444168 194.805
215.450264 190.851
215.454264 190.851
215.460190 191.815
215.464202 195
215.470269 195.602
215.474200 193.041
215.480262 191.471
215.484258 192.255
215.489256 192.255
215.495261 193.041
215.499257 191.471
215.504260 192.255
215.510257 191.471
215.514268 193.041
215.520256 194.62
215.524265 191.471
215.530256 193.041
215.537261 193.217
215.540260 193.041
215.544432 192.876
215.550255 192.094
215.554258 190.536
215.560203 188.987
215.564259 195.233
215.570255 196.207
215.574258 188.215
215.580259 189.908
215.584262 193.83
215.590258 197.003
215.594262 193.041
215.600262 188.987
215.604208 191.314
215.610256 196.023
215.614265 194.445
215.620252 190.394
215.624198 192.876
215.630265 194.445
215.634251 191.471
215.640260 193.217
215.644261 193.217
215.650258 192.427
215.654257 194.62
215.660273 195.233
215.664262 192.876
215.670261 191.314
215.677219 192.094
215.679252 193.659
215.685203 193.041
215.689263 191.638
215.695262 192.8
215.699209 198.436
215.705258 197.2
215.709395 192.094
215.715255 195.233
215.719259 197.608
215.725263 196.637
215.729270 194.905
215.735259 192.72
215.739257 190.394
215.745258 190.536
215.749278 193.83
215.755240 195.602
215.760284 192.255
215.766264 192.094
215.770262 194.445
215.779227 195.064
215.781256 193.499
215.785261 192.876
215.789259 196.207
215.795255 194.62
215.799253 189.76
215.805262 189.623
215.809260 195.233
215.815261 194.445
215.819255 192.094
215.825255 190.394
215.832216 190.394
215.834255 193.499
215.839263 195.064
215.848242 193.499
215.851199 192.876
215.855257 194.62
215.859256 195.233
215.865288 192.094
215.869204 196.637
215.875260 194.126
215.879264 190.142
215.885260 191.672
215.889267 193.349
215.895258 193.499
215.899259 192.72
215.905264 195.849
215.909258 195.686
215.915269 192.44
215.919260 190.906
215.925266 193.499
215.932258 198.217
215.935257 193.659
215.939270 192.094
215.945260 192.094
215.949254 190.688
215.955263 196.023
215.959207 199.01
215.965270 193.982
215.969207 190.032
215.974258 193.848
215.980265 198.658
215.984262 195.686
215.990257 191.943
215.994262 194.445
216.000261 193.217
216.004208 192.427
216.010260 193.041
216.014192 192.094
216.020264 192.876
216.024263 196.023
216.029258 196.815
216.035258 194.281
216.039262 189.76
216.045263 196.815
216.049261 198.404
216.055265 194.445
216.059227 192.72
216.065265 195.064
216.069259 193.659
216.075205 192.72
216.079182 193.659
216.085279 191.314
216.089259 192.094
216.095261 196.023
216.099259 195.233
216.105204 195.064
216.109256 196.815
216.115260 196.815
216.119259 195.412
216.125270 193.659
216.129251 193.659
216.136264 195.233
216.146262 191.167
216.149255 190.536
216.151255 195.233
216.162163 194.445
216.164267 190.536
216.166255 190.688
216.170332 194.01
216.177228 197.8
216.179257 196.815
216.187268 196.637
216.190265 191.943
216.194377 191.167
216.200213 198.404
216.204277 198.404
216.210263 192.094
216.214262 188.215
216.220274 192.876
216.224262 195.412
216.235270 197.608
216.238264 194.281
216.240257 190.394
216.247194 193.499
216.249260 196.815
216.254264 196.207
216.260265 195.233
216.264264 192.72
216.270258 191.802
216.274261 194.126
216.280268 195.064
216.284266 194.281
216.290268 192.876
216.294257 191.314
216.300262 193.659
216.304265 194.445
216.310265 193.659
216.314209 197.426
216.320243 193.349
216.324266 190.906
216.330266 191.031
216.334265 197.426
216.340265 197.426
216.344209 193.499
216.350264 193.499
216.354268 192.72
216.360263 191.943
216.364267 196.023
216.370267 196.815
216.374258 192.72
216.380211 191.943
216.384273 195.849
216.390262 196.637
216.394266 193.499
216.400262 196.637
216.404266 196.469
216.410261 190.142
216.417264 193.08
216.420258 194.756
216.427267 192.44
216.430258 191.167
216.434270 193.499
216.439260 192.094
216.445278 193.659
216.449256 196.815
216.455260 193.659
216.459262 194.281
216.465288 195.064
216.469267 194.281
216.475225 193.499
216.479259 191.031
216.485404 194.126
216.489260 196.469
216.495266 194.126
216.499277 190.906
216.505266 191.031
216.509267 195.064
216.515290 195.064
216.519265 199.201
216.525261 195.064
216.529760 191.167
216.535253 195.233
216.539250 197.8
216.545258 198.404
216.549271 194.445
216.555261 191.943
216.559265 191.943
216.565265 198.217
216.569256 197.426
216.575259 193.349
216.579263 192.72
216.585331 192.72
216.590259 193.659
216.596264 199.201
216.600263 195.233
216.606268 192.094
216.610257 192.255
216.616216 197.003
216.619252 198.404
216.625574 195.064
216.629283 193.499
216.635259 192.72
216.639265 195.233
216.645267 199.201
216.649257 194.445
216.655139 190.394
216.659380 191.167
216.665221 196.023
216.669222 200
216.675219 192.72
216.679219 190.394
216.685218 193.499
216.689225 193.499
216.695216 195.064
216.699216 195.849
216.705219 191.943
216.709219 189.623
216.715220 193.499
216.719232 198.404
216.725228 191.314
216.729222 188.987
216.735216 192.094
216.739216 196.023
216.745224 195.849
216.749218 193.982
216.755220 191.552
216.759217 190.032
216.765156 195.533
216.769224 198.829
216.775212 192.44
216.779218 188.733
216.785220 191.167
216.789215 196.815
216.794214 197.003
216.800265 192.094
216.804268 191.167
216.810264 194.281
216.814262 192.876
216.820268 193.499
216.824266 198.04
216.829261 192.44
216.835259 192.44
216.839266 195.533
216.845266 197.874
216.849269 196.311
216.855260 193.349
216.859266 193.499
216.865267 194.445
216.869270 195.412
216.875261 195.412
216.879265 192.876
216.885262 196.023
216.889264 196.023
216.895271 193.349
216.899210 197.254
216.905264 198.04
216.909263 192.44
216.915263 194.905
216.922270 199.805
216.924264 199.62
216.930263 196.311
216.934267 193.848
216.940272 199.279
216.944271 203.039
216.950214 195.898
216.954261 196.665
216.960266 198.977
216.964268 198.977
216.970279 195.133
216.974219 202.089
216.980268 199.752
216.984267 192.754
216.990262 197.307
216.994266 202.566
217.000170 198.842
217.004214 197.952
217.010270 198.842
217.014264 197.434
217.020269 196.665
217.024156 196.797
217.030270 202.252
217.034262 197.434
217.040264 189.763
217.044231 197.952
217.050278 198.716
217.054263 197.19
217.061271 197.952
217.065269 196.431
217.071593 194.165
217.075271 195.021
217.081271 200.529
217.085269 198.977
217.090274 193.61
217.094266 195.898
217.100267 198.204
217.104218 198.073
217.110267 198.842
217.114261 195.673
217.120215 195.576
217.124270 198.6
217.130266 197.841
217.134250 197.084
217.140278 196.329
217.144220 194.918
217.150272 196.543
217.154262 197.307
217.160266 196.543
217.164279 196.543
217.170276 198.073
217.174269 197.307
217.180212 198.073
217.184209 201.792
217.190146 194.918
217.194234 197.841
217.199221 201.02
217.205220 197.841
217.209215 197.19
217.215215 202.566
217.219219 195.673
217.225220 194.918
217.229218 200.385
217.235217 198.073
217.239219 199.612
217.245225 201.02
217.249219 194.918
217.255220 196.431
217.259161 198.842
217.265166 199.612
217.269149 197.952
217.275139 198.6
217.279145 197.084
217.285145 196.329
217.289140 197.952
217.295145 199.612
217.299144 197.434
217.305141 195.898
217.309148 197.57
217.315141 198.346
217.324150 199.752
217.327137 198.842
217.329192 198.842
217.335145 198.716
217.339142 197.19
217.345149 197.19
217.352151 201.02
217.354143 197.307
217.360144 194.263
217.364148 197.434
217.370160 197.57
217.374143 198.346
217.380149 201.467
217.384147 195.898
217.390147 190.591
217.394133 199.612
217.400119 205.847
217.404149 195.021
217.410148 196.431
217.415147 201.792
217.424151 195.78
217.428151 196.543
217.431140 201.308
217.441170 197.434
217.444147 193.61
217.446115 196.665
217.450167 197.434
217.454147 195.021
217.460148 198.842
217.464150 201.159
217.470143 193.507
217.474152 197.434
217.480147 198.977
217.484148 195.898
217.490139 199.752
217.494142 201.159
217.500148 194.918
217.505147 198.073
217.511147 200.385
217.515141 199.752
217.521147 198.842
217.525142 195.021
217.531142 197.307
217.534148 200.529
217.540153 198.204
217.544149 198.977
217.550147 195.898
217.556146 197.434
217.560147 201.308
217.564122 200.385
217.570143 198.716
217.574144 196.431
217.580145 196.543
217.587140 200.385
217.589142 198.842
217.595145 197.434
217.599147 198.204
217.605156 195.021
217.609141 198.073
217.615146 203.657
217.619141 198.073
217.625145 195.673
217.629142 197.952
217.635178 201.02
217.639185 198.716
217.645182 197.19
217.649187 199.482
217.655175 197.19
217.659196 197.19
217.665186 196.431
217.669172 198.842
217.675178 203.494
217.679163 197.307
217.685205 194.263
217.689179 200.385
217.696282 198.073
217.700276 198.842
217.704213 197.952
217.710275 196.329
217.714273 194.077
217.720269 200.25
217.724274 203.342
217.730269 196.431
217.734265 198.716
217.740273 198.716
217.744273 200.25
217.750267 199.482
217.754270 196.543
217.760271 198.073
217.764266 196.543
217.770249 198.073
217.774222 200.385
217.780270 198.073
217.784273 198.716
217.790273 197.084
217.794276 197.74
217.800428 201.534
217.804276 200.01
217.810272 197.084
217.814270 197.084
217.820279 201.792
217.824280 197.952
217.830270 197.19
217.834269 201.02
217.840207 195.673
217.844267 194.918
217.850271 200.25
217.854275 201.792
217.863529 198.6
217.865172 195.576
217.871180 198.6
217.874176 200.771
217.879167 198.494
217.885179 200.01
217.889176 199.151
217.895180 196.987
217.899178 198.494
217.905183 198.6
217.909177 201.658
217.915182 196.431
217.919204 195.673
217.925184 201.159
217.929177 197.19
217.935183 198.716
217.939180 201.658
217.945097 196.237
217.950185 196.237
217.956185 200.01
217.960183 200.01
217.966181 200.771
217.970178 198.6
217.975183 197.952
217.979180 202.566
217.985173 198.842
217.992187 200.25
217.997183 199.361
217.999175 197.084
218.005168 199.251
218.009183 201.534
218.015184 199.905
218.019174 196.987
218.025190 196.987
218.029181 200.25
218.035182 203.342
218.039178 200.891
218.045182 197.841
218.049180 197.841
218.055178 197.841
218.059179 203.199
218.065186 199.361
218.069184 200.01
218.075182 198.494
218.079188 199.251
218.085191 201.658
218.089176 202.428
218.095183 198.6
218.099180 196.329
218.105183 200.25
218.109189 200.25
218.115185 199.482
218.119138 200.25
218.125180 199.361
218.129175 198.6
218.135179 197.841
218.139183 202.428
218.145183 202.299
218.149152 198.494
218.155181 200.01
218.159178 195.576
218.165182 198.6
218.169182 204.9
218.175166 201.658
218.179184 196.987
218.186188 197.74
218.190182 200.125
218.194181 200.125
218.200192 200.891
218.204182 200.25
218.210183 195.673
218.214174 194.077
218.220162 201.658
218.224190 204.607
218.230187 197.649
218.234183 193.933
218.240186 200.771
218.244186 203.066
218.250096 197.74
218.254160 199.251
218.260155 198.6
218.264151 195.576
218.270147 200.125
218.274148 206.306
218.280153 199.905
218.284152 198.399
218.290153 196.901
218.294150 196.901
218.300148 203.708
218.304163 205.117
218.310153 197.568
218.314146 193.145
218.320151 196.987
218.324156 204.9
218.330154 201.792
218.334149 199.482
218.340155 199.482
218.344150 197.084
218.350150 199.361
218.354157 203.066
218.360267 201.42
218.364234 196.825
218.370223 197.568
218.374225 199.06
218.380173 203.708
218.384168 200.661
218.390235 198.494
218.394229 200.771
218.400227 202.428
218.404218 197.841
218.410227 200.01
218.414277 204.607
218.420279 198.399
218.424277 197.568
218.430154 201.973
218.434277 201.221
218.440272 201.973
218.445272 200.472
218.451210 199.151
218.455272 205.244
218.461429 203.066
218.465175 198.494
218.470162 200.01
218.474188 199.251
218.480224 199.905
218.484183 204.353
218.493178 200.472
218.495174 197.568
218.499177 199.06
218.505179 204.353
218.509182 202.943
218.515182 199.251
218.522180 200.01
218.524173 200.01
218.530178 200.01
218.534180 199.905
218.540181 201.42
218.544175 198.399
218.550180 199.151
218.554184 202.181
218.560182 201.316
218.564183 203.59
218.570179 198.399
218.574178 201.42
218.580180 202.181
218.584185 199.905
218.590183 201.316
218.594160 199.81
218.600121 196.901
218.604192 201.42
218.610184 205.38
218.614179 203.836
218.620169 200.661
218.624185 198.313
218.630180 202.072
218.634175 203.59
218.640174 202.072
218.644183 201.221
218.650193 198.98
218.654184 197.568
218.660181 202.181
218.664185 203.708
218.670181 201.534
218.674179 199.251
218.680186 202.943
218.684193 200.661
218.690187 201.316
218.694182 200.472
218.704185 201.884
218.708135 202.633
218.711181 200.392
218.721180 201.221
218.724181 199.06
218.726173 199.151
218.731181 201.534
218.735164 200.771
218.741279 202.181
218.745279 200.562
218.751274 198.98
218.754281 201.221
218.763279 201.973
218.766279 202.726
218.770277 200.472
218.774278 198.98
218.780283 201.221
218.784279 200.562
218.790140 198.313
218.794280 200.661
218.800277 203.708
218.804285 199.06
218.811277 199.06
218.815277 202.072
218.819281 200.661
218.825278 200.661
218.829273 201.316
218.835278 199.81
218.839277 198.313
218.845278 199.905
218.849284 204.475
218.855293 199.81
218.862278 202.726
218.864277 201.062
218.870281 198.116
218.874249 201.221
218.880327 201.42
218.884285 200.661
218.890275 202.072
218.894203 199.81
218.900209 200.562
218.904211 199.81
218.910278 199.06
218.914287 204.24
218.920289 203.482
218.924280 198.98
218.930276 196.825
218.934280 201.534
218.940277 206.306
218.944282 200.771
218.950275 197.649
218.954283 202.83
218.960219 196.156
218.964279 203.708
218.970276 206.015
218.977282 196.084
218.979270 196.084
218.985280 204.475
218.989213 202.299
218.995273 201.534
218.999185 201.42
219.005168 198.313
219.009275 197.568
219.015199 202.181
219.019272 204.475
219.025281 199.151
219.029275 198.494
219.035271 203.066
219.039221 201.534
219.045274 202.181
219.049283 199.151
219.055284 197.649
219.059280 199.151
219.065520 200.661
219.069284 200.01
219.075280 199.251
219.079275 196.987
219.085279 201.42
219.089282 204.353
219.095275 198.313
219.099277 197.568
219.105283 202.83
219.109274 200.771
219.115442 200.01
219.119281 201.42
219.125282 200.661
219.129276 199.905
219.135277 200.01
219.139299 198.494
219.145281 197.084
219.149278 202.299
219.155274 203.836
219.159274 196.237
219.165279 194
219.169274 204.607
219.175277 200.771
219.179274 200.01
219.185277 202.943
219.189281 197.74
219.195283 200.771
219.199281 204.607
219.205298 202.943
219.209258 201.316
219.215803 201.973
219.219277 200.562
219.225286 202.072
219.231278 205.244
219.234277 202.943
219.239279 198.399
219.245282 198.399
219.249278 202.943
219.255276 203.59
219.259277 201.316
219.265280 201.316
219.269279 196.084
219.275280 199.81
219.279275 202.943
219.285289 201.534
219.290288 198.399
219.296287 201.973
219.300261 203.384
219.306283 199.65
219.310277 196.703
219.316281 203.295
219.319286 205.65
219.325292 198.313
219.329276 198.494
219.335283 202.428
219.339283 205.526
219.345284 206.015
219.349274 198.98
219.355283 196.759
219.359273 198.91
219.365151 207.171
219.369278 203.384
219.375280 195.29
219.379293 193.876
219.385284 202.181
219.389259 207.562
219.395290 201.42
219.399278 199.06
219.405288 200.392
219.409283 201.884
219.415276 204.044
219.419287 201.137
219.425278 196.759
219.429281 198.237
219.435226 202.83
219.439273 201.316
219.445234 202.072
219.449270 201.973
219.455282 203.295
219.459223 203.217
219.465279 203.217
219.469283 201.062
219.475279 200.472
219.479281 203.482
219.488290 201.973
219.490249 201.884
219.496284 201.804
219.499273 200.392
219.504285 202.633
219.510276 203.482
219.514260 201.973
219.520297 201.137
219.524295 201.137
219.530280 200.472
219.534279 202.072
219.543278 202.83
219.545285 201.316
219.551285 201.973
219.554238 200.472
219.559275 198.91
219.565283 201.884
219.569273 202.726
219.575276 199.06
219.579278 199.81
219.585285 203.482
219.589286 203.384
219.595285 202.633
219.599284 201.884
219.605285 202.633
219.609276 204.137
219.615279 203.384
219.619283 201.221
219.625277 199.81
219.631289 199.905
219.634219 203.708
219.639286 200.661
219.645284 199.905
219.649276 201.42
219.655274 205.883
219.659279 201.973
219.665337 200.472
219.669237 200.472
219.675231 199.81
219.679228 202.181
219.686126 201.42
219.689242 201.316
219.695232 198.98
219.699170 203.384
219.706234 199.725
219.710230 202.072
219.716234 202.943
219.720240 201.42
219.726231 201.316
219.730239 203.482
219.735226 201.137
219.739230 199.65
219.745234 205.65
219.749230 199.725
219.755234 199.06
219.759234 199.81
219.765179 202.072
219.769231 202.072
219.775232 203.59
219.779173 200.562
219.785238 198.98
219.789221 204.137
219.795228 208.06
219.799293 200.562
219.805288 199.06
219.809274 202.072
219.815278 204.353
219.819281 203.59
219.825208 201.316
219.829285 199.06
219.835281 202.072
219.839267 202.83
219.845280 202.726
219.849279 201.316
219.855284 199.06
219.859282 202.072
219.865279 205.117
219.869283 202.726
219.878277 201.973
219.881284 201.221
219.885280 202.633
219.889259 205.65
219.895292 201.137
219.899278 201.137
219.905283 200.392
219.909281 204.137
219.915282 204.137
219.919280 196.703
219.925275 196.023
219.931279 202.726
219.935291 202.83
219.941282 203.59
219.945266 197.568
219.951279 195.346
219.954207 203.482
219.959281 206.303
219.965288 200.998
219.971283 198.071
219.976291 196.657
219.985285 198.237
219.989286 202.83
219.991278 201.316
220.002225 199.725
220.004226 197.497
220.006276 200.472
220.010280 202.726
220.016222 206.526
220.020287 201.221
220.026282 200.472
220.030274 201.42
220.036282 200.661
220.043283 204.475
220.045284 203.482
220.051292 201.137
220.055277 201.804
220.061296 205.548
220.065284 200.392
220.071261 198.91
220.075299 200.392
220.081284 201.884
220.086292 201.316
220.093240 196.901
220.096288 199.905
220.100286 207.562
220.106287 202.181
220.110280 202.072
220.115287 205.762
220.119292 199.81
220.125349 201.973
220.129281 204.893
220.135277 201.884
220.139284 198.172
220.145281 199.06
220.149267 203.066
220.155282 200.891
220.159289 202.428
220.165268 203.066
220.169276 199.151
220.184294 200.661
220.187227 203.708
220.189282 201.316
220.191281 201.316
220.195294 203.482
220.201295 202.072
220.205280 193.933
220.211235 197.649
220.215281 209.117
220.221288 201.534
220.225295 194.826
220.231281 200.771
220.234280 200.125
220.239293 204.607
220.245282 203.708
220.252285 198.399
220.254283 202.072
220.260299 201.316
220.264324 202.072
220.270282 202.633
220.274279 199.585
220.280227 201.804
220.284295 201.884
220.290280 199.725
220.296295 202.633
220.299281 201.137
220.304288 198.98
220.310288 193.259
220.314284 198.716
220.320288 204.12
220.324286 203.973
220.330302 201.316
220.337284 197.436
220.339286 202.633
220.345287 204.044
220.349286 202.475
220.355263 202.475
220.359234 200.998
220.365289 198.849
220.369290 203.482
220.375288 205
220.379287 198.313
220.385429 199.06
220.392287 202.072
220.394278 201.42
220.400231 202.83
220.404282 207.171
220.410284 202.549
220.414289 197.385
220.420289 199.529
220.424292 203.295
220.430284 204.893
220.434283 200.562
220.440293 201.42
220.444291 200.661
220.450248 200.661
220.454176 207.292
220.463291 201.884
220.465203 198.91
220.471288 198.91
220.474292 203.384
220.479217 206.526
220.485295 198.98
220.489286 200.472
220.495294 200.562
220.499287 203.59
220.506294 205.244
220.510295 199.81
220.516289 204.24
220.520227 197.568
220.526236 201.316
220.530286 203.708
220.535291 200.771
220.539288 203.836
220.545289 198.494
220.549280 206.015
220.555283 202.83
220.559288 207.935
220.565289 203.295
220.569291 197.385
220.575287 200.392
220.579283 200.472
220.585287 204.475
220.589283 200.01
220.595287 199.251
220.599292 202.299
220.605287 201.42
220.609290 205.883
220.615282 202.072
220.619301 203.59
220.625285 199.81
220.629289 201.316
220.635282 199.81
220.639289 201.973
220.645289 201.973
220.649288 195.346
220.655285 199.06
220.659282 203.482
220.665282 205.65
220.669292 199.65
220.675387 194.558
220.679290 198.399
220.685297 206.015
220.689266 205.244
220.695285 200.562
220.699280 195.346
220.705289 199.725
220.711284 207.82
220.715280 203.295
220.719285 199.585
220.725292 195.29
220.729167 199.81
220.735272 206.652
220.739285 203.59
220.745286 200.472
220.749290 198.237
220.755212 201.221
220.761460 207.935
220.764227 204.893
220.769298 201.884
220.775290 196.023
220.779226 200.472
220.785288 205.117
220.789292 204.353
220.795288 201.316
220.802289 202.072
220.804286 204.353
220.810287 202.072
220.817290 201.316
220.819283 200.562
220.825289 202.943
220.829283 201.42
220.835293 202.943
220.842288 202.83
220.844240 201.316
220.850290 204.24
220.854264 204.24
220.860163 200.472
220.864248 199.06
220.870436 205.117
220.874229 202.943
220.880250 198.494
220.884237 200.125
220.891245 202.299
220.895237 201.42
220.901237 200.661
220.905241 202.072
220.911183 197.568
220.917238 200.472
220.919232 204.137
220.926242 199.725
220.930241 198.399
220.934240 199.251
220.940247 200.771
220.944241 203.973
220.950241 198.6
220.954241 198.494
220.960241 202.181
220.964246 205.762
220.970236 202.633
220.974241 198.98
220.980242 198.98
220.984240 199.81
220.990182 202.181
220.994247 201.42
221.000239 201.42
221.004236 202.181
221.010290 199.905
221.014204 205.883
221.020294 206.652
221.024292 199.905
221.030282 198.399
221.036293 202.181
221.040230 204.353
221.044290 200.472
221.050293 198.313
221.054290 202.072
221.060257 200.661
221.064290 202.181
221.070286 204.353
221.074290 199.06
221.080290 196.825
221.084245 200.472
221.090293 201.973
221.094289 201.973
221.100295 196.825
221.104292 196.901
221.110288 201.42
221.114284 202.943
221.120292 201.316
221.124299 198.237
221.133286 197.497
221.136235 200.562
221.140290 202.072
221.144294 201.316
221.150251 200.562
221.154300 196.825
221.160273 200.562
221.164296 202.726
221.170292 200.472
221.174291 198.91
221.180291 198.98
221.184295 200.472
221.190295 202.072
221.194179 199.151
221.200280 196.987
221.204390 201.534
221.210141 202.943
221.214132 199.905
221.220132 204.24
221.224137 199.725
221.230134 199.725
221.234132 202.726
221.240137 201.316
221.244131 199.151
221.256138 199.905
221.265134 201.42
221.269137 199.905
221.271129 200.661
221.272130 201.42
221.282138 196.987
221.284132 201.42
221.286133 202.072
221.291101 196.825
221.295133 197.568
221.301148 199.81
221.305133 199.151
221.310132 201.42
221.316134 203.708
221.319128 201.534
221.324138 197.74
221.330134 200.771
221.334132 201.534
221.340137 203.066
221.344133 200.01
221.350137 198.399
221.354132 200.661
221.360132 199.251
221.364135 198.494
221.370133 199.251
221.374139 200.661
221.380138 200.661
221.384132 197.568
221.390138 199.81
221.394133 199.81
221.400139 198.313
221.404133 200.661
221.410138 202.181
221.414133 197.084
221.420139 200.125
221.424134 203.836
221.430134 202.943
221.434139 201.316
221.440133 201.316
221.444138 198.399
221.450134 201.42
221.454132 201.42
221.460139 201.42
221.464133 197.649
221.470180 198.494
221.474133 200.01
221.480096 202.181
221.484093 202.181
221.490134 199.06
221.496122 196.156
221.500124 200.771
221.504129 203.199
221.510127 201.658
221.514133 200.771
221.520124 200.661
221.524124 202.072
221.530133 201.316
221.534129 201.316
221.540379 203.482
221.544170 202.726
221.550293 198.237
221.554290 201.884
221.560297 201.221
221.564295 198.313
221.570291 197.649
221.574286 200.01
221.580296 200.125
221.584296 198.6
221.590296 200.125
221.594287 200.01
221.600204 199.151
221.604171 200.562
221.610205 200.472
221.614199 200.472
221.621203 202.633
221.625201 200.472
221.629199 202.072
221.635197 199.151
221.639199 200.661
221.645217 202.072
221.649197 202.072
221.655201 199.81
221.659198 199.06
221.665164 201.316
221.669140 199.06
221.675192 201.316
221.679246 201.42
221.685252 203.066
221.689253 200.891
221.695244 199.905
221.699244 201.221
221.705250 198.172
221.709250 199.65
221.715241 199.65
221.719164 203.482
221.725248 203.708
221.729163 200.771
221.735137 200.771
221.742178 200.661
221.744163 201.316
221.750173 199.81
221.754168 202.072
221.760168 199.81
221.764164 198.399
221.770167 201.42
221.774177 200.661
221.780157 200.661
221.784171 201.316
221.790173 205
221.794149 201.221
221.800139 197.497
221.804251 198.98
221.811233 199.905
221.815244 199.251
221.821260 198.6
221.825235 201.792
221.831244 201.02
221.834249 198.6
221.840249 199.06
221.844253 202.633
221.853260 199.585
221.856172 197.436
221.860180 196.023
221.864172 200.661
221.870303 204.749
221.874296 199.482
221.880275 201.02
221.884250 202.299
221.890202 202.83
221.894296 196.759
221.910218 200.392
221.913324 196.825
221.914301 193.259
221.916291 200.125
221.920201 206.306
221.926179 203.836
221.930195 195.346
221.936162 197.497
221.940208 209.468
221.946205 204.24
221.950214 201.221
221.956190 198.237
221.960200 199.81
221.966201 198.6
221.970209 201.658
221.976208 206.306
221.979186 202.299
221.984195 200.562
221.990176 198.237
221.994250 204.893
222.000305 201.221
222.004243 199.06
222.010300 198.494
222.017290 203.066
222.019289 200.01
222.028298 200.661
222.031299 204.24
222.035281 198.98
222.039293 196.084
222.045299 198.399
222.049198 201.42
222.055179 201.42
222.059296 196.825
222.065291 197.568
222.069294 196.901
222.075294 200.661
222.079233 206.526
222.085299 200.392
222.089303 196.703
222.095295 197.497
222.099293 199.06
222.105303 203.836
222.109302 201.658
222.115158 200.125
222.119139 195.576
222.125174 202.299
222.132242 205.883
222.134243 201.221
222.140252 199.725
222.144177 196.759
222.153253 202.726
222.156243 205.65
222.160248 199.65
222.164253 198.237
222.170276 198.98
222.174255 203.59
222.180157 202.181
222.184137 202.299
222.190258 200.01
222.197258 197.74
222.199242 199.151
222.205252 201.316
222.209256 202.726
222.215243 200.392
222.219175 197.385
222.225260 196.703
222.229252 200.472
222.236257 200.661
222.240160 205.244
222.246144 199.151
222.250200 198.399
222.256315 196.987
222.260300 198.6
222.265306 202.428
222.269293 201.534
222.275280 198.494
222.279245 195.489
222.285304 200.661
222.289297 205.117
222.295297 204.24
222.299292 203.59
222.305170 201.316
222.309140 199.151
222.315263 204.607
222.319248 203.708
222.325253 199.151
222.329196 197.084
222.335186 200.125
222.339304 202.428
222.348317 203.973
222.350291 201.534
222.354303 197.74
222.360299 200.771
222.364302 205.244
222.370161 202.83
222.374109 200.562
222.380195 199.06
222.384218 199.81
222.390208 202.072
222.394210 199.151
222.400203 197.74
222.404209 197.952
222.410222 199.482
222.414208 201.02
222.420208 200.891
222.424208 199.361
222.430205 197.74
222.434204 200.661
222.440210 204.353
222.444211 200.562
222.450205 198.98
222.454205 196.759
222.460213 199.725
222.464210 201.137
222.470207 201.137
222.474205 196.023
222.480212 198.313
222.484209 202.943
222.491211 206.015
222.497206 204.475
222.502206 199.81
222.504198 202.072
222.510210 202.072
222.515201 202.072
222.519202 201.221
222.525217 202.633
222.529211 198.116
222.536203 200.998
222.545207 199.585
222.549222 198.91
222.551202 199.81
222.562209 204.353
222.564209 204.353
222.566192 202.83
222.570139 199.151
222.574223 199.905
222.580210 207.562
222.584212 202.299
222.590210 197.649
222.594220 199.06
222.600215 203.482
222.604211 198.98
222.610209 198.98
222.614215 203.59
222.620216 201.316
222.624211 199.905
222.630209 204.353
222.634299 203.708
222.640295 196.987
222.647310 199.361
222.649276 203.973
222.655310 201.658
222.659311 199.361
222.665251 199.905
222.669553 202.181
222.675232 205.883
222.682192 203.59
222.684197 203.59
222.690301 200.562
222.694300 202.072
222.700296 204.353
222.704315 203.59
222.710299 198.399
222.714307 196.329
222.720300 202.428
222.724298 202.428
222.730301 198.6
222.734298 198.6
222.740303 199.251
222.744303 202.83
222.750317 202.726
222.757296 201.973
222.759298 197.568
222.765297 200.562
222.769297 205.762
222.775313 203.384
222.779307 200.392
222.785308 196.023
222.789293 197.568
222.795297 201.316
222.799298 202.072
222.805558 197.568
222.809266 195.412
222.815253 200.562
222.819165 202.943
222.825214 202.072
222.829484 201.316
222.836265 198.98
222.840252 203.482
222.846254 203.384
222.850247 201.137
222.856264 202.633
222.860253 201.884
222.865252 197.568
222.869246 202.943
222.875257 203.836
222.879252 200.01
222.885253 203.836
222.889198 202.943
222.895251 200.661
222.899249 202.181
222.905263 205.117
222.909253 202.83
222.915195 200.472
222.919246 197.436
222.925259 201.973
222.929247 202.072
222.935256 200.661
222.939252 200.661
222.945250 201.42
222.949306 199.905
222.955310 202.943
222.959305 202.181
222.965263 200.661
222.969277 200.01
222.975303 197.74
222.979305 199.905
222.985245 203.708
222.989220 200.661
222.995301 197.649
222.999298 200.562
223.005300 198.98
223.009299 198.237
223.015295 197.436
223.019295 198.91
223.025303 198.91
223.032308 201.884
223.034298 198.399
223.040301 203.066
223.044315 204.607
223.050311 202.428
223.054306 203.836
223.060234 202.83
223.064307 196.759
223.070301 195.972
223.074290 199.529
223.080301 203.217
223.084316 200.322
223.090301 193.104
223.094304 196.901
223.100286 206.155
223.104315 200.01
223.110283 195.412
223.114300 199.81
223.120303 195.346
223.124306 199.81
223.130301 206.652
223.134206 205.244
223.140301 198.494
223.144305 199.251
223.150301 204.607
223.154309 204.475
223.160305 202.072
223.164299 197.568
223.170298 204.137
223.174313 204.137
223.180245 199.725
223.184237 196.156
223.190301 197.084
223.194305 199.612
223.200251 202.714
223.204220 198.842
223.210304 202.428
223.214221 200.771
223.220304 206.652
223.224316 209.468
223.230302 202.726
223.234238 199.06
223.240306 199.151
223.244316 206.652
223.250311 204.24
223.254301 192.38
223.260304 191.659
223.264308 196.825
223.270299 200.661
223.274306 203.199
223.280314 199.482
223.284259 194.918
223.291301 197.19
223.295305 206.155
223.301244 206.015
223.305297 200.562
223.313304 201.884
223.316305 204.044
223.320304 203.961
223.324308 203.295
223.330304 204.137
223.334284 202.072
223.343301 202.072
223.345483 202.181
223.351235 198.494
223.354305 200.01
223.359305 202.299
223.365301 200.891
223.369241 200.125
223.375301 200.891
223.379306 201.534
223.385302 205
223.389300 202.549
223.395313 203.887
223.399301 200.998
223.405305 204.707
223.409315 207.82
223.415276 202.726
223.419306 199.151
223.425314 197.841
223.429304 199.482
223.435300 203.342
223.439445 201.658
223.445319 195.576
223.449303 196.987
223.458312 201.316
223.460523 206.526
223.466271 201.973
223.470249 200.392
223.474256 202.549
223.480196 199.65
223.484256 203.295
223.490278 204.795
223.494258 197.436
223.500254 196.759
223.504266 201.221
223.510255 201.316
223.514264 197.649
223.520257 196.237
223.524260 198.494
223.530260 201.42
223.534259 199.905
223.540258 201.221
223.544265 199.65
223.550265 201.137
223.554297 201.137
223.560265 199.725
223.564261 201.221
223.571255 202.726
223.575258 200.562
223.581258 201.316
223.585180 203.59
223.591258 200.661
223.595258 199.905
223.600256 203.59
223.604261 198.399
223.610260 199.151
223.614262 201.42
223.620262 202.181
223.624262 199.905
223.630263 197.649
223.634251 199.81
223.640259 202.072
223.644264 200.562
223.650255 201.221
223.654258 198.313
223.660259 197.649
223.664260 200.661
223.670261 198.494
223.674256 200.01
223.680261 198.6
223.684260 197.841
223.690207 199.361
223.694258 201.658
223.700261 200.891
223.704258 199.251
223.710258 196.901
223.714183 202.83
223.720207 201.316
223.724263 199.65
223.730259 199.65
223.734175 201.221
223.740262 198.399
223.744258 203.066
223.750203 205.526
223.754251 198.716
223.760197 197.841
223.764257 201.658
223.770257 202.943
223.774260 201.316
223.780260 199.725
223.784262 198.98
223.790253 201.137
223.794258 202.726
223.800257 204.353
223.804257 199.905
223.810204 198.494
223.814254 203.836
223.824264 203.973
223.828258 202.299
223.831254 197.649
223.841258 197.649
223.844258 200.661
223.845248 202.943
223.850257 200.661
223.856257 199.81
223.860258 201.316
223.866263 202.83
223.870255 201.973
223.876259 202.633
223.880259 200.392
223.884264 198.91
223.890257 199.65
223.896262 199.81
223.899254 197.649
223.904210 201.42
223.910733 199.905
223.914257 198.313
223.920268 198.98
223.924266 198.98
223.930256 201.884
223.934206 204.893
223.940308 200.392
223.944308 196.759
223.950251 199.06
223.954304 205.117
223.960310 199.905
223.964308 197.649
223.970429 199.81
223.974308 195.346
223.980308 198.172
223.984311 200.322
223.990312 198.116
223.994310 198.172
224.000250 198.98
224.004254 199.725
224.010305 199.06
224.014320 199.905
224.020326 199.905
224.024309 197.649
224.030305 198.399
224.034313 196.156
224.040309 194.558
224.044307 196.703
224.050252 198.91
224.054307 198.98
224.060312 199.725
224.064177 202.726
224.070317 198.313
224.074286 195.412
224.080311 199.81
224.084310 201.42
224.090306 196.987
224.094314 196.329
224.100309 197.19
224.104308 197.952
224.110309 202.428
224.114290 202.181
224.120238 198.399
224.124236 198.313
224.130294 201.221
224.134316 202.726
224.140322 198.313
224.144305 194.672
224.150266 197.084
224.154304 201.159
224.160254 197.434
224.164309 198.204
224.170217 202.714
224.174302 197.952
224.180307 200.125
224.184312 203.708
224.190305 200.661
224.194303 197.74
224.200310 202.299
224.204310 205.38
224.210306 198.6
224.214303 194.918
224.220319 202.428
224.224308 201.658
224.230316 200.125
224.234302 201.658
224.240305 199.361
224.244309 200.25
224.250310 201.936
224.254247 205.682
224.260310 203.973
224.266313 201.534
224.270334 202.181
224.274312 202.943
224.280323 204.353
224.284306 202.83
224.290312 201.316
224.294311 198.399
224.300306 200.661
224.304297 203.066
224.310306 202.428
224.314309 203.342
224.320337 205.682
224.324323 204.749
224.330311 202.943
224.334306 202.943
224.341312 202.943
224.345315 205.883
224.351307 205.762
224.355306 206.303
224.361308 202.633
224.365312 200.472
224.370324 205
224.374302 208.195
224.380306 204.475
224.384310 202.299
224.390310 202.428
224.394262 206.155
224.400308 205.244
224.404246 208.195
224.410308 205.117
224.414311 202.072
224.420290 207.935
224.424313 209.344
224.430309 203.295
224.434312 197.385
224.440306 201.884
224.444322 208.06
224.450600 202.943
224.454306 199.251
224.460311 199.251
224.464311 202.299
224.470316 205.244
224.474308 206.41
224.480308 201.804
224.484311 198.849
224.490308 199.585
224.494303 204.795
224.500312 206.303
224.504325 201.221
224.510311 197.568
224.514302 204.353
224.520259 204.24
224.524314 201.973
224.530400 201.973
224.534307 198.98
224.540303 198.91
224.544307 201.062
224.550304 201.804
224.554333 201.884
224.560307 197.568
224.564321 199.81
224.570311 204.353
224.574305 202.83
224.580311 200.562
224.584253 197.649
224.593305 199.81
224.595303 200.562
224.600310 198.313
224.604309 198.313
224.610306 195.346
224.614293 194.61
224.620304 196.084
224.624314 199.81
224.630308 196.901
224.634316 198.399
224.640308 199.905
224.644311 200.01
224.650305 200.771
224.654249 203.708
224.660302 199.151
224.664318 194
224.670312 198.399
224.674311 201.42
224.680290 196.901
224.684310 198.313
224.690307 201.316
224.694305 196.156
224.700311 198.399
224.704314 202.299
224.710308 198.6
224.714309 195.673
224.720311 200.25
224.724311 198.842
224.730320 195.78
224.734309 199.482
224.740314 201.658
224.744312 195.673
224.750321 199.361
224.754318 203.199
224.760313 200.125
224.764312 197.084
224.770312 198.6
224.774249 197.841
224.780308 197.841
224.784313 198.6
224.790308 194.918
224.794312 196.543
224.800318 202.714
224.804312 201.936
224.810312 201.02
224.814253 203.342
224.821319 197.952
224.825310 201.658
224.831316 204.12
224.835314 201.02
224.841309 198.716
224.844311 202.428
224.850255 201.534
224.854178 196.987
224.860269 200.771
224.864266 200.771
224.870266 200.01
224.874261 201.42
224.880262 203.708
224.884264 197.74
224.890264 200.891
224.894263 208.655
224.900270 204.9
224.904265 197.952
224.910221 202.428
224.914265 200.125
224.920261 202.943
224.924264 202.072
224.930268 199.06
224.934264 198.313
224.940206 199.151
224.944269 203.708
224.950265 201.42
224.954268 199.151
224.960267 202.072
224.964267 199.81
224.970266 201.973
224.974263 205
224.983265 199.06
224.985267 201.316
224.990259 206.652
224.994268 205.117
225.000267 199.725
225.004208 201.973
225.010267 201.221
225.014267 195.29
225.020265 198.172
225.024264 201.973
225.030264 197.568
225.034263 198.313
225.040266 201.316
225.044265 200.562
225.050264 199.81
225.054204 199.81
225.060295 199.06
225.064279 201.221
225.070268 201.884
225.074260 197.497
225.083199 200.562
225.085263 203.708
225.091446 199.905
225.096273 196.901
225.105216 197.568
225.109267 196.084
225.111258 198.237
225.127268 199.81
225.129255 199.905
225.130253 197.841
225.132262 199.482
225.137268 198.716
225.141268 199.361
225.147265 198.494
225.150203 199.06
225.156217 196.023
225.160263 194.558
225.166260 199.725
225.170635 198.399
225.176275 198.494
225.180177 201.02
225.186319 200.385
225.190312 196.543
225.194309 198.073
225.200321 197.307
225.204325 195.673
225.210315 197.952
225.214313 199.361
225.220317 196.237
225.224317 195.412
225.230324 201.42
225.234317 196.901
225.240312 200.562
225.244320 200.661
225.250315 196.901
225.254315 193.331
225.260316 196.431
225.264323 204.277
225.270182 202.089
225.274178 199.612
225.280272 197.19
225.284267 196.329
225.290277 199.251
225.294264 200.661
225.300273 199.06
225.304267 194.672
225.310204 198.399
225.314263 196.329
225.320270 198.716
225.324222 199.482
225.330268 194.826
225.334267 194
225.340202 199.151
225.344267 201.42
225.350272 196.987
225.354268 201.02
225.361263 207.251
225.365273 198.073
225.371270 201.792
225.375177 205.526
225.381272 198.494
225.385260 199.905
225.390215 202.83
225.394218 200.661
225.400271 195.576
225.406269 201.792
225.410266 206.465
225.416210 201.936
225.419259 198.073
225.424263 201.02
225.430267 206.932
225.434261 205.117
225.440269 200.562
225.444268 199.905
225.450266 203.066
225.454266 203.199
225.460265 204.749
225.464222 201.02
225.470271 198.716
225.474264 200.25
225.480270 207.087
225.484277 203.836
225.490307 201.658
225.496272 200.01
225.499266 206.787
225.504309 205.244
225.510270 202.181
225.514266 199.251
225.520271 198.494
225.524286 204.607
225.530266 206.015
225.534273 202.943
225.540271 201.42
225.544268 203.708
225.550268 202.181
225.554320 200.562
225.560275 200.472
225.564270 199.725
225.570268 201.884
225.574209 205.65
225.580273 204.24
225.584201 202.83
225.590271 200.661
225.594268 205.883
225.600276 202.83
225.604276 200.562
225.610272 199.81
225.614271 198.98
225.620269 204.24
225.624191 198.313
225.630269 196.901
225.634260 199.06
225.643270 202.83
225.645264 201.973
225.650265 198.98
225.654266 200.392
225.660267 198.98
225.664273 200.562
225.670265 199.81
225.674271 199.151
225.680271 199.905
225.684269 198.494
225.690278 198.399
225.694265 200.562
225.700274 200.562
225.704221 196.825
225.710275 196.825
225.714310 199.905
225.720268 200.01
225.724306 202.428
225.730276 199.482
225.734271 199.482
225.740272 197.19
225.744275 197.841
225.750271 201.42
225.754265 199.06
225.760272 197.568
225.764272 197.568
225.770275 198.399
225.774270 200.771
225.780272 199.482
225.784269 197.19
225.790269 198.842
225.794265 204.443
225.800276 202.089
225.804218 194.371
225.810266 200.25
225.814267 199.361
225.820268 193.197
225.824269 193.104
225.831270 197.436
225.835264 194.517
225.841314 196.084
225.845271 202.181
225.851270 196.329
225.854268 194.263
225.860275 199.123
225.864270 201.636
225.870274 199.123
225.874270 200.385
225.880268 197.19
225.884190 199.251
225.890270 199.151
225.897181 197.568
225.899250 196.825
225.905266 199.81
225.909271 197.568
225.915268 202.072
225.919271 197.74
225.925279 200.125
225.929268 202.566
225.935277 198.073
225.939271 197.434
225.945211 199.612
225.949262 200.771
225.955270 202.072
225.961271 202.83
225.965270 197.74
225.969276 197.084
225.975191 202.428
225.979270 200.25
225.985274 194.918
225.989274 194.165
225.995319 196.329
225.999217 199.251
226.005270 195.489
226.009267 198.494
226.015209 200.891
226.019264 197.952
226.025274 202.428
226.029198 205.38
226.035272 202.181
226.039219 196.156
226.045266 199.905
226.049278 202.943
226.055268 199.905
226.059267 197.841
226.065272 198.716
226.069268 201.02
226.075309 201.02
226.079272 202.428
226.085272 203.066
226.089268 202.181
226.095270 199.905
226.102276 202.072
226.104265 204.353
226.110270 199.905
226.114269 198.313
226.120280 202.83
226.124274 200.661
226.130274 199.361
226.134265 203.973
226.140270 204.9
226.144283 197.952
226.150272 200.25
226.154272 202.566
226.160274 200.125
226.164273 200.125
226.170271 200.661
226.174282 201.42
226.180210 202.181
226.184324 199.905
226.190194 206.932
226.194274 201.02
226.200277 200.25
226.204283 204.9
226.210264 199.482
226.214265 202.428
226.220278 201.534
226.224271 202.943
226.231269 201.534
226.235273 201.658
226.241278 200.25
226.245277 204.9
226.251214 203.342
226.254306 202.428
226.260276 200.891
226.264215 201.658
226.270279 201.658
226.274272 202.566
226.280223 203.342
226.284277 201.792
226.290274 198.716
226.294266 203.199
226.300282 203.199
226.304283 199.361
226.310274 202.428
226.314201 199.361
226.320273 200.125
226.324278 203.342
226.330273 199.361
226.334273 196.987
226.340273 202.181
226.344277 199.905
226.350249 196.237
226.354269 200.01
226.360271 202.943
226.364274 200.771
226.370215 198.494
226.374271 200.125
226.384275 201.658
226.388275 200.771
226.391269 200.661
226.401444 196.987
226.404276 198.494
226.405264 201.534
226.410267 197.841
226.414273 201.42
226.420275 199.06
226.424274 193.145
226.430275 198.237
226.434276 198.237
226.440276 197.497
226.444274 197.568
226.450279 195.412
226.454269 196.987
226.460280 197.084
226.464279 199.482
226.470266 200.25
226.474279 194.165
226.480274 197.084
226.484273 199.251
226.490274 196.237
226.494271 197.649
226.500279 197.649
226.504273 193.197
226.510283 194.672
226.514215 198.399
226.520276 194.743
226.524274 196.329
226.530275 198.6
226.534270 195.673
226.540275 194.077
226.544279 199.251
226.550275 195.489
226.554274 193.933
226.560221 196.156
226.564276 198.494
226.570274 195.576
226.574275 193.331
226.580269 191.919
226.584271 193.414
226.590280 193.507
226.594270 194.263
226.600279 197.952
226.604281 194.826
226.610233 192.588
226.614274 199.251
226.620276 200.891
226.624302 197.952
226.630276 197.307
226.634269 197.307
226.640282 194.371
226.644275 195.898
226.650422 199.612
226.654268 197.307
226.660276 195.021
226.664275 196.431
226.670280 197.084
226.674274 198.494
226.680276 196.237
226.684281 194.826
226.690228 192.588
226.694284 193.414
226.700286 198.716
226.704274 201.02
226.710280 195.021
226.714276 196.543
226.720196 202.089
226.724276 202.252
226.730443 197.57
226.734278 195.133
226.740276 196.543
226.744280 198.716
226.750275 198.6
226.754271 200.661
226.760274 196.901
226.764275 197.649
226.770275 199.905
226.774269 200.771
226.780298 197.841
226.784284 198.6
226.790275 201.02
226.794216 204.12
226.800283 203.342
226.804277 200.891
226.810273 202.428
226.814277 197.841
226.820275 197.841
226.824282 202.566
226.830272 199.482
226.834272 196.431
226.840283 197.952
226.844211 201.02
226.850285 200.385
226.854277 201.02
226.860231 207.087
226.864327 200.771
226.870327 200.125
226.874337 201.02
226.880325 206.465
226.884325 203.199
226.890318 203.066
226.894332 201.534
226.900324 198.6
226.904326 201.02
226.910322 204.12
226.914320 200.529
226.920321 199.752
226.924325 202.714
226.930328 204.12
226.934333 203.973
226.940328 203.836
226.944312 208.655
226.950327 198.977
226.954330 192.961
226.963319 202.566
226.965322 214.618
226.969328 198.313
226.975333 205.117
226.979333 205.526
226.985300 192.852
226.989326 194.263
226.995320 214.009
226.999322 200.891
227.005326 198.073
227.009324 210.205
227.015332 201.308
227.019319 198.6
227.026336 202.072
227.030320 214.273
227.036329 203.708
227.040330 199.482
227.046325 207.251
227.049322 192.588
227.055275 193.197
227.059210 212.085
227.065290 200.891
227.069287 199.752
227.075281 193.61
227.079272 196.329
227.085292 207.711
227.089281 197.841
227.095224 198.116
227.099279 219.329
227.105276 200.142
227.109286 182.483
227.115281 190.591
227.119279 214.721
227.125285 214.83
227.129277 197.19
227.135273 196.431
227.139279 181.108
227.145187 189.623
227.150276 201.467
227.154277 236.681
227.160279 206.553
227.164278 189.095
227.170276 179.805
227.174274 186.762
227.180280 199.902
227.184278 235.194
227.190276 202.181
227.194271 178.899
227.200227 176.828
227.204278 201.4
227.210279 200.062
227.214220 233.893
227.220309 196.621
227.224326 185.348
227.230326 181.794
227.234329 194.077
227.240252 206.022
227.244328 199.279
227.250321 198.04
227.254211 196.023
227.260288 191.031
227.267333 206.022
227.269324 203.973
227.275327 200.01
227.279325 193.933
227.285332 196.084
227.289322 197.568
227.295303 204.24
227.299325 194.672
227.305330 189.636
227.309321 198.716
227.315324 201.936
227.319323 199.123
227.325329 192.961
227.329335 202.872
227.335326 200.529
227.339268 197.307
227.345325 203.342
227.349329 198.6
227.355322 197.084
227.359308 199.251
227.365324 196.987
227.370323 195.576
227.376329 197.084
227.380333 191.919
227.386323 195.673
227.390332 200.25
227.395323 198.6
227.399325 200.01
227.405326 201.534
227.409323 197.74
227.415335 198.494
227.419329 204.607
227.425225 199.251
227.429233 194
227.435323 199.251
227.439337 196.987
227.445331 194.826
227.449269 198.6
227.455301 199.361
227.459331 194.918
227.465327 198.716
227.469336 203.342
227.475324 201.792
227.479335 200.25
227.485331 199.361
227.489331 200.01
227.495406 200.771
227.500331 201.42
227.504497 199.81
227.510324 199.725
227.514321 198.98
227.520329 194.61
227.524332 195.412
227.530328 202.428
227.534326 198.977
227.540332 196.026
227.544331 201.467
227.550326 206.022
227.554322 199.612
227.560325 197.084
227.564331 200.891
227.570338 200.771
227.574308 199.151
227.580332 198.399
227.584282 199.905
227.590329 194
227.594271 194.826
227.600339 201.658
227.604333 201.792
227.610329 195.78
227.614330 204.12
227.620332 210.231
227.624335 196.431
227.630327 195.673
227.634317 205.526
227.640275 202.428
227.644329 196.987
227.650333 204.353
227.657331 200.01
227.667329 194.165
227.669333 197.952
227.671325 202.566
227.682330 196.543
227.684196 195.78
227.685319 198.716
227.690326 198.6
227.694331 205.38
227.700335 200.771
227.704329 194.826
227.711335 199.361
227.715331 206.306
227.721330 202.428
227.725329 200.125
227.731279 198.716
227.734322 191.175
227.740335 194.077
227.744330 203.199
227.750331 200.125
227.754333 196.329
227.760324 196.237
227.764337 200.771
227.770328 202.299
227.774332 197.084
227.780339 198.6
227.784333 202.566
227.790338 201.02
227.794325 203.342
227.800327 201.792
227.804326 195.673
227.810246 193.414
227.814331 199.361
227.820332 199.251
227.824330 194.672
227.830324 196.825
227.834326 200.661
227.840334 200.771
227.844332 197.19
227.850291 203.494
227.854321 202.252
227.860332 197.57
227.864328 198.073
227.870341 203.199
227.874339 197.74
227.880334 191.784
227.884334 201.534
227.890333 205.682
227.894332 197.307
227.900333 199.482
227.904325 201.792
227.910327 201.159
227.914341 196.665
227.920331 198.842
227.924251 205.847
227.930335 201.792
227.937331 199.482
227.939326 200.891
227.945329 200.125
227.949306 201.658
227.955331 198.6
227.959334 197.841
227.965276 199.612
227.969324 195.898
227.975276 198.977
227.979326 201.936
227.985337 201.936
227.989229 196.431
227.995328 194.826
227.999341 202.299
228.005321 202.943
228.010329 197.649
228.014334 196.987
228.020335 203.708
228.024334 199.905
228.030334 200.661
228.034336 203.199
228.040333 201.792
228.044507 198.977
228.050343 198.204
228.054334 200.385
228.060338 201.792
228.064340 194.743
228.070327 199.06
228.074331 204.24
228.080330 197.568
228.084283 196.825
228.090268 200.562
228.094334 203.708
228.100330 197.952
228.104333 196.543
228.110340 201.936
228.114323 198.842
228.120279 198.073
228.124335 201.792
228.130271 199.361
228.134324 199.251
228.140336 196.901
228.144252 201.221
228.150334 200.562
228.155326 195.412
228.161329 196.987
228.165334 201.658
228.171331 200.25
228.175335 196.431
228.180202 197.841
228.184282 201.534
228.190284 200.01
228.194281 195.412
228.200284 196.987
228.204284 201.534
228.210282 197.841
228.214284 196.329
228.220284 198.716
228.224288 201.02
228.230235 195.021
228.234281 195.021
228.240281 202.566
228.244283 199.361
228.250280 194.077
228.254279 196.901
228.260289 201.42
228.264283 196.901
228.270287 194.672
228.274233 199.151
228.280286 199.251
228.284276 192.003
228.290286 195.898
228.294283 205.232
228.300234 197.434
228.304287 192.754
228.310288 197.19
228.314287 200.125
228.320285 197.084
228.324287 199.251
228.330480 201.42
228.334292 197.649
228.340288 196.237
228.344292 197.74
228.350235 196.329
228.354287 195.673
228.360288 197.952
228.364206 197.19
228.370343 196.543
228.374327 199.482
228.380332 197.084
228.384334 196.987
228.390331 197.74
228.394277 199.251
228.400382 197.841
228.404338 197.952
228.410339 200.385
228.414318 198.073
228.420341 195.898
228.424335 198.842
228.430334 201.936
228.434338 198.073
228.440339 197.952
228.444281 197.084
228.450344 197.841
228.454336 199.251
228.460338 198.6
228.464335 199.361
228.470331 194.826
228.474330 194.826
228.480336 197.841
228.484338 198.6
228.491390 199.482
228.495332 199.482
228.501330 196.543
228.505335 199.612
228.511200 199.482
228.515333 198.6
228.520339 195.576
228.524337 196.329
228.530333 197.084
228.534331 200.771
228.540338 201.534
228.544335 194.826
228.550335 195.489
228.554330 201.534
228.560333 200.125
228.564338 199.361
228.570334 200.125
228.574337 200.01
228.580334 202.299
228.584245 200.01
228.590343 198.6
228.594335 199.361
228.600341 196.431
228.604326 198.6
228.610331 200.125
228.614329 197.952
228.620337 198.073
228.624348 201.308
228.630331 201.936
228.634331 203.342
228.640331 198.6
228.644335 199.361
228.650336 200.771
228.654331 199.361
228.660350 201.658
228.664338 200.891
228.670266 199.361
228.674336 197.19
228.680337 202.566
228.684335 203.199
228.690336 198.716
228.694335 195.78
228.700338 203.494
228.704320 204.9
228.710343 199.482
228.714338 198.6
228.720330 200.125
228.724353 201.658
228.730340 199.482
228.734339 203.973
228.740207 203.199
228.744335 198.716
228.750310 201.792
228.754349 204.9
228.760338 201.02
228.764337 197.952
228.770286 198.6
228.774333 201.658
228.780338 203.836
228.784337 200.01
228.790343 199.251
228.794311 203.836
228.800338 200.891
228.804337 199.361
228.810336 202.566
228.814346 205.682
228.820337 198.842
228.824339 198.073
228.830339 204.9
228.834336 201.792
228.840337 198.716
228.844501 201.658
228.850335 202.299
228.854339 197.74
228.860336 202.181
228.864277 200.661
228.870335 200.771
228.874330 197.841
228.880338 197.084
228.884351 200.891
228.890345 202.428
228.894339 197.841
228.901338 198.6
228.905341 204.607
228.911333 200.125
228.915279 197.952
228.921336 203.342
228.925332 202.714
228.930277 194.263
228.934273 197.952
228.944338 202.428
228.948341 196.329
228.951331 197.841
228.961338 206.787
228.964333 199.905
228.965333 198.399
228.970339 201.42
228.974342 200.125
228.980333 201.658
228.984341 199.482
228.990344 201.02
228.994341 199.482
229.003334 197.19
229.005255 199.482
229.010336 201.658
229.014324 198.494
229.020341 198.399
229.024340 201.42
229.030326 201.534
229.035332 199.361
229.039339 200.125
229.045455 196.431
229.049329 195.673
229.055375 200.891
229.059337 199.482
229.065338 197.084
229.069336 200.771
229.075339 199.251
229.079336 196.237
229.085336 200.661
229.089341 202.943
229.095332 197.74
229.099335 196.987
229.105341 201.534
229.109339 198.6
229.115339 197.084
229.119278 199.361
229.125219 200.01
229.129338 199.251
229.135337 197.649
229.139335 203.708
229.145349 198.494
229.150317 196.329
229.154338 200.125
229.160337 198.716
229.164337 200.25
229.170338 198.6
229.174336 199.251
229.180338 196.987
229.184346 195.489
229.190335 200.01
229.194332 200.661
229.200336 199.151
229.204339 197.649
229.210339 196.156
229.214335 197.649
229.220354 199.251
229.224336 196.329
229.230338 197.084
229.237353 202.428
229.239331 196.431
229.245345 197.084
229.249335 202.428
229.255342 198.494
229.259335 196.237
229.265337 197.649
229.269341 202.943
229.275341 199.905
229.281337 199.151
229.285336 200.771
229.289349 195.576
229.295335 198.6
229.299338 203.836
229.305227 200.125
229.309337 195.576
229.315339 199.361
229.319309 201.658
229.325325 199.482
229.329324 200.125
229.335323 197.084
229.339337 194.826
229.345337 196.329
229.349336 204.607
229.355336 200.125
229.359345 196.431
229.365341 197.952
229.369343 201.658
229.375292 203.066
229.379333 201.534
229.385332 200.01
229.389257 196.329
229.395343 200.125
229.399340 203.973
229.405285 202.428
229.409337 197.841
229.415355 199.361
229.421351 200.891
229.425345 199.361
229.431337 200.01
229.434344 200.01
229.439335 197.841
229.445338 199.361
229.449338 200.891
229.455336 200.125
229.459343 199.361
229.465340 196.987
229.469332 199.151
229.475340 198.494
229.479337 200.125
229.485352 202.428
229.489342 198.716
229.495271 198.716
229.499333 201.02
229.505342 199.361
229.509344 200.891
229.515340 202.428
229.519258 200.01
229.525308 200.771
229.529344 202.181
229.535351 201.42
229.539347 197.74
229.545346 196.987
229.549336 202.181
229.555339 199.151
229.559343 194
229.565344 199.251
229.569334 200.891
229.575338 198.716
229.579336 197.307
229.585348 203.342
229.589346 198.6
229.596340 194.918
229.600344 199.361
229.606349 200.125
229.612339 197.084
229.616347 197.084
229.620344 200.125
229.625339 198.716
229.629307 197.307
229.635331 196.543
229.639347 199.482
229.645339 200.25
229.649347 197.19
229.655343 198.6
229.659338 203.199
229.665340 200.125
229.669341 199.361
229.675345 203.199
229.679344 200.125
229.685321 197.841
229.689320 200.891
229.695347 201.792
229.699342 197.19
229.705346 197.19
229.709339 203.973
229.715341 198.6
229.719349 197.084
229.725344 201.534
229.729287 202.943
229.735298 202.299
229.739334 200.125
229.745342 200.125
229.749337 200.25
229.755342 201.792
229.759335 201.792
229.765264 198.716
229.769351 199.361
229.775249 200.01
229.779337 202.943
229.785346 202.072
229.789354 199.81
229.795344 202.83
229.799282 198.399
229.805334 199.251
229.809343 200.891
229.815343 203.973
229.819348 199.361
229.825283 200.125
229.829334 203.708
229.835344 199.151
229.839343 202.943
229.845339 200.771
229.849337 200.01
229.855335 196.987
229.860342 199.905
229.866343 201.316
229.870286 197.568
229.876287 198.237
229.880344 200.472
229.885342 205
229.889342 199.151
229.895340 197.649
229.899340 199.905
229.905342 201.42
229.909346 202.072
229.915293 198.313
229.919341 198.399
229.925340 199.151
229.929344 196.156
229.935346 201.42
229.939339 199.905
229.945340 196.901
229.949288 199.151
229.955701 199.81
229.959338 198.98
229.965340 198.98
229.969339 201.884
229.975338 196.825
229.979342 201.316
229.985347 203.482
229.989346 196.084
229.995359 198.313
229.999339 194.743
230.005452 196.329
230.009265 200.125
230.015249 198.6
230.019160 194.077
230.025224 200.01
230.029214 200.01
230.035289 199.251
230.039297 200.01
230.045295 199.251
230.049293 197.841
230.055296 197.084
230.059315 199.361
230.065297 197.841
230.069298 197.841
230.075296 197.841
230.079295 198.6
230.085295 201.658
230.089292 199.251
230.095301 200.771
230.099296 200.125
230.105294 197.952
230.109202 199.612
230.115309 203.342
230.119295 197.19
230.125301 195.576
230.129295 197.74
230.138293 198.399
230.140296 199.81
230.145297 202.072
230.149297 199.151
230.155294 199.251
230.159293 202.428
230.165295 204.9
230.170234 198.842
230.174231 196.431
230.180297 197.841
230.184300 201.534
230.186337 201.534
