171.811881 124
171.815872 125
171.822089 124
171.826057 124
171.832014 126
171.835976 126
171.842011 128
171.846004 127
171.852006 127
171.855926 125
171.861950 127
171.865983 127
171.872014 126
171.876006 126
171.880013 125
171.885887 126
171.889969 128
171.895895 128
171.899885 128
171.905886 127
171.909852 128
171.915930 126
171.919918 126
171.925918 124
171.929913 122
171.935924 124
171.939919 124
171.945907 121
171.949863 125
171.955827 127
171.959820 126
171.965921 129
171.969919 128
171.975918 128
171.979919 130
171.985921 130
171.989918 131
171.995918 126
171.999908 128
172.005916 126
172.009913 123
172.015947 124
172.019911 125
172.025886 125
172.029922 125
172.035918 127
172.041903 128
172.048913 128
172.050902 125
172.056919 126
172.061919 125
172.067918 126
172.071919 124
172.077921 122
172.081911 124
172.089916 126
172.092911 127
172.096913 127
172.100920 126
172.106919 127
172.110914 129
172.114916 128
172.120915 128
172.124920 125
172.130919 124
172.134903 125
172.140889 123
172.144910 122
172.150915 122
172.154917 124
172.160909 124
172.164926 123
172.170914 124
172.174916 125
172.180920 126
172.184912 127
172.190906 127
172.194914 128
172.200919 128
172.207924 127
172.209920 127
172.215943 126
172.219924 125
172.225924 127
172.229918 125
172.235923 125
172.239921 124
172.245916 125
172.251920 127
172.255922 124
172.259919 127
172.265893 125
172.269918 124
172.278912 124
172.281003 124
172.287007 125
172.291009 127
172.300004 127
172.302996 127
172.307005 126
172.311009 126
172.317016 127
172.324012 126
172.325960 128
172.332019 127
172.336014 125
172.340016 127
172.346011 126
172.350006 127
172.356014 126
172.360014 126
172.366014 126
172.370011 126
172.376024 127
172.379904 126
172.386022 126
172.390011 127
172.397059 126
172.400959 124
172.406951 126
172.410963 127
172.416962 126
172.419905 125
172.425955 126
172.429965 125
172.435898 126
172.439975 125
172.445997 127
172.449957 125
172.455910 125
172.459971 126
172.465960 127
172.469955 127
172.475907 127
172.479963 126
172.485962 127
172.489958 125
172.495973 127
172.499966 126
172.508964 127
172.510954 125
172.515964 125
172.519963 124
172.525967 126
172.529963 125
172.535964 127
172.539963 127
172.545960 127
172.549958 126
172.555963 127
172.560962 125
172.564957 126
172.570974 126
172.574891 127
172.581010 124
172.586014 126
172.590024 125
172.596024 126
172.602015 124
172.606013 126
172.610018 125
172.617018 126
172.626012 127
172.630009 127
172.631002 126
172.644013 126
172.646002 126
172.648012 126
172.652010 125
172.656019 125
172.659990 127
172.666018 127
172.670013 126
172.675975 127
172.680018 128
172.685967 128
172.690017 128
172.699019 127
172.701013 127
172.706008 125
172.710002 126
172.719010 125
172.721012 126
172.726022 126
172.730014 126
172.736020 124
172.743017 126
172.747001 127
172.750991 127
172.755007 127
172.764021 124
172.766004 124
172.774013 124
172.776009 126
172.780951 125
172.786019 125
172.791002 126
172.797014 125
172.801010 127
172.809015 128
172.815016 128
172.816004 128
172.821030 127
172.827007 126
172.831020 126
172.837016 125
172.841010 125
172.847011 125
172.850890 126
172.857020 124
172.860947 123
172.867013 126
172.871007 127
172.880021 126
172.883005 126
172.884903 126
172.891018 126
172.895017 125
172.901016 124
172.905014 125
172.910932 125
172.914941 126
172.920996 126
172.927026 124
172.930015 125
172.935133 126
172.941011 126
172.945009 127
172.951010 126
172.955015 125
172.961015 125
172.965013 125
172.971006 124
172.975012 125
172.981013 125
172.985009 124
172.991012 125
172.994895 124
173.000941 125
173.004962 124
173.011030 126
173.014974 124
173.020968 125
173.025968 126
173.029967 125
173.035971 126
173.039972 125
173.045963 124
173.049962 125
173.055969 124
173.059968 126
173.065971 125
173.069967 124
173.075953 126
173.079973 125
173.085966 127
173.089910 127
173.095966 128
173.099886 125
173.105966 126
173.109964 125
173.115965 125
173.119968 125
173.125912 125
173.129961 125
173.135968 124
173.139974 125
173.145964 122
173.149963 124
173.156973 125
173.160967 124
173.166964 123
173.172967 125
173.174959 127
173.179996 127
173.185974 125
173.189968 125
173.195972 127
173.199923 128
173.205968 129
173.209968 127
173.215969 125
173.219972 128
173.225964 125
173.229968 124
173.235968 125
173.239968 125
173.245968 125
173.249986 125
173.255972 126
173.259968 124
173.265912 123
173.269963 125
173.275968 126
173.279972 125
173.285969 125
173.289961 124
173.295966 123
173.299970 123
173.305964 125
173.309958 125
173.315972 123
173.319967 123
173.325965 126
173.329961 125
173.335966 126
173.339971 125
173.345965 125
173.349966 126
173.355965 127
173.359971 127
173.365961 125
173.369975 124
173.375967 125
173.379969 123
173.385971 124
173.389962 126
173.395979 126
173.399966 127
173.405966 122
173.409959 123
173.415969 125
173.419970 125
173.425982 124
173.429966 124
173.435974 125
173.439976 125
173.446965 123
173.450963 125
173.456972 125
173.460967 125
173.466978 123
173.469970 124
173.475919 125
173.479974 126
173.485969 125
173.489895 125
173.495892 127
173.499972 124
173.505963 126
173.509966 123
173.515976 124
173.519970 125
173.525968 128
173.529935 128
173.535976 126
173.539971 126
173.545908 126
173.549907 127
173.555954 127
173.559921 128
173.565970 126
173.569969 126
173.575925 124
173.579974 122
173.585969 122
173.589970 123
173.595909 120
173.599942 122
173.605968 122
173.609959 126
173.615979 127
173.619972 125
173.626011 125
173.629977 126
173.635969 127
173.639967 126
173.645965 125
173.649913 125
173.655966 126
173.659967 129
173.665969 128
173.669916 128
173.675967 128
173.680974 126
173.684968 124
173.690962 127
173.694965 126
173.700973 123
173.704967 123
173.710971 122
173.714909 125
173.720973 124
173.726465 122
173.729903 122
173.735969 122
173.739914 123
173.745972 121
173.749963 125
173.755968 124
173.759972 123
173.765963 121
173.775977 123
173.777910 125
173.781966 125
173.785894 128
173.791970 127
173.795968 128
173.801967 129
173.805913 130
173.809962 127
173.815971 125
173.819968 126
173.825968 127
173.830201 125
173.835901 124
173.839973 124
173.845969 124
173.849968 127
173.855975 127
173.859971 125
173.865967 124
173.871970 124
173.874960 126
173.881973 124
173.888974 124
173.890960 124
173.904970 123
173.908969 123
173.909959 123
173.911969 121
173.920968 124
173.923969 122
173.925957 122
173.931905 127
173.938966 127
173.940970 126
173.945968 126
173.951967 124
173.955973 126
173.959968 125
173.965970 123
173.970969 122
173.974908 121
173.980981 124
173.984971 125
173.990969 126
173.994954 126
174.000971 128
174.005963 127
174.009968 126
174.015950 125
174.019950 124
174.026970 124
174.030960 123
174.036962 123
174.040969 124
174.046966 124
174.055972 125
174.057963 126
174.061971 126
174.066029 127
174.072003 124
174.076028 124
174.082017 128
174.086021 129
174.092012 129
174.096032 124
174.100023 126
174.106024 128
174.110022 128
174.116022 123
174.120022 123
174.126022 121
174.130011 122
174.136022 123
174.139979 124
174.146016 124
174.150014 123
174.156018 125
174.160001 124
174.166017 125
174.171017 125
174.175020 123
174.181020 124
174.185030 124
174.191016 126
174.194957 125
174.201052 123
174.205025 123
174.211004 123
174.214970 123
174.221022 124
174.225021 126
174.231049 127
174.235024 129
174.241036 128
174.244960 128
174.250981 128
174.255966 128
174.259909 127
174.266017 127
174.270021 126
174.276023 126
174.280021 124
174.286017 124
174.290018 123
174.296021 121
174.300024 121
174.306018 122
174.310023 123
174.316019 122
174.320022 124
174.326013 128
174.329968 127
174.336022 126
174.342022 125
174.346035 125
174.350017 124
174.356022 124
174.360024 123
174.367019 124
174.371019 125
174.376963 126
174.381024 127
174.387024 125
174.391022 124
174.395977 122
174.400021 124
174.406023 123
174.410025 126
174.416021 125
174.420025 126
174.426020 125
174.430024 128
174.436015 128
174.440034 126
174.445995 128
174.450018 126
174.456022 124
174.465006 123
174.465958 120
174.471022 121
174.477033 124
174.481022 125
174.487021 124
174.491030 121
174.497021 124
174.504022 124
174.506014 124
174.512020 123
174.516023 122
174.522024 121
174.526019 122
174.530026 125
174.536033 125
174.540030 126
174.546026 126
174.550016 127
174.555984 125
174.559968 123
174.566281 123
174.570029 128
174.576025 131
174.580145 125
174.586019 122
174.590181 124
174.596018 123
174.600027 128
174.606022 124
174.610020 127
174.616032 130
174.620027 130
174.626027 126
174.630027 129
174.636068 120
174.640025 126
174.646024 125
174.650019 120
174.656025 118
174.660183 128
174.665965 126
174.670022 122
174.675976 125
174.679898 117
174.686022 120
174.690019 125
174.696031 126
174.700025 124
174.706019 125
174.710023 129
174.715951 122
174.720023 114
174.726014 116
174.730016 131
174.736033 133
174.740025 129
174.746021 120
174.750019 126
174.756021 130
174.760025 134
174.766006 129
174.770026 127
174.776025 121
174.782984 121
174.785027 124
174.791023 126
174.795019 125
174.801167 128
174.805024 130
174.811019 129
174.814897 124
174.821985 124
174.825970 121
174.831974 127
174.835975 128
174.841974 124
174.844911 125
174.850974 127
174.854970 129
174.860976 124
174.864982 119
174.871025 121
174.875024 128
174.881023 126
174.885026 123
174.891005 127
174.894988 127
174.901029 130
174.905030 128
174.911020 119
174.915033 118
174.920944 121
174.925031 126
174.931027 127
174.935002 123
174.941064 125
174.945037 126
174.951021 135
174.955025 126
174.961028 124
174.965019 121
174.971026 128
174.975021 128
174.981034 122
174.985027 122
174.991019 122
174.995020 125
175.001026 123
175.005028 124
175.011020 125
175.015012 129
175.021025 128
175.025028 130
175.031019 128
175.035059 129
175.040962 125
175.045026 124
175.051022 125
175.055017 125
175.061022 124
175.069028 122
175.074979 124
175.076022 124
175.080959 127
175.087028 125
175.091024 126
175.097024 124
175.101020 126
175.107024 125
175.111027 126
175.117042 124
175.121019 125
175.127032 124
175.134017 123
175.136025 126
175.142025 124
175.146026 125
175.152035 124
175.158025 125
175.161027 123
175.166027 125
175.170018 124
175.177028 124
175.186027 125
175.190029 124
175.191017 124
175.204025 124
175.206017 124
175.208027 125
175.210016 124
175.216032 124
175.220024 124
175.226025 124
175.230022 126
175.236023 126
175.239971 127
175.246033 124
175.250028 125
175.256022 126
175.260026 126
175.266029 129
175.270021 127
175.275997 125
175.280026 123
175.285965 125
175.290024 123
175.296033 123
175.299921 124
175.306023 124
175.310023 124
175.316028 124
175.320027 127
175.326027 125
175.330018 127
175.335980 125
175.340025 124
175.346030 126
175.350028 125
175.356025 124
175.360028 123
175.366024 124
175.370023 125
175.376030 123
175.379977 124
175.386023 123
175.390021 127
175.396027 127
175.400569 127
175.406017 125
175.412932 126
175.414920 127
175.420942 125
175.424935 123
175.430906 123
175.434915 125
175.440931 123
175.447944 124
175.451946 125
175.458931 125
175.460939 127
175.465931 128
175.471931 126
175.475939 125
175.481936 127
175.485927 126
175.491930 126
175.495975 125
175.499937 127
175.506101 126
175.509936 127
175.515933 125
175.519929 125
175.525918 124
175.529932 125
175.535932 125
175.539933 125
175.545939 125
175.549931 126
175.555939 126
175.559932 125
175.565932 126
175.569932 126
175.575933 125
175.579933 127
175.585931 126
175.589931 126
175.595934 125
175.599910 127
175.605934 126
175.609937 126
175.616933 125
175.620934 125
175.626940 124
175.630930 125
175.636945 127
175.640936 126
175.645932 126
175.649939 127
175.655936 128
175.659931 127
175.665931 126
175.669934 126
175.675936 125
175.679930 124
175.686027 124
175.690001 125
175.696032 125
175.700032 125
175.706026 126
175.710029 126
175.716031 126
175.720033 127
175.726028 126
175.730027 128
175.736033 127
175.740009 125
175.746031 125
175.750033 125
175.755918 125
175.759985 126
175.765937 125
175.769983 124
175.775992 126
175.779985 126
175.785990 126
175.789923 124
175.796040 124
175.800029 126
175.806480 125
175.810001 126
175.816034 125
175.820033 125
175.826029 126
175.830039 125
175.836086 125
175.840037 126
175.846032 127
175.850030 127
175.856031 127
175.860034 126
175.866030 125
175.871024 126
175.877042 126
175.881024 126
175.887029 125
175.891029 128
175.896025 126
175.899939 125
175.906164 125
175.909996 128
175.915983 127
175.919981 127
175.925981 127
175.929978 126
175.935948 125
175.939981 126
175.945981 126
175.949977 124
175.955985 125
175.959981 126
175.968911 125
175.970973 127
175.975979 127
175.979985 126
175.985984 126
175.989981 128
175.995928 127
175.999984 125
176.006774 125
176.009905 126
176.015903 126
176.019913 125
176.025907 125
176.029904 124
176.035904 125
176.039907 126
176.045901 126
176.049905 123
176.055902 125
176.059890 126
176.065901 124
176.069948 124
176.075940 125
176.079937 125
176.085939 126
176.089941 127
176.095940 128
176.099936 127
176.105936 127
176.109936 128
176.115935 127
176.119943 126
176.126042 126
176.132018 126
176.136034 125
176.140033 125
176.146036 126
176.150036 126
176.156006 127
176.160037 126
176.166025 126
176.169976 126
176.176035 127
176.180035 126
176.186035 126
176.190040 126
176.196031 126
176.200014 125
176.206030 126
176.210029 126
176.216034 125
176.220044 125
176.229036 124
176.231026 125
176.236029 124
176.239995 126
176.246038 127
176.250036 126
176.256035 126
176.260034 126
176.266034 127
176.270051 127
176.276010 128
176.280027 127
176.286038 125
176.290032 126
176.296033 125
176.300043 125
176.306028 124
176.310032 125
176.316031 125
176.320031 125
176.326086 125
176.330030 126
176.336029 127
176.343050 127
176.345035 129
176.351029 127
176.355033 127
176.361033 127
176.365037 127
176.371028 127
176.375015 127
176.381039 128
176.385041 126
176.391035 126
176.395027 126
176.401041 126
176.405026 126
176.411035 126
176.415033 124
176.421040 124
176.425039 124
176.430896 125
176.434980 125
176.440984 125
176.445026 125
176.450993 127
176.454982 127
176.464985 126
176.469014 125
176.471984 127
176.481985 127
176.484995 127
176.485977 126
176.490980 125
176.494986 126
176.500977 126
176.504978 126
176.510985 126
176.514979 126
176.523987 126
176.525976 127
176.530984 128
176.534976 127
176.540991 128
176.544986 127
176.550984 127
176.554983 127
176.560982 127
176.564983 127
176.570978 127
176.574993 128
176.580984 127
176.585984 128
176.591989 128
176.595986 126
176.601981 127
176.606028 126
176.610930 127
176.614906 126
176.620912 126
176.624914 126
176.630907 125
176.634908 125
176.640910 125
176.644911 125
176.650910 126
176.654916 126
176.660914 125
176.664912 124
176.670911 124
176.674907 124
176.680912 125
176.684910 125
176.690906 125
176.695912 125
176.699934 125
176.705911 124
176.709934 124
176.715912 126
176.720909 125
176.724914 125
176.730915 126
176.734906 125
176.740912 126
176.744872 127
176.750908 127
176.754881 127
176.760913 127
176.764912 127
176.770909 128
176.774911 128
176.780908 129
176.784912 128
176.790911 127
176.794909 127
176.800915 127
176.804918 127
176.810913 127
176.814910 126
176.820912 126
176.824914 126
176.830911 127
176.834910 127
176.840909 127
176.844913 128
176.851168 128
176.854905 126
176.860915 129
176.864904 129
176.870910 128
176.874905 127
176.880912 127
176.884911 126
176.890906 126
176.894914 127
176.900910 126
176.904910 126
176.910910 127
176.914933 127
176.920915 128
176.924911 128
176.930910 130
176.934904 128
176.940914 127
176.944904 127
176.950915 127
176.954910 126
176.961937 125
176.965917 125
176.971912 123
176.975917 124
176.981912 124
176.985986 124
176.990914 123
176.994913 124
177.000909 127
177.004982 126
177.010988 126
177.014982 125
177.020988 125
177.024990 126
177.030983 126
177.034980 126
177.040985 125
177.044983 125
177.050984 126
177.054978 127
177.060982 125
177.064980 125
177.070984 126
177.074989 126
177.080987 125
177.084929 125
177.090992 126
177.094990 125
177.100985 127
177.104990 126
177.110988 125
177.114991 126
177.120991 127
177.126990 128
177.129991 127
177.134978 127
177.140934 126
177.144996 126
177.150984 127
177.154934 127
177.160988 126
177.164976 126
177.170983 127
177.174981 127
177.180989 128
177.185060 129
177.190998 129
177.194985 127
177.200992 128
177.204937 129
177.210943 128
177.214937 127
177.220942 126
177.224951 126
177.230944 127
177.234952 126
177.240946 127
177.244940 126
177.250940 128
177.254939 127
177.260944 127
177.264912 126
177.272946 127
177.275939 128
177.280937 128
177.284918 127
177.290929 127
177.294947 126
177.300937 125
177.304939 126
177.310941 127
177.314932 126
177.320945 126
177.324940 127
177.330942 128
177.334939 127
177.340942 127
177.344947 127
177.350943 128
177.354940 128
177.363082 127
177.365941 126
177.370940 126
177.374939 126
177.380978 127
177.385032 127
177.391039 126
177.395039 126
177.400979 127
177.405033 128
177.411036 129
177.415040 129
177.423988 128
177.426033 129
177.431995 128
177.435031 127
177.440059 126
177.447040 127
177.451008 126
177.456952 126
177.461041 127
177.467031 126
177.470039 126
177.476046 128
177.480038 129
177.485982 126
177.490066 125
177.496035 126
177.500039 127
177.506038 128
177.510033 127
177.516038 127
177.520036 127
177.526037 128
177.530040 128
177.536040 127
177.540040 127
177.546034 128
177.550034 127
177.556039 126
177.560038 127
177.566039 126
177.570029 127
177.576039 127
177.580037 127
177.586050 128
177.590033 127
177.596039 128
177.600039 127
177.606035 129
177.610030 128
177.615993 127
177.620036 127
177.626033 127
177.630041 126
177.636038 126
177.639960 127
177.646035 127
177.650035 128
177.656040 129
177.660050 128
177.666044 128
177.670043 128
177.676039 128
177.680043 129
177.686037 126
177.690030 127
177.697039 125
177.701041 126
177.707037 127
177.711040 126
177.717041 127
177.720035 126
177.726035 127
177.730038 127
177.737034 125
177.746040 127
177.750043 127
177.751030 129
177.764043 128
177.766031 128
177.768041 127
177.770035 128
177.775947 129
177.780043 128
177.785924 128
177.790007 128
177.795947 127
177.799931 127
177.805929 126
177.810451 127
177.815990 126
177.819960 126
177.826046 127
177.830038 126
177.836050 127
177.840042 127
177.846042 127
177.850037 126
177.856042 128
177.860041 128
177.866043 127
177.870041 127
177.876040 128
177.880040 128
177.886045 127
177.890044 126
177.896026 126
177.900007 126
177.906043 127
177.910034 127
177.916042 127
177.920052 126
177.926024 128
177.930049 127
177.936044 127
177.940039 127
177.946042 127
177.950034 127
177.956042 127
177.960041 127
177.965964 126
177.970035 125
177.976044 126
177.980041 126
177.986040 126
177.990044 126
177.996042 126
178.000044 127
178.006035 127
178.010038 127
178.016034 127
178.019913 128
178.025996 128
178.029992 127
178.035991 127
178.039991 127
178.045995 126
178.049986 127
178.055993 128
178.059996 126
178.065987 127
178.069988 126
178.075988 127
178.079991 126
178.085930 128
178.089911 127
178.095999 127
178.099993 127
178.106010 126
178.109995 127
178.115996 126
178.119993 126
178.125986 125
178.129988 124
178.135994 124
178.139997 126
178.145994 127
178.149993 128
178.155995 128
178.159935 127
178.166053 128
178.170042 128
178.176043 127
178.180050 127
178.187043 127
178.193040 126
178.196048 126
178.202042 125
178.206042 125
178.211028 124
178.215040 126
178.221044 126
178.225048 125
178.230975 126
178.235042 129
178.241043 130
178.245042 129
178.251039 130
178.255045 129
178.261037 128
178.265045 128
178.271037 128
178.275040 127
178.281041 128
178.285048 128
178.291046 126
178.295040 126
178.301042 127
178.305046 126
178.311037 127
178.315038 127
178.320972 127
178.325037 127
178.331045 127
178.334964 126
178.340976 127
178.345046 127
178.351035 126
178.355040 125
178.361042 126
178.365047 126
178.371037 125
178.375045 124
178.381045 126
178.385044 126
178.391036 127
178.395042 127
178.401047 128
178.405043 129
178.411114 128
178.415004 127
178.420986 128
178.425040 128
178.431056 126
178.435056 126
178.441056 126
178.445044 127
178.451043 128
178.455048 130
178.461042 129
178.465040 129
178.471055 130
178.475035 131
178.481049 131
178.485053 129
178.491040 128
178.495040 128
178.501048 126
178.508043 126
178.509989 126
178.516041 126
178.520045 125
178.526039 125
178.530051 126
178.536040 125
178.540049 127
178.546044 127
178.550043 128
178.556043 128
178.559985 130
178.566043 130
178.570046 129
178.575990 129
178.580050 127
178.585933 126
178.590047 126
178.597046 126
178.601051 123
178.607042 122
178.611050 124
178.617049 125
178.621048 126
178.626029 124
178.630052 126
178.636054 127
178.640047 126
178.646047 128
178.650049 127
178.656047 128
178.660023 126
178.666047 127
178.669977 128
178.676036 127
178.681045 129
178.685048 128
178.691041 127
178.694973 126
178.701060 128
178.705048 128
178.711047 128
178.715051 127
178.721047 127
178.725047 127
178.730909 126
178.735004 126
178.741005 126
178.744992 126
178.750999 128
178.754999 129
178.760991 128
178.764995 126
178.770935 127
178.774997 126
178.780999 127
178.784997 127
178.790996 130
178.794993 129
178.801002 129
178.804997 128
178.811006 128
178.814994 127
178.820997 126
178.824993 124
178.830995 125
178.835051 124
178.841042 124
178.845042 124
178.851041 126
178.855047 126
178.860989 126
178.865050 128
178.871051 129
178.875048 129
178.880975 127
178.885041 125
178.891044 126
178.895042 126
178.901048 125
178.904987 125
178.910985 125
178.915046 127
178.921051 127
178.927044 127
178.930049 125
178.935044 125
178.941049 126
178.945043 126
178.950919 127
178.954998 126
178.960908 126
178.965042 126
178.971000 128
178.975021 128
178.981005 127
178.984998 127
178.991003 128
178.994996 128
179.000923 125
179.004939 125
179.010920 127
179.015002 128
179.025003 128
179.029007 127
179.032003 126
179.042366 126
179.045005 128
179.045986 125
179.051001 126
179.057008 127
179.059997 127
179.065002 128
179.070999 127
179.074997 130
179.081007 130
179.085002 130
179.091001 128
179.094989 126
179.101033 126
179.105054 127
179.111052 127
179.115047 127
179.121053 127
179.125043 128
179.131037 128
179.135069 129
179.141056 127
179.144948 125
179.151006 125
179.154996 125
179.160999 127
179.164995 126
179.170996 126
179.175004 126
179.181000 127
179.184998 127
179.191003 126
179.195011 126
179.201007 125
179.205002 127
179.211002 127
179.214996 126
179.221006 125
179.225003 125
179.230995 125
179.235001 126
179.241004 125
179.245010 124
179.250996 125
179.254990 125
179.260953 127
179.264999 126
179.271003 127
179.274958 128
179.281009 128
179.284996 129
179.291002 128
179.300002 129
179.300993 128
179.305954 127
179.312040 127
179.316010 127
179.322002 129
179.326002 129
179.332009 129
179.335938 130
179.340006 129
179.345997 129
179.350000 128
179.355952 128
179.360000 127
179.366001 126
179.370000 126
179.376000 126
179.380006 126
179.387004 127
179.390999 126
179.397000 126
179.400978 126
179.406996 127
179.410011 128
179.415999 126
179.419999 126
179.426001 126
179.429994 128
179.435996 127
179.440000 126
179.446006 125
179.449949 125
179.456002 127
179.459999 126
179.465998 125
179.469999 126
179.476000 126
179.480004 128
179.486000 127
179.489999 127
179.498001 126
179.500945 127
179.506045 127
179.510040 127
179.515996 127
179.520050 128
179.526051 127
179.530044 127
179.536050 127
179.540049 128
179.546044 127
179.550045 126
179.556049 126
179.560119 125
179.566046 125
179.570045 125
179.576051 125
179.580050 127
179.586063 127
179.589985 127
179.596060 126
179.600053 127
179.606053 128
179.609953 127
179.615915 127
179.619950 127
179.625994 128
179.629914 126
179.636005 126
179.640000 126
179.646005 126
179.650001 128
179.656016 126
179.660049 127
179.666045 126
179.670048 128
179.676049 127
179.679991 128
179.686047 129
179.690044 128
179.696054 128
179.700051 126
179.706047 125
179.710047 124
179.716051 126
179.720050 126
179.726055 126
179.729991 125
179.736054 125
179.740053 127
179.746054 127
179.749994 126
179.756050 127
179.760054 126
179.766049 125
179.770048 126
179.776049 125
179.780015 124
179.787055 124
179.791066 125
179.797057 124
179.801045 124
179.807046 125
179.810060 125
179.816050 126
179.820053 125
179.826049 126
179.830057 126
179.836052 126
179.840051 127
179.846053 127
179.850050 126
179.856053 127
179.860055 128
179.866052 128
179.870064 127
179.876052 127
179.880083 126
179.886052 127
179.890054 128
179.896056 129
179.900055 128
179.905999 126
179.910048 126
179.916000 126
179.920054 125
179.926050 126
179.930048 126
179.936054 127
179.940053 127
179.946056 128
179.950057 128
179.956057 127
179.960055 128
179.966051 126
179.971050 126
179.974927 126
179.981006 128
179.984955 127
179.991005 127
179.995006 126
180.001013 126
180.004999 126
180.011002 126
180.015002 126
180.021013 125
180.025007 126
180.031011 127
180.035003 128
180.041007 127
180.045005 128
180.051006 126
180.054957 127
180.061001 126
180.065003 127
180.071006 126
180.075007 127
180.080947 127
180.085003 126
180.091005 127
180.095003 126
180.101007 128
180.105004 126
180.111002 127
180.115008 126
180.121008 126
180.125006 127
180.130943 127
180.134995 128
180.141005 128
180.145006 129
180.151005 128
180.154997 127
180.161009 126
180.164997 128
180.171005 129
180.175001 129
180.180956 127
180.185008 126
180.191007 128
180.195004 129
180.201004 130
180.204984 128
180.211835 127
180.214909 129
180.220953 129
180.224938 128
180.231929 127
180.235992 127
180.242007 128
180.246006 126
180.251936 128
180.256060 126
180.261054 126
180.265057 126
180.271050 126
180.275049 126
180.281053 126
180.285038 127
180.291062 127
180.295062 125
180.305057 127
180.309054 125
180.312049 128
180.322052 126
180.325055 126
180.326047 126
180.331054 125
180.337024 126
180.340059 125
180.344992 126
180.351050 125
180.355054 126
180.361054 127
180.364972 128
180.371054 127
180.375047 127
180.381057 127
180.385047 127
180.391062 128
180.395049 127
180.401060 127
180.405058 127
180.411060 125
180.415036 125
180.421058 124
180.425057 124
180.431058 124
180.435049 126
180.441051 125
180.445056 125
180.451048 126
180.454999 128
180.461050 129
180.465032 127
180.471054 126
180.475050 125
180.481053 128
180.485031 126
180.491049 127
180.495051 126
180.500991 127
180.505050 128
180.511051 128
180.515062 126
180.521056 127
180.525059 129
180.530987 129
180.535050 128
180.541049 126
180.545054 126
180.551057 126
180.555052 127
180.561054 127
180.565056 126
180.571057 126
180.575051 126
180.580935 128
180.585017 127
180.591012 127
180.595006 127
180.600936 127
180.605007 127
180.611012 127
180.615007 126
180.621008 127
180.625002 127
180.630998 126
180.635000 126
180.641007 127
180.645006 126
180.651003 127
180.655012 125
180.661008 127
180.665954 126
180.672008 125
180.676012 125
180.682009 126
180.686009 126
180.691007 127
180.695006 126
180.700951 126
180.705009 127
180.711009 126
180.714955 126
180.721009 126
180.725012 126
180.731001 126
180.736002 125
180.739966 126
180.746001 126
180.750002 128
180.756008 129
180.759964 128
180.765932 128
180.770003 128
180.775998 128
180.780007 129
180.786001 127
180.790013 126
180.796011 125
180.800005 126
180.806001 126
180.810006 124
180.815940 127
180.820007 126
180.825913 127
180.829915 128
180.835926 126
180.839922 127
180.845915 125
180.849925 126
180.857919 126
180.860915 126
180.865921 126
180.869919 125
180.875918 126
180.879928 125
180.885917 123
180.889920 124
180.895920 126
180.899927 128
180.905918 126
180.909917 127
180.915922 127
180.919919 126
180.925919 126
180.929915 127
180.935919 127
180.939919 127
180.945919 127
180.949907 128
180.955924 127
180.959922 128
180.965919 125
180.969919 127
180.975922 126
180.979919 127
180.985925 125
180.989921 124
180.995923 127
180.999918 125
181.005921 127
181.009917 127
181.015875 127
181.019887 127
181.025889 127
181.029899 126
181.035905 128
181.039902 127
181.046905 128
181.050903 127
181.056903 126
181.060902 126
181.066919 126
181.069933 125
181.075937 125
181.079935 125
181.085937 124
181.089934 126
181.095939 125
181.099940 126
181.105936 129
181.109934 128
181.115937 127
181.119937 128
181.125934 126
181.129972 128
181.135970 125
181.139972 126
181.145968 124
181.149970 127
181.155971 127
181.159972 127
181.165953 128
181.169968 127
181.175970 128
181.179969 127
181.185975 128
181.189967 128
181.195973 127
181.199971 127
181.205982 127
181.209980 127
181.216003 127
181.219973 126
181.225958 127
181.229966 126
181.235937 127
181.239971 125
181.246014 126
181.250015 126
181.256018 127
181.260016 127
181.266016 127
181.270021 126
181.276017 128
181.280017 128
181.286013 127
181.290014 128
181.296016 126
181.300012 127
181.305955 126
181.310008 125
181.316019 128
181.320014 127
181.325956 128
181.330002 127
181.335941 126
181.340003 128
181.346059 127
181.350053 129
181.358061 128
181.361062 128
181.366062 128
181.370061 128
181.376063 126
181.380045 126
181.386066 126
181.390065 125
181.395927 127
181.403065 125
181.405033 126
181.411058 125
181.414958 126
181.420976 127
181.424972 126
181.430969 127
181.434985 126
181.440962 126
181.444983 129
181.450967 129
181.454966 128
181.460972 127
181.465977 127
181.471971 127
181.475974 125
181.481973 127
181.485963 126
181.490969 126
181.494955 126
181.500975 126
181.504972 128
181.510968 127
181.514968 128
181.520970 127
181.524971 128
181.533026 128
181.536063 128
181.541070 127
181.545057 128
181.551059 126
181.555064 126
181.561057 128
181.565059 127
181.571059 125
181.575063 126
181.585052 124
181.589030 127
181.592003 127
181.602069 126
181.605065 128
181.605994 125
181.611062 127
181.615056 127
181.621107 126
181.624973 128
181.630931 127
181.634979 127
181.640939 127
181.644940 127
181.650940 125
181.654936 127
181.660935 126
181.664943 126
181.670934 126
181.674940 125
181.680937 126
181.684981 127
181.690939 127
181.694939 128
181.700930 128
181.704936 128
181.710943 128
181.714935 127
181.720940 126
181.724943 127
181.730935 127
181.734936 126
181.740940 126
181.744971 124
181.750965 126
181.754967 126
181.760985 125
181.764972 126
181.770973 126
181.774963 127
181.780973 128
181.784976 127
181.790975 128
181.794971 129
181.800970 128
181.804970 128
181.810969 128
181.814974 127
181.820972 127
181.824969 127
181.830976 126
181.834966 126
181.840970 127
181.844970 128
181.850999 128
181.854971 127
181.860974 127
181.864974 128
181.870968 126
181.874972 126
181.880976 126
181.884972 126
181.890972 126
181.894967 127
181.900977 126
181.904977 126
181.910975 127
181.915069 125
181.921197 126
181.925061 124
181.931057 124
181.935063 126
181.941063 127
181.945072 128
181.951063 129
181.954978 128
181.961060 128
181.965068 129
181.971060 127
181.975062 128
181.981062 127
181.985063 126
181.991062 126
181.995066 126
182.003010 127
182.006058 127
182.011087 127
182.014967 125
182.021262 126
182.024921 127
182.030922 128
182.035978 128
182.039980 127
182.045971 129
182.049970 129
182.055977 128
182.059916 129
182.065947 128
182.069944 127
182.075939 127
182.079933 127
182.085940 125
182.089940 125
182.095938 128
182.099946 129
182.105939 128
182.109937 127
182.115942 128
182.119946 129
182.126221 128
182.129910 126
182.135944 127
182.139941 127
182.145939 127
182.149936 127
182.155946 129
182.159933 127
182.165941 126
182.169932 126
182.175942 126
182.179930 126
182.186072 127
182.189969 126
182.195945 126
182.199950 125
182.206068 128
182.210066 130
182.216026 129
182.220075 127
182.226061 129
182.230068 127
182.236065 128
182.239963 127
182.246062 126
182.250062 125
182.256064 124
182.260067 126
182.266249 124
182.269955 126
182.275931 125
182.279929 126
182.286004 128
182.289956 126
182.295993 128
182.300075 128
182.306069 129
182.310068 129
182.316016 129
182.320067 127
182.326078 128
182.330072 126
182.336015 125
182.340065 127
182.346071 124
182.350070 126
182.356065 126
182.360074 126
182.366060 128
182.370072 129
182.376018 128
182.382054 126
182.386017 126
182.390061 127
182.396067 126
182.400015 126
182.406010 126
182.410068 126
182.416074 125
182.421072 127
182.429074 127
182.431007 128
182.437000 127
182.441074 126
182.446070 127
182.450069 128
182.456018 128
182.460068 127
182.466068 128
182.470072 127
182.476067 127
182.480066 127
182.486088 127
182.490070 127
182.496075 126
182.500067 127
182.506065 126
182.510069 123
182.515991 124
182.520042 127
182.526068 127
182.530060 127
182.536069 124
182.540078 128
182.546073 128
182.550064 128
182.556082 129
182.560072 127
182.566066 127
182.570065 130
182.576070 130
182.580073 129
182.586076 127
182.590063 129
182.596072 129
182.600078 129
182.606070 127
182.610066 127
182.615947 127
182.619947 129
182.626034 129
182.630012 128
182.636021 127
182.640028 128
182.645967 126
182.650014 128
182.656020 125
182.660020 124
182.665986 126
182.670013 127
182.676025 127
182.680020 127
182.686019 125
182.690087 126
182.696020 128
182.700028 128
182.706016 127
182.710018 125
182.716024 126
182.719942 129
182.726021 130
182.730021 129
182.736023 128
182.740004 128
182.746019 128
182.750026 128
182.756020 125
182.759976 127
182.765949 127
182.771021 129
182.777018 127
182.781020 127
182.787014 125
182.791001 127
182.795970 127
182.800026 126
182.806019 126
182.810012 127
182.816022 128
182.820021 127
182.826020 128
182.830025 126
182.836027 126
182.840025 126
182.846022 127
182.850020 125
182.856035 125
182.866026 125
182.870021 127
182.871011 126
182.884026 127
182.886016 128
182.888020 129
182.890012 130
182.896020 127
182.900035 127
182.905960 127
182.910026 126
182.916021 127
182.920021 126
182.926030 126
182.930015 124
182.936021 125
182.940019 125
182.946019 125
182.949962 126
182.956022 125
182.962023 126
182.966022 125
182.970018 129
182.976022 128
182.980026 127
182.985965 125
182.990017 123
182.996027 126
183.000028 129
183.006030 127
183.010024 124
183.015927 124
183.020027 126
183.026021 129
183.029993 129
183.036020 128
183.040024 128
183.046015 129
183.050014 129
183.056019 127
183.060021 128
183.065960 126
183.073024 126
183.075017 126
183.081017 126
183.085021 127
183.091019 126
183.095016 127
183.103032 127
183.105942 125
183.111075 126
183.115077 128
183.121079 127
183.125065 129
183.131065 126
183.135067 127
183.141067 127
183.145071 127
183.151068 125
183.155071 124
183.161044 125
183.165075 127
183.171075 127
183.175062 128
183.181085 128
183.185075 127
183.191065 129
183.195074 128
183.201069 128
183.205076 129
183.212007 128
183.216078 129
183.222073 128
183.226072 127
183.232077 127
183.237075 126
183.241072 127
183.245071 127
183.251070 124
183.255070 127
183.260943 129
183.267026 127
183.271024 128
183.275036 127
183.281028 129
183.285030 128
183.291021 127
183.295024 128
183.300956 125
183.305025 126
183.311031 128
183.315472 127
183.321025 126
183.324966 125
183.331025 126
183.335026 127
183.341026 126
183.345022 127
183.351000 126
183.355025 128
183.361026 129
183.365025 128
183.370962 128
183.375023 129
183.381031 128
183.385026 126
183.391161 124
183.395023 126
183.401026 127
183.405031 125
183.411076 127
183.415074 126
183.421060 127
183.425068 130
183.431069 129
183.435079 129
183.441071 128
183.445067 129
183.451072 129
183.455075 128
183.461076 125
183.465086 124
183.471067 124
183.475070 124
183.481076 124
183.485074 125
183.491069 125
183.495048 125
183.501079 126
183.505076 127
183.511017 128
183.515069 129
183.522074 128
183.526077 128
183.532073 129
183.536072 128
183.542072 129
183.545075 128
183.551075 129
183.555074 128
183.561018 126
183.565072 129
183.571069 127
183.575071 127
183.581079 128
183.585077 127
183.591078 129
183.595072 126
183.601079 126
183.605070 125
183.611068 124
183.615069 126
183.621077 124
183.625069 123
183.631072 125
183.635076 126
183.641079 126
183.646077 127
183.650025 126
183.656027 129
183.660075 128
183.666070 127
183.670074 128
183.676075 127
183.680022 127
183.686075 128
183.690072 127
183.696078 129
183.700026 126
183.706071 127
183.710080 129
183.716075 126
183.720077 128
183.726075 126
183.730136 127
183.736083 127
183.740076 126
183.746072 126
183.750052 127
183.756078 126
183.760075 125
183.766075 125
183.770015 126
183.775932 126
183.780079 127
183.786078 127
183.790081 126
183.796087 126
183.800007 127
183.806086 127
183.810077 127
183.816081 128
183.820077 128
183.826076 128
183.830078 126
183.836007 128
183.840082 126
183.846073 128
183.850072 127
183.856078 129
183.860075 126
183.866084 127
183.870058 126
183.876076 127
183.880078 125
183.888077 126
183.891071 127
183.895948 127
183.900038 126
183.906031 126
183.909960 126
183.916036 126
183.920034 126
183.926026 126
183.930028 128
183.936034 127
183.939959 127
183.947031 128
183.951031 128
183.957031 130
183.961030 130
183.967025 127
183.970032 128
183.976027 127
183.980035 128
183.986025 126
183.990028 125
183.996031 124
184.000029 124
184.006029 126
184.010019 127
184.016009 126
184.020031 125
184.025983 126
184.030025 126
184.036034 126
184.039992 125
184.046026 125
184.049987 126
184.056027 127
184.060084 127
184.066071 127
184.070080 127
184.076077 127
184.080080 129
184.086080 128
184.092019 127
184.096079 128
184.100078 126
184.106073 126
184.110073 126
184.116079 127
184.120027 126
184.126079 124
184.130069 126
184.136078 128
184.146078 127
184.150075 127
184.151067 129
184.163078 126
184.165078 127
184.166071 127
184.171072 126
184.175017 127
184.181076 126
184.185078 128
184.191074 127
184.195074 128
184.200918 127
184.206037 127
184.210026 127
184.216033 126
184.220030 125
184.226041 126
184.230027 125
184.236027 127
184.240033 126
184.248034 126
184.250959 126
184.256083 127
184.260079 127
184.266076 128
184.270118 127
184.276018 128
184.280078 127
184.286074 128
184.290072 128
184.297080 128
184.301066 127
184.307084 125
184.311072 125
184.317063 125
184.321082 124
184.326015 126
184.330079 125
184.336086 127
184.340079 126
184.349083 126
184.353076 128
184.356075 127
184.361088 127
184.365074 128
184.371076 127
184.375080 129
184.381077 128
184.385072 127
184.391074 126
184.395074 125
184.401091 126
184.406077 126
184.415086 127
184.417079 127
184.420073 124
184.426065 126
184.430072 126
184.436085 126
184.440080 127
184.446081 126
184.450078 126
184.456080 124
184.460029 127
184.466079 127
184.470083 127
184.476001 127
184.480081 128
184.486082 127
184.490081 127
184.496076 127
184.500027 127
184.506079 127
184.510022 127
184.516071 128
184.521078 127
184.525077 126
184.531079 127
184.535082 127
184.541082 126
184.546079 125
184.550087 127
184.556086 126
184.559998 125
184.565953 126
184.569974 124
184.576029 125
184.580051 127
184.586036 127
184.590029 127
184.596033 128
184.600035 127
184.606035 128
184.610026 127
184.615976 127
184.619987 127
184.626036 127
184.630031 128
184.636031 128
184.640036 128
184.645945 129
184.650031 128
184.656031 129
184.660053 130
184.665977 129
184.669979 128
184.676045 128
184.682031 128
184.685031 126
184.691032 125
184.695030 127
184.701031 126
184.705034 125
184.713032 123
184.720037 125
184.721023 124
184.726031 125
184.730031 127
184.736092 128
184.739974 128
184.746040 127
184.750031 127
184.756084 127
184.760094 127
184.766084 127
184.770083 127
184.776007 127
184.780001 128
184.786021 127
184.790081 126
184.796086 127
184.800080 127
184.806121 128
184.810077 127
184.816084 127
184.820082 127
184.826078 127
184.830076 126
184.836082 126
184.840081 125
184.846076 126
184.850075 126
184.856080 124
184.860085 126
184.866084 126
184.870079 126
184.875963 125
184.879972 126
184.886038 127
184.890034 127
184.896029 126
184.900037 126
184.906035 125
184.910032 125
184.916033 125
184.919961 125
184.926029 124
184.930038 125
184.936030 124
184.943032 124
184.947024 126
184.951028 127
184.957033 125
184.961030 127
184.966974 127
184.971026 127
184.978029 127
184.980962 126
184.986034 125
184.990034 126
184.996038 125
185.000036 124
185.006034 124
185.010034 125
185.016037 125
185.020087 125
185.026083 126
185.030073 127
185.036085 127
185.040004 127
185.046240 126
185.050087 127
185.056082 127
185.060081 126
185.066081 126
185.070080 126
185.076080 126
185.081088 125
185.085022 126
185.091081 126
185.095084 126
185.102967 127
185.106044 127
185.110976 127
185.115032 125
185.121035 126
185.125040 126
185.131028 127
185.135028 127
185.141038 126
185.144954 125
185.151029 126
185.155034 127
185.163070 125
185.176041 126
185.186057 127
185.186974 126
185.189078 126
185.191076 126
185.197085 126
185.201076 127
185.207089 126
185.211079 126
185.217082 126
185.221085 127
185.227078 128
185.230998 126
185.235079 126
185.241084 126
185.247079 127
185.250075 127
185.257249 127
185.260078 126
185.265085 127
185.271102 128
185.275081 129
185.290089 129
185.292052 128
185.294077 126
185.298082 126
185.305084 126
185.306077 128
185.311080 128
185.315077 127
185.323085 125
185.326028 125
185.331085 126
185.335079 127
185.341085 125
185.345053 126
185.352085 128
185.356086 125
185.364081 127
185.371087 126
185.372081 125
185.378089 125
185.381079 126
185.387080 127
185.391086 128
185.395052 128
185.401090 128
185.407090 128
185.410084 129
185.445989 128
185.449086 127
185.451075 128
185.454085 126
185.456080 129
185.462096 128
185.466081 127
185.472091 126
185.478088 126
185.481086 127
185.488086 128
185.491077 129
185.496026 127
185.500024 129
185.506081 129
185.516090 128
185.517078 129
185.522081 129
185.526086 127
185.532102 128
185.536100 127
185.556098 126
185.559079 126
185.560088 124
185.561024 125
185.566090 126
185.572086 127
185.576085 127
185.580030 125
185.586065 125
185.590094 126
185.601094 127
185.602075 128
185.607084 127
185.611083 127
185.617088 127
185.621087 128
185.627093 127
185.642087 128
185.645088 126
185.646103 124
185.647077 124
185.655084 124
185.657082 124
185.662003 124
185.666085 124
185.672034 122
185.678088 126
185.687083 125
185.689090 124
185.691079 125
185.696082 127
185.702082 129
185.706080 127
185.711089 125
185.717086 126
185.728094 126
185.731081 127
185.732089 126
185.737089 125
185.746086 126
185.749094 124
185.751081 124
185.760088 126
185.764964 124
185.766030 124
185.770985 126
185.779984 126
185.781029 126
185.796042 126
185.799033 126
185.800038 127
185.801028 127
185.806036 128
185.812039 126
185.815965 125
185.822240 125
185.826090 128
185.832085 126
185.836087 128
185.842089 125
185.846087 128
185.852088 125
185.856086 125
185.862087 125
185.866082 124
185.872097 123
185.876086 121
185.880116 123
185.886089 124
185.890082 123
185.896089 124
185.900088 124
185.905967 125
185.910089 123
185.915983 124
185.920047 123
185.926095 125
185.930099 126
185.936088 127
185.940095 128
185.946092 128
185.950086 128
185.956087 129
185.959962 128
185.966048 128
185.972039 125
185.976044 125
185.980039 124
185.986077 124
185.990047 125
185.996042 126
186.002034 124
186.005035 125
186.011048 126
186.015038 126
186.021032 127
186.025039 126
186.031052 128
186.035042 128
186.041040 126
186.046977 127
186.051974 128
186.055969 127
186.060100 126
186.066084 126
186.070223 126
186.076012 126
186.080093 127
186.086083 126
186.090087 127
186.096099 127
186.100091 128
186.106087 127
186.110091 127
186.116086 127
186.120091 126
186.126085 126
186.130080 126
186.137090 126
186.141077 127
186.147085 126
186.151082 128
186.157090 127
186.160085 126
186.166084 127
186.172085 126
186.175085 126
186.181097 126
186.185091 126
186.191089 126
186.195041 126
186.201093 126
186.205090 126
186.211034 127
186.215094 127
186.221085 127
186.225099 127
186.231060 126
186.235092 124
186.241088 125
186.245089 125
186.251079 127
186.255091 125
186.261087 127
186.265092 127
186.271083 127
186.279091 127
186.281092 127
186.287086 127
186.291087 126
186.297087 126
186.301091 126
186.307084 124
186.311085 126
186.317092 125
186.321089 124
186.327091 124
186.331089 126
186.337089 125
186.340093 126
186.345086 124
186.351087 125
186.355097 124
186.361092 124
186.365019 125
186.371091 125
186.375089 126
186.381085 126
186.385092 126
186.391092 126
186.395096 128
186.401041 126
186.405095 125
186.412097 125
186.416093 125
186.422093 124
186.427086 124
186.431086 124
186.437042 125
186.440013 123
186.446091 127
186.450010 127
186.456013 126
186.460094 127
186.466089 127
186.470088 126
186.476093 126
186.480172 125
186.486094 124
186.492092 124
186.495083 125
186.501087 125
186.505096 124
186.511091 124
186.515093 125
186.521101 126
186.525093 125
186.531088 126
186.535080 125
186.541074 126
186.545036 128
186.551086 128
186.555060 128
186.561092 127
186.565081 126
186.571085 128
186.575043 126
186.581094 127
186.585093 127
186.591102 127
186.595089 128
186.601100 128
186.605093 128
186.611051 128
186.615026 126
186.621040 128
186.625096 127
186.631095 128
186.635082 126
186.641095 126
186.645035 126
186.651090 127
186.655093 126
186.661089 126
186.665088 127
186.671094 128
186.675092 128
186.681092 128
186.685087 128
186.690952 129
186.695054 128
186.704966 128
186.709090 129
186.712095 127
186.722094 127
186.725092 128
186.726085 128
186.731047 128
186.735085 127
186.741094 129
186.745096 129
186.751085 128
186.755070 128
186.761075 129
186.765096 127
186.771096 126
186.775094 128
186.781107 128
186.785086 126
186.793096 127
186.800103 127
186.801085 127
186.805987 127
186.811052 127
186.817065 126
186.820958 126
186.826956 127
186.830951 127
186.835963 126
186.840013 127
186.846074 128
186.850002 127
186.855996 129
186.860014 128
186.866092 128
186.870101 128
186.876097 127
186.880049 127
186.886096 127
186.890094 126
186.896009 127
186.900089 127
186.906094 127
186.910094 126
186.916093 126
186.920081 127
186.926085 127
186.930100 127
186.936093 127
186.940090 129
186.946094 128
186.950006 127
186.955961 127
186.960049 127
186.966046 126
186.970050 126
186.976047 127
186.980046 126
186.986043 126
186.989955 126
186.996093 126
187.002073 126
