132.700647 129
132.705892 129
132.706633 129
132.711987 129
132.717773 129
132.721776 128
132.727834 127
132.731842 127
132.737782 128
132.741783 129
132.747832 128
132.751785 128
132.757780 129
132.761779 128
132.765705 128
132.771851 129
132.775787 129
132.781787 129
132.785757 128
132.793794 127
132.796779 127
132.801785 127
132.805780 128
132.811703 129
132.815863 129
132.821785 128
132.825725 127
132.831784 127
132.835832 127
132.843831 127
132.846775 127
132.851791 127
132.857931 129
132.861647 130
132.867799 129
132.871646 129
132.877672 128
132.880727 127
132.886735 127
132.890735 127
132.896737 127
132.900732 128
132.906739 128
132.910738 129
132.916740 129
132.920734 129
132.926730 128
132.931799 127
132.935769 127
132.951805 126
132.953725 126
132.962734 126
132.965670 127
132.966725 128
132.967789 129
132.970727 130
132.976742 129
132.980737 130
132.986734 129
132.990735 127
132.996676 126
133.002741 126
133.005728 126
133.011796 128
133.015769 129
133.021736 130
133.025738 131
133.031925 131
133.035818 131
133.041781 131
133.045794 130
133.051853 128
133.055821 127
133.061785 127
133.066732 127
133.071848 127
133.075783 127
133.081785 128
133.085790 129
133.091762 129
133.095854 130
133.101782 131
133.106786 130
133.110781 129
133.116795 129
133.120790 127
133.126784 126
133.130779 127
133.136783 128
133.140782 128
133.146788 128
133.150784 128
133.156786 129
133.160795 128
133.166812 128
133.170701 129
133.176795 129
133.180798 128
133.186782 128
133.190782 128
133.196789 127
133.200793 127
133.206799 127
133.210783 127
133.216788 128
133.220786 128
133.226735 129
133.230733 130
133.236791 131
133.240789 131
133.246785 130
133.250784 128
133.256780 127
133.260783 126
133.266793 125
133.270789 125
133.276730 125
133.280712 126
133.286788 128
133.290773 130
133.296788 131
133.300707 131
133.307862 131
133.311833 131
133.317760 129
133.321784 128
133.327808 125
133.330780 124
133.338790 125
133.341709 126
133.346780 127
133.350754 129
133.356781 130
133.360790 130
133.366785 131
133.370784 129
133.376790 128
133.380789 126
133.386787 125
133.390784 124
133.396784 125
133.402785 126
133.406780 127
133.410792 130
133.416791 131
133.420789 131
133.426788 131
133.431857 131
133.435802 130
133.441786 129
133.445786 128
133.451848 127
133.455841 126
133.461733 127
133.465786 128
133.471850 129
133.475826 129
133.481787 130
133.485793 131
133.491855 131
133.495834 131
133.501786 131
133.505789 131
133.511856 129
133.515809 129
133.521783 128
133.525788 128
133.531853 128
133.537804 128
133.540783 129
133.546787 130
133.551858 129
133.555799 130
133.561669 130
133.565748 130
133.571795 129
133.575895 129
133.581688 128
133.585733 127
133.591798 127
133.595768 126
133.601678 126
133.605732 127
133.611799 128
133.615765 128
133.621737 128
133.625732 129
133.631663 129
133.635799 128
133.641738 129
133.645736 128
133.651676 127
133.657738 126
133.660738 126
133.666739 127
133.672744 127
133.675793 127
133.681743 127
133.685733 127
133.691679 127
133.695689 127
133.701673 128
133.705741 128
133.711750 128
133.715795 129
133.721751 129
133.725737 128
133.731749 129
133.735795 129
133.741738 128
133.745738 127
133.752741 128
133.756742 128
133.762742 128
133.766744 129
133.773738 129
133.780743 129
133.781730 129
133.786683 128
133.792658 128
133.796690 127
133.802739 126
133.806736 126
133.812738 128
133.816741 129
133.822745 131
133.826738 130
133.832733 130
133.836743 130
133.842734 129
133.846731 128
133.850738 127
133.856740 127
133.860737 126
133.866811 126
133.870752 126
133.876741 126
133.880710 128
133.886744 129
133.890699 130
133.896702 130
133.900787 130
133.906803 130
133.910784 129
133.916796 129
133.920790 129
133.926791 127
133.930786 127
133.936789 127
133.940798 128
133.946789 128
133.950792 129
133.956793 130
133.960977 130
133.966741 130
133.970787 130
133.976788 131
133.980792 130
133.986787 129
133.990791 128
133.996791 128
134.000738 127
134.006784 127
134.010788 128
134.017785 129
134.021792 131
134.027837 131
134.031854 131
134.037787 131
134.040795 131
134.046712 129
134.050794 129
134.056789 128
134.060768 128
134.066793 127
134.070734 127
134.076792 128
134.080790 128
134.086786 129
134.090791 130
134.096791 130
134.100789 130
134.106686 129
134.110747 128
134.116683 127
134.120794 126
134.126789 126
134.130798 126
134.136798 126
134.140786 127
134.146787 128
134.150787 130
134.156791 131
134.160789 130
134.166786 128
134.170800 127
134.176790 127
134.180793 126
134.186738 125
134.190788 125
134.196793 126
134.200803 127
134.206792 129
134.210786 130
134.216792 131
134.226786 131
134.230795 131
134.231859 130
134.242786 128
134.245789 127
134.246785 126
134.251862 125
134.255831 126
134.263858 127
134.266785 128
134.274786 128
134.276799 129
134.280796 131
134.286797 131
134.292793 130
134.295863 129
134.301796 128
134.305763 127
134.311707 126
134.315759 125
134.321740 125
134.325745 125
134.331805 127
134.335679 128
134.341749 129
134.345743 128
134.351802 128
134.355679 128
134.361878 126
134.365738 125
134.371798 124
134.375768 124
134.381693 124
134.385741 125
134.391804 126
134.395776 126
134.407751 126
134.410737 127
134.411801 127
134.416733 127
134.422663 126
134.426738 125
134.432748 124
134.436743 124
134.442742 123
134.446739 123
134.452737 123
134.456741 124
134.462742 125
134.466742 125
134.472742 125
134.475795 124
134.480739 123
134.486739 124
134.491798 124
134.495663 124
134.501693 124
134.505740 123
134.511747 123
134.515794 122
134.522237 123
134.525856 122
134.531795 122
134.535794 122
134.541741 121
134.547799 121
134.550738 121
134.555776 121
134.561744 120
134.565742 120
134.571797 121
134.575779 120
134.581745 120
134.585743 121
134.591802 121
134.595796 120
134.601745 119
134.605754 118
134.611747 118
134.615804 118
134.621747 119
134.626153 119
134.631818 119
134.635756 119
134.641743 120
134.645752 120
134.651752 120
134.655802 120
134.661697 120
134.665744 119
134.671693 118
134.675751 117
134.681748 117
134.685684 118
134.691753 119
134.695795 120
134.701745 121
134.705686 121
134.711865 121
134.715868 120
134.721800 118
134.725799 117
134.731856 117
134.735807 117
134.741794 118
134.745798 120
134.751860 120
134.755836 121
134.761793 121
134.765796 121
134.771870 120
134.775864 119
134.781792 119
134.785795 118
134.791870 118
134.795832 118
134.803859 118
134.806952 117
134.811863 118
134.815842 118
134.821735 119
134.827877 119
134.830789 119
134.835812 119
134.841799 120
134.845798 119
134.855867 118
134.856791 117
134.861798 116
134.867866 116
134.871828 116
134.878812 118
134.882747 117
134.891865 116
134.896790 116
134.897739 116
134.901792 117
134.906796 118
134.910775 120
134.916796 121
134.920810 120
134.926795 119
134.930793 118
134.938683 118
134.945755 118
134.946704 117
134.951756 116
134.957750 115
134.963755 115
134.966739 115
134.971752 116
134.977750 116
134.983805 116
134.986691 117
134.991758 118
134.995756 119
135.001744 119
135.005753 117
135.011755 116
135.015831 114
135.021753 112
135.025750 111
135.031853 113
135.035756 115
135.041746 119
135.045747 120
135.051834 119
135.055684 117
135.061750 116
135.065743 115
135.071753 115
135.075751 114
135.081670 113
135.085836 114
135.091849 114
135.095805 114
135.101825 114
135.105783 114
135.111869 115
135.115841 116
135.121803 117
135.127758 118
135.130789 119
135.136802 118
135.140800 116
135.146730 115
135.150791 115
135.156794 115
135.160654 114
135.166800 114
135.170797 115
135.176769 116
135.180796 116
135.186802 115
135.190794 114
135.196820 113
135.200803 113
135.206680 115
135.210759 115
135.216749 116
135.220747 115
135.226748 114
135.230701 113
135.236805 113
135.240798 112
135.246802 112
135.250808 113
135.256792 113
135.260807 115
135.267878 116
135.271814 115
135.277919 113
135.281755 112
135.287813 113
135.291758 113
135.296745 112
135.300817 112
135.306763 112
135.310753 113
135.316754 115
135.320751 116
135.326757 116
135.330752 113
135.336751 110
135.340758 110
135.346747 112
135.350750 115
135.358806 117
135.361802 116
135.366808 115
135.370777 114
135.376814 113
135.380801 111
135.386796 112
135.390804 113
135.396801 114
135.402802 113
135.405805 113
135.411870 112
135.418132 112
135.421809 113
135.425798 113
135.431866 112
135.435803 111
135.441803 110
135.445802 113
135.451870 116
135.455838 120
135.461787 120
135.465785 118
135.471895 114
135.475836 110
135.481819 110
135.485774 112
135.491877 114
135.495865 116
135.505813 118
135.509798 118
135.511867 118
135.522803 117
135.525801 116
135.526792 113
135.531868 112
135.535818 113
135.543863 116
135.546802 119
135.551837 119
135.555866 119
135.561822 118
135.570802 117
135.571856 116
135.576733 114
135.582814 113
135.586802 113
135.592803 116
135.596801 119
135.602667 121
135.606705 121
135.610806 119
135.616804 114
135.620803 110
135.626799 108
135.632804 109
135.635839 112
135.641797 114
135.645802 115
135.651864 115
135.655894 115
135.661801 113
135.665805 111
135.672805 109
135.676736 108
135.682942 110
135.687041 112
135.692674 114
135.695646 115
135.701675 116
135.706672 117
135.710673 115
135.716670 111
135.720672 108
135.726673 109
135.730672 110
135.736673 112
135.740661 113
135.746671 114
135.752676 115
135.755667 115
135.760671 112
135.766674 108
135.770673 106
135.776670 107
135.780674 111
135.786673 115
135.790669 115
135.796680 114
135.800673 112
135.806673 110
135.810710 110
135.816700 114
135.820708 115
135.826710 115
135.830704 115
135.836701 113
135.840707 113
135.846703 112
135.850699 112
135.856714 112
135.860703 114
135.866701 116
135.870703 115
135.876703 113
135.880706 113
135.886697 115
135.890704 116
135.896712 115
135.900713 114
135.906711 113
135.910708 113
135.916709 114
135.920705 114
135.926704 114
135.930689 114
135.936716 114
135.940706 114
135.946704 115
135.950710 115
135.956715 114
135.960711 114
135.966703 113
135.970703 115
135.976706 117
135.980706 119
135.986712 119
135.990692 118
135.996712 116
136.000713 115
136.006712 113
136.010709 111
136.016798 111
136.020811 113
136.026798 116
136.031816 117
136.036802 116
136.042798 114
136.046803 113
136.052744 114
136.056807 116
136.061804 117
136.065803 118
136.071870 119
136.075840 118
136.081806 117
136.085806 116
136.091833 113
136.097756 111
136.100755 112
136.106761 113
136.110748 113
136.116750 113
136.120750 114
136.126757 115
136.130755 117
136.136745 119
136.140756 119
136.146747 117
136.150755 114
136.156753 111
136.160751 110
136.166751 112
136.170744 114
136.176748 116
136.180745 117
136.186752 116
136.190748 115
136.196865 113
136.200759 110
136.206755 108
136.210755 111
136.216755 115
136.220760 117
136.226750 116
136.230755 115
136.238756 113
136.241753 112
136.246769 111
136.250755 113
136.256757 114
136.260751 116
136.266754 116
136.270751 115
136.276753 112
136.280759 108
136.286715 108
136.290706 114
136.296708 118
136.300801 118
136.306807 116
136.310810 113
136.316748 112
136.320806 115
136.326801 117
136.330798 118
136.336801 116
136.340805 115
136.346807 113
136.350755 113
136.356750 114
136.360805 114
136.366799 115
136.371872 117
136.377812 118
136.381803 118
136.387872 117
136.391841 116
136.396880 115
136.400800 115
136.406692 115
136.410751 115
136.416761 116
136.420759 116
136.426749 115
136.430749 114
136.436760 114
136.440757 114
136.446752 116
136.450750 119
136.456756 120
136.460754 118
136.466754 116
136.470747 114
136.476781 113
136.480751 113
136.486754 115
136.490805 118
136.496759 120
136.500785 120
136.506764 119
136.510745 118
136.516686 116
136.520755 115
136.526764 115
136.530754 116
136.536755 118
136.540754 119
136.546755 118
136.550756 117
136.556756 115
136.560753 115
136.566750 115
136.570684 116
136.576814 116
136.580806 116
136.586780 116
136.590797 117
136.596810 118
136.600809 117
136.606832 116
136.610799 115
136.616803 115
136.620808 115
136.626741 115
136.630807 114
136.636802 114
136.640801 114
136.646807 116
136.650806 117
136.656805 118
136.660800 118
136.666806 117
136.670808 117
136.676805 116
136.680803 115
136.686741 115
136.690813 116
136.696805 117
136.702804 117
136.707872 116
136.711782 115
136.717773 116
136.721799 118
136.727879 120
136.731869 120
136.737808 118
136.741805 117
136.747884 118
136.751843 118
136.757800 118
136.761800 118
136.767874 118
136.770798 118
136.775841 118
136.785804 117
136.789807 118
136.791864 118
136.802805 120
136.805799 122
136.806801 121
136.811868 119
136.815868 116
136.821801 116
136.825804 117
136.831710 117
136.836805 118
136.842805 119
136.846801 120
136.852886 120
136.856771 120
136.861752 119
136.865755 118
136.871850 118
136.875675 118
136.881760 119
136.885887 119
136.891828 118
136.895859 118
136.901703 117
136.905752 116
136.911852 115
136.914750 114
136.921720 114
136.925764 116
136.931822 117
136.934747 117
136.941757 116
136.944752 115
136.953768 116
136.956750 117
136.961702 116
136.965753 114
136.971842 114
136.975821 114
136.981761 115
136.984691 114
136.991846 112
136.995855 113
137.001752 116
137.004751 118
137.011850 119
137.016093 119
137.021769 118
137.026757 118
137.030757 118
137.036753 117
137.039693 115
137.046763 112
137.050758 113
137.056757 116
137.060752 119
137.066761 120
137.070758 120
137.076756 118
137.080756 117
137.086702 117
137.090766 118
137.096760 118
137.099844 118
137.106757 119
137.109752 119
137.116756 118
137.120757 117
137.126758 116
137.129756 116
137.136758 118
137.139841 120
137.146754 120
137.149758 119
137.156753 120
137.160770 120
137.166758 121
137.170759 120
137.176765 120
137.179858 118
137.186764 118
137.189762 119
137.196767 119
137.199858 119
137.206760 117
137.209756 119
137.216761 122
137.220765 122
137.226914 121
137.229754 119
137.236759 118
137.240755 119
137.246761 120
137.249756 121
137.256766 121
137.259846 121
137.266756 121
137.270753 120
137.276766 119
137.279849 118
137.286761 117
137.289753 116
137.296763 116
137.299850 117
137.306766 119
137.309760 120
137.316760 121
137.319845 121
137.326766 120
137.329753 120
137.336763 119
137.339849 119
137.346698 118
137.349797 117
137.356813 117
137.359880 118
137.366817 119
137.369805 119
137.376807 119
137.379871 118
137.386724 117
137.389807 118
137.396814 119
137.399873 119
137.406813 120
137.409806 120
137.416813 120
137.419873 120
137.426810 120
137.429750 119
137.436811 117
137.439870 117
137.446843 118
137.449805 118
137.456804 119
137.461804 120
137.467853 120
137.471844 122
137.477807 123
137.481806 123
137.486910 123
137.489696 122
137.496809 122
137.499845 123
137.506732 123
137.509765 123
137.516810 124
137.519873 124
137.526829 124
137.529803 125
137.536812 125
137.539872 126
137.546806 126
137.549805 127
137.556811 127
137.559868 127
137.566820 127
137.569814 127
137.576790 127
137.579878 127
137.586817 127
137.589817 127
137.596812 126
137.599769 126
137.606697 126
137.609770 126
137.616762 126
137.619845 127
137.626756 127
137.629714 127
137.636762 127
137.639824 127
137.646758 127
137.649756 128
137.656767 127
137.659822 127
137.666759 126
137.669756 126
137.676863 126
137.679692 127
137.686761 127
137.689753 127
137.696761 128
137.699710 129
137.706770 128
137.709688 128
137.716763 128
137.719680 128
137.726773 128
137.729691 128
137.736761 128
137.739837 127
137.746771 126
137.749754 126
137.756762 126
137.759832 126
137.766755 127
137.769758 127
137.776759 127
137.779818 128
137.786759 129
137.789752 129
137.796721 129
137.799824 128
137.806764 128
137.809760 128
137.816769 127
137.819828 127
137.826764 127
137.829708 126
137.836759 126
137.839832 127
137.846685 127
137.849765 127
137.856708 127
137.859852 128
137.866756 129
137.869768 129
137.876763 129
137.879823 129
137.886715 128
137.889812 128
137.896823 127
137.902753 126
137.906808 126
137.912814 126
137.916812 126
137.922928 127
137.924806 128
137.931890 128
137.934806 127
137.941816 126
137.944810 126
137.951882 126
137.954804 128
137.961779 128
137.964808 128
137.971881 128
137.974807 128
137.981803 128
137.984808 128
137.991882 127
137.994735 126
138.001815 126
138.004810 127
138.011852 127
138.014795 127
138.021814 127
138.024808 127
138.031880 128
138.034808 128
138.041756 128
138.044736 127
138.051884 128
138.055763 129
138.065813 129
138.069753 129
138.071828 128
138.082809 127
138.085817 126
138.086792 125
138.091976 125
138.094762 125
138.101770 126
138.104762 127
138.111763 128
138.114757 129
138.121699 129
138.124767 129
138.131840 128
138.134753 126
138.141763 126
138.144762 126
138.151861 126
138.154755 126
138.163848 127
138.166754 127
138.171851 127
138.174756 128
138.181740 128
138.186764 128
138.192768 127
138.196740 128
138.202765 128
138.206769 129
138.211688 128
138.214769 128
138.221775 127
138.224760 127
138.231856 127
138.234756 128
138.241768 127
138.244765 127
138.251848 127
138.254758 128
138.261912 129
138.264768 129
138.271872 129
138.274755 129
138.281772 128
138.284717 128
138.291871 128
138.294804 128
138.301758 128
138.304808 127
138.311880 127
138.314720 128
138.321817 128
138.324808 129
138.331703 129
138.334805 129
138.341816 129
138.344810 129
138.351778 128
138.354810 128
138.361809 128
138.364832 127
138.371881 128
138.374732 128
138.381818 130
138.385080 131
138.391873 131
138.394807 131
138.401832 131
138.404811 129
138.411882 128
138.414830 127
138.421814 126
138.424811 126
138.431803 127
138.434810 128
138.441814 129
138.444812 130
138.451885 131
138.454811 132
138.461819 131
138.464787 130
138.471880 129
138.474808 129
138.481827 129
138.484808 129
138.491876 128
138.494818 128
138.501817 129
138.504758 129
138.511851 131
138.514813 131
138.521817 132
138.524811 132
138.531821 132
138.534810 132
138.541810 131
138.544813 130
138.551881 129
138.554709 129
138.561819 129
138.564786 130
138.571875 130
138.574808 130
138.581840 131
138.584805 131
138.591879 131
138.594730 130
138.601820 130
138.604840 130
138.611881 130
138.614817 131
138.621818 131
138.624816 130
138.631839 129
138.634821 129
138.641817 129
138.644816 130
138.651873 130
138.654814 130
138.661713 131
138.664770 131
138.671857 131
138.676695 132
138.682719 131
138.686766 131
138.693025 130
138.696790 129
138.701692 129
138.704689 129
138.711690 129
138.714683 130
138.721687 131
138.724689 132
138.731660 133
138.734686 132
138.741692 131
138.744688 130
138.751686 130
138.754687 129
138.761689 129
138.764683 130
138.771688 130
138.774686 130
138.781690 131
138.784683 131
138.791689 132
138.794687 132
138.801819 131
138.804687 130
138.811688 129
138.814688 129
138.821688 129
138.824684 129
138.831689 129
138.834685 131
138.841687 131
138.844689 131
138.851688 131
138.854686 131
138.861688 131
138.864686 131
138.871685 130
138.874685 129
138.881689 129
138.884684 130
138.891690 130
138.894686 130
138.903692 130
138.906689 131
138.911770 132
138.914761 133
138.921767 133
138.924769 133
138.931855 132
138.934764 130
138.941765 129
138.944772 129
138.951855 129
138.954760 130
138.961767 131
138.964764 131
138.971853 132
138.974761 133
138.981777 132
138.984768 131
138.991857 130
138.994759 129
139.001772 128
139.004766 128
139.011866 129
139.014750 130
139.021772 131
139.024764 131
139.031882 132
139.034758 132
139.041780 132
139.044762 132
139.051852 131
139.054760 130
139.061766 130
139.064767 130
139.071865 130
139.074759 131
139.081769 131
139.084767 131
139.091820 131
139.094760 131
139.101769 130
139.104765 130
139.111835 131
139.114760 131
139.121795 132
139.124774 132
139.131848 131
139.134761 131
139.141773 130
139.144764 130
139.151871 131
139.154727 130
139.162828 130
139.166848 131
139.174829 132
139.176815 133
139.181825 132
139.184809 132
139.191988 132
139.194812 131
139.201823 131
139.204822 130
139.211878 131
139.214813 133
139.221817 134
139.224820 135
139.231878 133
139.234810 132
139.241816 131
139.244818 130
139.251881 131
139.254781 131
139.261824 131
139.264814 132
139.271872 133
139.274811 134
139.281819 135
139.284814 134
139.291860 133
139.295009 132
139.301775 132
139.304763 132
139.311862 131
139.314761 130
139.321774 129
139.327856 131
139.329761 132
139.336770 133
139.346774 133
139.350764 133
139.351851 132
139.365770 133
139.366677 133
139.367703 132
139.372770 132
139.376769 132
139.382766 132
139.386766 131
139.392777 131
139.396770 131
139.402770 132
139.409770 132
139.414768 132
139.416770 131
139.422770 131
139.426709 131
139.432704 131
139.435864 130
139.439832 130
139.446771 132
139.449770 133
139.456777 133
139.459856 132
139.466769 131
139.469772 131
139.476771 131
139.479859 132
139.486771 132
139.489769 131
139.496771 130
139.499686 130
139.506772 130
139.509777 130
139.516773 130
139.522711 131
139.526766 131
139.529764 131
139.536776 132
139.539860 132
139.546770 132
139.549765 131
139.556776 130
139.559856 129
139.568771 130
139.575863 131
139.582774 131
139.584766 132
139.586765 132
139.593771 131
139.597766 130
139.601714 129
139.609694 129
139.612778 129
139.618771 131
139.622767 132
139.627862 132
139.633762 132
139.636764 132
139.641772 132
139.647773 131
139.651699 130
139.657771 130
139.661796 130
139.664771 131
139.671851 132
139.677773 132
139.679836 132
139.686727 132
139.689769 132
139.696772 133
139.699853 132
139.706752 132
139.709778 132
139.716773 132
139.719865 133
139.726773 133
139.729770 132
139.736773 132
139.739873 131
139.746777 131
139.751878 131
139.754762 132
139.761773 132
139.764768 133
139.771860 135
139.774762 136
139.781774 136
139.784772 134
139.791861 131
139.794693 131
139.803862 131
139.806694 132
139.811796 133
139.814767 134
139.821773 134
139.824766 135
139.831862 133
139.837776 131
139.841791 131
139.844769 131
139.851857 134
139.857768 136
139.861771 136
139.864773 135
139.871859 134
139.874725 133
139.881767 132
139.884778 131
139.891784 131
139.894715 132
139.901732 134
139.904733 134
139.911794 134
139.914818 134
139.921820 134
139.924833 133
139.931888 132
139.934817 133
139.941821 134
139.944821 134
139.951881 134
139.954994 134
139.961824 134
139.964819 133
139.971884 133
139.977762 132
139.982829 131
139.985800 130
139.989825 130
139.996827 131
140.002768 133
140.004820 134
140.011807 135
140.014721 134
140.021825 132
140.027818 130
140.031879 129
140.034818 131
140.041824 132
140.044792 133
140.051834 134
140.054816 133
140.061942 132
140.064821 131
140.071899 129
140.074830 130
140.083812 132
140.086765 135
140.091885 135
140.094697 135
140.101786 134
140.104772 132
140.111872 132
140.114769 132
140.121781 131
140.124771 132
140.131841 132
140.134778 133
140.141770 134
140.144768 134
140.151845 134
140.154777 133
140.161731 133
140.164777 133
140.171832 134
140.174765 134
140.181726 134
140.184771 133
140.193707 133
140.196768 132
140.201786 132
140.207760 132
140.210769 132
140.214780 132
140.221775 133
140.224774 134
140.231869 135
140.234806 135
140.241789 134
140.244770 134
140.251859 133
140.256805 132
140.259864 132
140.266787 132
140.269775 132
140.276775 133
140.279857 133
140.286782 134
140.289776 134
140.296774 134
140.299856 133
140.306732 133
140.313846 132
140.315883 133
140.321764 134
140.327816 133
140.331886 133
140.336849 133
140.339857 133
140.346823 133
140.349822 133
140.356828 133
140.362823 133
140.364823 133
140.371812 132
140.374768 132
140.381829 133
140.384823 134
140.394820 135
140.396825 134
140.402826 133
140.406827 133
140.409830 132
140.416826 132
140.422824 133
140.425828 133
140.429825 133
140.436832 132
140.439887 133
140.446826 134
140.449830 134
140.456820 134
140.459829 133
140.466835 133
140.469770 132
140.476829 132
140.479833 132
140.486746 133
140.489820 132
140.497119 132
140.499875 132
140.506672 132
140.512676 133
140.514664 134
140.523674 134
140.530670 134
140.531666 133
140.536671 132
140.542673 132
140.546674 133
140.552670 133
140.556677 134
140.562669 133
140.566673 132
140.572669 131
140.576667 131
140.582670 132
140.586668 132
140.592715 133
140.595698 133
140.599706 134
140.606778 134
140.609774 134
140.616788 133
140.626722 132
140.630769 132
140.631851 132
140.642777 133
140.645777 133
140.646767 133
140.651857 133
140.654774 133
140.661884 132
140.664778 131
140.671856 131
140.674772 131
140.681771 132
140.684768 132
140.691872 134
140.696731 134
140.702777 133
140.706717 132
140.712782 132
140.716778 131
140.721787 131
140.724772 131
140.731869 132
140.734819 134
140.741796 134
140.744766 133
140.753826 132
140.756829 131
140.761833 131
140.764822 132
140.771821 132
140.774825 132
140.781825 133
140.784832 132
140.791816 132
140.794823 132
140.801828 133
140.804841 132
140.811813 131
140.814720 131
140.821760 131
140.824828 132
140.831812 133
140.837830 134
140.839806 133
140.846879 132
140.849834 132
140.856827 131
140.859811 132
140.866829 133
140.869845 133
140.876835 133
140.879811 133
140.886833 134
140.889827 134
140.896833 133
140.899810 133
140.906829 132
140.909833 131
140.916832 131
140.919817 132
140.926833 132
140.929835 134
140.936830 135
140.939812 135
140.946835 134
140.949832 133
140.956829 132
140.959814 132
140.966832 132
140.969778 131
140.976834 131
140.979820 132
140.986787 133
140.989830 134
140.996833 134
140.999809 133
141.006832 132
141.009830 131
141.016830 131
141.019812 132
141.026834 132
141.029828 132
141.036838 133
141.039813 133
141.046829 132
141.049734 132
141.056786 132
141.059824 132
141.066776 133
141.069780 133
141.077791 134
141.081774 133
141.087823 132
141.091831 131
141.097834 131
141.099818 131
141.106733 131
141.109730 132
141.116737 132
141.119794 133
141.126835 132
141.129828 132
141.136835 131
141.139814 131
141.146832 132
141.149831 132
141.156837 132
141.159814 133
141.166832 132
141.169774 132
141.176830 131
141.179813 131
141.186830 130
141.189823 131
141.196831 132
141.199792 133
141.206789 133
141.209797 133
141.216780 132
141.219841 132
141.226785 132
141.229781 132
141.236930 133
141.239803 133
141.246780 132
141.249782 132
141.256777 132
141.259843 132
141.266782 131
141.269778 131
141.276786 131
141.279838 132
141.286774 132
141.289723 132
141.296788 132
141.299843 132
141.307117 132
141.309783 132
141.316782 132
141.319850 133
141.326782 133
141.329783 133
141.336786 133
141.339791 132
141.346782 132
141.349783 131
141.356792 131
141.359794 131
141.366778 131
141.369781 132
141.376780 132
141.379773 132
141.386783 132
141.389783 131
141.396783 131
141.399840 131
141.406725 131
141.409771 131
141.416786 131
141.419839 132
141.426780 131
141.429775 132
141.436787 131
141.439894 131
141.446782 130
141.449780 130
141.456725 130
141.459842 130
141.466776 130
141.469781 131
141.476785 131
141.479841 131
141.486797 130
141.489782 130
141.496785 129
141.499850 130
141.506782 131
141.509783 131
141.516778 131
141.519845 131
141.526709 130
141.529783 129
141.536795 129
141.539846 129
141.547838 129
141.551984 129
141.557781 130
141.561793 131
141.567839 132
141.569734 131
141.576790 129
141.579838 129
141.586783 128
141.589782 128
141.596783 129
141.599967 130
141.606775 131
141.609777 132
141.616811 132
141.619801 130
141.626789 129
141.629777 127
141.636782 127
141.639847 128
141.646783 130
141.649784 131
141.656784 132
141.659928 132
141.666779 131
141.669956 130
141.676782 130
141.679839 130
141.686782 131
141.689795 131
141.696730 132
141.699967 133
141.706710 132
141.709734 132
141.716706 131
141.719705 130
141.726781 129
141.729781 129
141.736793 130
141.739808 130
141.746791 131
141.749786 131
141.756789 131
141.759844 132
141.766792 131
141.769778 131
141.776783 131
141.779849 131
141.786785 132
141.789787 133
141.796788 133
141.799838 131
141.806733 131
141.809786 130
141.816799 130
141.819842 130
141.826786 130
141.829782 130
141.836783 132
141.839844 132
141.846789 133
141.849782 132
141.856783 132
141.859802 132
141.867803 132
141.870777 132
141.877787 132
141.881786 132
141.887837 132
141.889779 131
141.896786 131
141.906789 129
141.910782 129
141.911839 130
141.924726 131
141.927859 132
141.929779 133
141.931819 134
141.937785 134
141.941732 132
141.947792 131
141.951840 130
141.954777 130
141.961793 131
141.964781 131
141.971841 132
141.974703 132
141.981791 131
141.984781 131
141.991865 131
141.994778 131
142.001793 131
142.004780 131
142.011841 131
142.014747 131
142.021780 131
142.024818 132
142.031853 132
142.034778 131
142.041708 130
142.044707 130
142.051813 130
142.054775 130
142.061785 131
142.064780 131
142.071843 130
142.074724 131
142.083837 131
142.086721 130
142.091812 129
142.094776 129
142.101790 130
142.104780 132
142.111847 133
142.114777 132
142.121790 131
142.124778 131
142.131844 131
142.137778 130
142.139704 130
142.146784 129
142.149785 129
142.156727 129
142.159815 131
142.166790 131
142.169786 131
142.176825 131
142.179829 131
142.186834 131
142.189837 130
142.196832 129
142.199826 128
142.206843 128
142.209834 129
142.216835 129
142.219825 129
142.226836 129
142.229830 130
142.236838 131
142.239854 131
142.246831 132
142.249836 132
142.256836 131
142.261840 130
142.264835 129
142.271842 128
142.274778 128
142.281834 129
142.284785 129
142.291819 131
142.294912 131
142.301897 131
142.304834 131
142.311888 130
142.314837 129
142.321834 130
142.324834 130
142.331794 131
142.334833 130
142.341843 131
142.344799 131
142.351821 131
142.354831 131
142.361836 131
142.365835 130
142.372841 130
142.375879 131
142.382840 131
142.385848 130
142.391819 130
142.394834 130
142.401837 130
142.404839 130
142.411867 129
142.414837 129
142.421837 131
142.424839 132
142.431820 133
142.434835 132
142.441799 131
142.444784 130
142.451847 128
142.454835 127
142.461836 127
142.464844 128
142.471863 129
142.474836 130
142.481845 131
142.484783 131
142.491820 131
142.494832 132
142.501841 131
142.504833 130
142.511861 129
142.514831 130
142.521841 130
142.524834 130
142.531828 130
142.534832 129
142.541842 130
142.544836 130
142.551819 130
142.555172 130
142.561835 131
142.564836 130
142.571820 130
142.574834 130
142.581839 130
142.584844 130
142.591819 129
142.594833 128
142.601843 127
142.604837 128
142.611826 129
142.614837 130
142.621841 131
142.624780 131
142.632051 131
142.634829 129
142.641840 128
142.644835 127
142.651821 127
142.654835 127
142.661840 128
142.664842 129
142.671866 129
142.674833 130
142.681844 129
142.684841 129
142.691822 128
142.694833 127
142.701837 126
142.704837 126
142.711825 128
142.714831 129
142.721841 129
142.724807 129
142.731825 129
142.734834 129
142.741839 129
142.744785 129
142.751821 129
142.754786 129
142.761835 129
142.764917 130
142.771835 130
142.774783 129
142.781848 129
142.784840 129
142.791774 129
142.794746 131
142.801797 131
142.804786 131
142.811713 132
142.816770 132
142.819790 133
142.826786 132
142.829792 130
142.836791 130
142.840929 129
142.846803 128
142.849789 128
142.856791 129
142.859819 130
142.866839 131
142.869790 131
142.876793 132
142.879805 132
142.886790 132
142.889796 131
142.896793 131
142.899829 131
142.906806 130
142.909785 130
142.916805 129
142.919798 129
142.926761 129
142.929810 129
142.936737 129
142.939840 129
142.946784 128
142.949946 128
142.956797 129
142.959795 129
142.966800 130
142.969792 131
142.976793 130
142.979794 130
142.986794 130
142.989792 131
142.996790 129
142.999807 128
143.006786 127
143.009792 126
143.016790 126
143.019805 126
143.026793 127
143.029800 130
143.036815 132
143.039806 133
143.046793 132
143.049788 131
143.056790 129
143.059841 128
143.066793 128
143.069792 129
143.076794 128
143.079778 128
143.086795 128
143.090793 128
143.097792 128
143.100793 128
143.107868 128
143.110700 129
143.116777 130
143.119806 128
143.126792 127
143.129787 127
143.136793 130
143.139805 136
143.146792 138
143.149793 136
143.156791 132
143.159805 126
143.166793 121
143.169789 121
143.176757 125
143.186862 129
143.190840 131
143.191821 133
143.202839 135
143.205846 133
143.206834 129
143.211835 127
143.214836 129
143.221841 134
143.224808 137
143.231822 135
143.234793 133
143.241839 129
143.244823 122
143.251824 121
143.256792 124
143.259826 127
143.266838 128
143.269846 132
143.276848 134
143.279802 133
143.286842 131
143.289975 128
143.296839 129
143.299823 133
143.306847 137
143.309846 132
143.316848 131
143.319837 134
143.326847 135
143.329812 131
143.336999 127
143.339825 121
143.346854 118
143.349848 118
143.356849 121
143.359831 127
143.366843 133
143.369847 140
143.376791 141
143.379823 137
143.386846 131
143.389845 127
143.396846 129
143.399872 134
143.406846 135
143.409848 132
143.416847 126
143.419824 121
143.427867 118
143.431829 118
143.437840 122
143.440850 130
143.446849 138
143.449843 141
143.456853 139
143.459826 135
143.466849 131
143.469904 127
143.476842 129
143.479826 134
143.486840 135
143.489791 132
143.496839 126
143.499806 121
143.506798 120
143.509782 124
143.516768 128
143.519831 131
143.528844 131
143.531831 133
143.536852 136
143.539827 136
143.546841 133
143.549843 132
143.556845 131
143.559823 131
143.566809 129
143.569841 128
143.576849 127
143.579825 127
143.586843 127
143.589845 127
143.596842 128
143.599827 129
143.606842 130
143.609770 132
143.616840 132
143.619826 132
143.626843 133
143.629849 133
143.636840 132
143.640104 130
143.646830 128
143.649828 126
143.656839 126
143.659838 127
143.666843 128
143.669851 128
143.676847 129
143.679860 130
143.686841 130
143.689881 131
143.696849 131
143.699833 130
143.706848 130
143.709850 130
143.716854 130
143.719824 130
143.726791 130
143.729721 129
143.736842 129
143.739825 129
143.746854 129
143.749847 129
143.757844 129
143.760839 129
143.767823 130
143.770838 130
143.777842 131
143.779861 131
143.786842 131
143.789844 132
143.796787 131
143.799827 131
143.806843 131
143.809851 129
143.816845 130
143.819833 130
143.826842 130
143.829805 129
143.836847 129
143.842842 130
143.849845 130
143.851831 130
143.857851 130
143.861850 130
143.867860 130
143.871826 130
143.878281 129
143.881849 128
143.887861 128
143.891802 128
143.897857 129
143.901842 130
143.904734 130
143.911863 131
143.914841 131
143.921846 131
143.924750 129
143.931869 128
143.934840 128
143.941845 128
143.944847 128
143.951863 129
143.954838 130
143.961847 131
143.964859 131
143.971863 132
143.974837 132
143.981842 131
143.984850 131
143.991863 129
143.994826 129
144.001831 129
144.004834 129
144.011886 130
144.014847 130
144.021849 131
144.024786 130
144.031855 130
144.034840 130
144.041843 131
144.044844 132
144.051859 131
144.054838 131
144.061843 130
144.064847 130
144.071861 129
144.074841 129
144.081846 129
144.084848 129
144.091865 130
144.094839 131
144.101850 131
144.104844 131
144.111861 130
144.114849 130
144.121848 129
144.124843 128
144.131874 129
144.134842 129
144.141857 130
144.144846 131
144.151869 131
144.154845 131
144.161853 130
144.164850 129
144.171862 128
144.174847 127
144.181842 128
144.184850 129
144.191883 130
144.195861 131
144.202851 131
144.205873 132
144.211873 132
144.217739 132
144.222851 131
144.225843 131
144.231868 130
144.234844 130
144.241848 131
144.247875 130
144.250841 131
144.254851 131
144.261848 133
144.264848 133
144.271864 133
144.274842 132
144.281795 131
144.284847 131
144.291854 131
144.294842 131
144.301846 130
144.307862 130
144.313856 129
144.316842 130
144.322124 131
144.324847 132
144.331874 134
144.334788 133
144.341849 133
144.344795 131
144.351866 131
144.354842 130
144.361758 130
144.364848 131
144.371876 132
144.374843 132
144.381855 132
144.384845 132
144.391868 131
144.394789 131
144.401848 131
144.404852 131
144.411891 132
144.414863 131
144.421854 131
144.424842 132
144.431850 132
144.434842 133
144.441795 133
144.444848 132
144.451864 131
144.455814 130
144.465844 131
144.469846 131
144.471868 130
144.481859 131
144.485847 131
144.486845 132
144.491867 133
144.494843 133
144.501852 133
144.504843 132
144.511867 132
144.514851 132
144.521851 131
144.524846 131
144.531848 131
144.534846 131
144.541849 131
144.544853 132
144.551870 132
144.554844 132
144.561853 132
144.564843 133
144.571865 132
144.574790 131
144.581875 131
144.584853 131
144.591862 132
144.594844 132
144.601845 132
144.604852 133
144.611868 132
144.614843 132
144.622845 131
144.625845 131
144.632848 130
144.636143 131
144.642863 131
144.644848 132
144.651861 133
144.654842 134
144.663866 134
144.666843 135
144.671887 134
144.674815 134
144.681854 133
144.684845 133
144.691864 132
144.694811 131
144.701848 131
144.704800 131
144.711806 132
144.714793 133
144.721788 134
144.724809 133
144.731818 133
144.734796 134
144.741801 133
144.744798 132
144.751780 132
144.754792 132
144.761838 133
144.764802 133
144.771819 132
144.774786 132
144.781801 132
144.784745 132
144.791815 131
144.794793 132
144.801807 132
144.804796 131
144.811855 131
144.814791 133
144.821806 134
144.824797 134
144.831753 133
144.834792 132
144.841789 130
144.844854 129
144.851860 130
144.854846 130
144.864008 128
144.866846 128
144.871864 128
144.874848 129
144.881851 129
144.884847 130
144.891869 131
144.894847 131
144.901855 132
144.904856 132
144.911873 132
144.914851 132
144.921855 131
144.924848 130
144.931870 129
144.934848 128
144.941857 129
144.944849 129
144.951871 130
144.954796 131
144.961861 131
144.964846 131
144.971866 131
144.974816 131
144.981851 131
144.984854 132
144.991873 133
144.994845 133
145.001849 132
145.004846 132
145.011870 132
145.014848 131
145.021804 131
145.024850 131
145.031873 130
145.034852 130
145.041856 131
145.044794 132
145.051860 133
145.054848 134
145.061855 134
145.064843 134
145.071872 134
145.074849 134
145.081863 134
145.084849 133
145.091869 132
145.095868 133
145.102856 132
145.105850 131
145.112847 131
145.115873 131
145.121849 131
145.124863 132
145.131893 133
145.134845 133
145.141801 134
145.144857 134
145.151872 133
145.154907 132
145.161855 131
145.164851 131
145.171873 131
145.174846 131
145.183850 130
145.186850 129
145.191869 129
145.194852 130
145.201854 131
145.204852 132
145.211894 132
145.214850 132
145.221862 133
145.224853 133
145.231869 132
145.234847 132
145.241855 132
145.244865 131
145.251863 132
145.254845 131
145.261858 131
145.264856 131
145.271869 130
145.274856 130
145.281856 130
145.284851 132
145.291876 133
145.294850 135
145.301951 135
145.304852 135
145.311868 135
145.315203 133
145.321866 131
145.324734 131
145.331870 130
145.334798 131
145.341811 131
145.344801 132
145.351890 132
145.354739 132
145.361810 133
145.364799 133
145.371946 132
145.374797 132
145.382013 131
145.384801 130
145.391864 131
145.394796 132
145.401807 132
145.404801 132
145.411866 131
145.414800 130
145.421805 130
145.424803 130
145.431870 130
145.434808 130
145.441808 131
145.444804 133
145.451783 134
145.454799 134
145.461807 134
145.464801 133
145.471898 132
145.474796 131
145.481807 131
145.484741 131
145.491886 130
145.494852 131
145.501855 132
145.504852 132
145.511870 132
145.514855 131
145.523875 132
145.526851 132
145.532855 132
145.536863 133
145.542807 134
145.546855 133
145.552996 133
145.556860 134
145.562858 132
145.566853 131
145.572771 131
145.576863 131
145.582858 130
145.586852 130
145.592856 130
145.596861 131
145.599878 131
145.606735 131
145.609848 131
145.616855 132
145.619874 132
145.626860 133
145.629852 134
145.636800 132
145.639904 131
145.646857 130
145.649865 129
145.656855 129
145.659872 131
145.666860 132
145.669852 132
145.676785 131
145.679876 132
145.686854 131
145.689860 131
145.696864 131
145.699870 131
145.706856 131
145.709859 132
145.716861 132
145.719870 132
145.726854 133
145.729802 132
145.736864 131
145.746859 131
145.750853 131
145.751892 132
145.762872 131
145.765856 131
145.766850 131
145.771790 131
145.774860 131
145.781804 131
145.784859 131
145.791869 132
145.794849 132
145.801857 132
145.804857 132
145.811890 133
145.814852 134
145.821861 133
145.824857 132
145.831877 131
145.834851 130
145.841860 130
145.845857 131
145.852859 132
145.855873 133
145.862859 133
145.865795 133
145.871872 133
145.874789 134
145.881866 134
145.884851 133
145.891890 131
145.894857 131
145.901854 130
145.904858 130
145.911874 131
145.914851 131
145.921735 131
145.924817 134
145.931777 134
145.934818 134
145.941822 134
145.944810 133
145.951872 132
145.954803 132
145.961817 131
145.964801 131
145.971870 131
145.974802 131
145.981812 132
145.984753 132
145.991875 132
145.994810 132
146.001815 132
146.004802 133
146.011843 133
146.014751 134
146.021815 133
146.024805 133
146.031869 133
146.034738 132
146.041810 130
146.044811 129
146.051869 129
146.054807 129
146.061808 130
146.064810 131
146.071869 132
146.074858 132
146.081809 132
146.084858 133
146.091880 132
146.094855 132
146.101864 131
146.104857 130
146.111885 130
146.114751 130
146.121863 130
146.124862 130
146.131869 130
146.134856 131
146.141861 131
146.144856 132
146.151879 131
146.154864 131
146.161863 131
146.164855 131
146.171875 131
146.174803 132
146.181862 132
146.184857 131
146.191874 131
146.194849 130
146.201830 129
146.204772 130
146.211877 131
146.214851 132
146.221860 132
146.224860 132
146.231880 132
146.234851 133
146.241860 133
146.247871 132
146.249855 132
146.256867 133
146.259877 132
146.267899 132
146.270852 132
146.277867 131
146.280857 130
146.287868 131
146.290870 131
146.296863 131
146.299877 131
146.306863 133
146.309852 134
146.316861 134
146.319876 134
146.326857 134
146.329859 133
146.336881 132
146.339873 132
146.346859 131
146.349862 130
146.356859 131
146.362860 132
146.364853 132
146.371876 133
146.374852 133
146.381861 133
146.384863 134
146.391876 133
146.394856 132
146.401860 132
146.404856 132
146.411877 131
146.414854 131
146.421860 132
146.424863 132
146.431873 132
146.434850 132
146.441865 133
146.444854 132
146.451875 132
146.454854 131
146.461806 132
146.464858 131
146.471870 131
146.474852 131
146.481856 131
146.484858 132
146.491873 132
146.494852 132
146.501863 132
146.504852 132
146.511877 132
146.514851 132
146.523883 131
146.526854 130
146.531892 130
146.534856 130
146.541865 131
146.544855 130
146.551876 130
146.554853 131
146.561859 132
146.564858 132
146.571875 132
146.574856 132
146.581863 132
146.584823 132
146.591878 132
146.594856 131
146.601808 130
146.604863 129
146.611871 130
146.614855 131
146.621968 131
146.624858 132
146.631875 133
146.634855 133
146.641960 132
146.644854 132
146.651874 131
146.654864 131
146.661863 131
146.665860 132
146.672863 133
146.677867 133
146.680865 133
146.687871 133
146.690826 133
146.696965 131
146.699877 130
146.706859 130
146.711875 130
146.714801 130
146.721767 131
146.725057 132
146.731889 132
146.734802 133
146.741814 133
146.744809 133
146.751870 133
146.754766 133
146.761786 133
146.764806 132
146.771887 131
146.774804 130
146.781813 130
146.784810 130
146.791896 130
146.794803 130
146.801813 130
146.804838 131
146.811867 133
146.814855 133
146.821803 133
146.824860 133
146.831933 132
146.834859 133
146.841865 132
146.844858 131
146.851874 130
146.854812 130
146.862038 130
146.864865 131
146.871874 132
146.874860 131
146.881869 132
146.884860 132
146.891880 132
146.894858 131
146.901867 131
146.904866 132
146.911879 132
146.915896 131
146.922869 131
146.925866 131
146.932860 131
146.935868 131
146.942870 131
146.944860 131
146.951872 131
146.954862 132
146.961870 134
146.964860 135
146.971881 134
146.974855 134
146.981869 134
146.984858 132
146.991874 131
146.994863 131
147.001859 130
147.004864 130
147.011866 131
147.015897 131
147.025868 131
147.028866 132
147.031892 132
147.041866 132
147.045857 133
147.046858 133
147.051877 133
147.054862 133
147.061866 132
147.070812 132
147.071875 132
147.076873 131
147.082860 130
147.086865 131
147.092874 131
147.096783 130
147.102811 132
147.105805 133
147.109864 133
147.116887 133
147.119881 132
147.126868 131
147.129867 130
147.136811 129
147.139888 130
147.146872 132
147.149860 131
147.156861 131
147.159886 131
147.166861 131
147.169867 131
147.176866 131
147.179874 131
147.186868 131
147.189860 132
147.196866 132
147.199869 132
147.206865 132
147.209864 132
147.216874 131
147.219880 131
147.226865 132
147.229787 131
147.236864 132
147.239879 132
147.246861 131
147.249865 131
147.256864 132
147.259883 131
147.266871 131
147.270042 132
147.276872 132
147.279885 133
147.286868 133
147.289808 132
147.296867 131
147.299842 131
147.306862 131
147.309868 130
147.316865 130
147.319888 131
147.326869 130
147.329862 131
147.336848 131
147.339867 132
147.346808 133
147.350859 132
147.357861 132
147.360875 132
147.367913 131
147.370806 130
147.376818 131
147.379877 131
147.386870 132
147.389876 132
147.396876 132
147.399881 132
147.406809 131
147.409870 130
147.416866 130
147.419882 130
147.426869 130
147.432930 130
147.435877 131
147.439876 131
147.446868 132
147.449862 134
147.456791 135
147.459876 134
147.466871 133
147.469865 133
147.476869 133
147.479876 132
147.486868 131
147.489870 130
147.496873 130
147.502862 131
147.505866 132
147.509811 133
147.516814 133
147.519953 133
147.526874 134
147.529868 135
147.536868 134
147.539884 133
147.546873 132
147.549863 131
147.556746 130
147.559878 130
147.566813 131
147.569823 131
147.576816 131
147.579873 131
147.586744 132
147.589758 133
147.596814 134
147.599880 135
147.606820 135
147.609814 134
147.616822 133
147.619889 131
147.626818 130
147.629812 129
147.636760 128
147.639882 128
147.646872 130
147.649867 132
147.656868 135
147.662869 135
147.665868 134
147.669871 134
147.676867 134
147.679876 132
147.688873 131
147.691871 132
147.696866 132
147.699870 132
147.706809 131
147.709870 131
147.716877 130
147.719882 130
147.726871 131
147.729865 132
147.736819 132
147.739868 133
147.746869 134
147.750812 133
147.757819 131
147.760865 130
147.767880 130
147.770868 129
147.776867 129
147.782877 129
147.784863 130
147.791978 131
147.794806 132
147.801866 132
147.804870 131
147.811871 130
147.814860 130
147.821876 129
147.824819 129
147.831882 129
147.834864 130
147.841867 129
147.844870 129
147.853865 129
147.856864 130
147.862785 131
147.866872 130
147.872867 130
147.876884 131
147.882871 131
147.886865 132
147.892870 131
147.896870 132
147.902864 131
147.906867 131
147.912868 131
147.916881 131
147.922872 131
147.926863 132
147.929873 132
147.936871 133
147.939880 132
147.946866 132
147.949872 132
147.956873 132
147.959872 132
147.966868 132
147.969870 132
147.976867 132
147.979822 132
147.986867 132
147.989817 132
147.996870 132
147.999863 133
148.006870 133
148.009867 132
148.016868 133
148.019872 134
148.026867 135
148.029863 135
148.036973 134
148.039870 133
148.046872 133
148.049869 133
148.058879 132
148.061870 132
148.066865 131
148.069872 132
148.076868 132
148.079853 133
148.086867 134
148.089870 133
148.096873 133
148.099871 133
148.106867 132
148.109865 131
148.116868 131
148.119853 131
148.126868 130
148.129865 130
148.136873 130
148.139870 131
148.146867 132
148.149869 132
148.156871 132
148.159873 132
148.166870 132
148.169865 131
148.176989 131
148.179833 131
148.186871 131
148.189875 131
148.196871 131
148.199874 131
148.206875 130
148.209869 131
148.216809 131
148.219874 130
148.226867 131
148.229870 131
148.236870 132
148.239873 133
148.246865 133
148.249865 133
148.256874 132
148.259872 131
148.266868 131
148.269865 130
148.276876 130
148.279870 131
148.286868 131
148.289818 131
148.296867 131
148.306870 132
148.310869 132
148.311867 132
148.322876 131
148.325873 130
148.326866 130
148.331876 129
148.334865 129
148.341869 129
148.344867 130
148.351871 131
148.354866 131
148.361866 131
148.364787 131
148.371870 132
148.374870 133
148.381875 132
148.384828 130
148.391873 129
148.394862 129
148.401872 129
148.404867 130
148.411849 131
148.414869 131
148.421869 131
148.424877 131
148.431873 131
148.434861 131
148.441872 132
148.444866 132
148.451876 133
148.454865 132
148.461873 132
148.464868 132
148.471873 131
148.474867 130
148.481870 129
148.484866 130
148.491833 131
148.494865 132
148.501870 132
148.506870 133
148.509814 134
148.516883 134
148.519937 134
148.526886 133
148.529793 132
148.536871 131
148.539875 131
148.546872 132
148.549865 132
148.556876 133
148.559885 134
148.566877 135
148.569865 135
148.576884 135
148.579876 135
148.586873 134
148.589876 134
148.596867 133
148.600027 132
148.607871 131
148.610867 131
148.617872 131
148.620871 131
148.627869 132
148.630854 133
148.636877 133
148.639887 133
148.646870 134
148.649880 134
148.656874 135
148.666869 135
148.667875 133
148.672876 132
148.676882 131
148.682873 130
148.686873 129
148.692886 130
148.696878 129
148.702868 128
148.706872 129
148.712881 130
148.715810 130
148.719874 128
148.726878 129
148.729873 131
148.736870 131
148.739883 131
148.746872 132
148.749875 131
148.756818 131
148.759874 130
148.766869 130
148.769810 130
148.776872 129
148.779877 129
148.786872 129
148.789876 130
148.796874 130
148.799877 130
148.806873 130
148.809870 130
148.816874 130
148.819875 130
148.826882 130
148.829868 131
148.836872 130
148.839874 130
148.846876 130
148.849874 131
148.856871 131
148.859874 131
148.866873 131
148.872880 131
148.874822 131
148.881870 131
148.884877 130
148.891879 129
148.894868 130
148.901874 130
148.904869 129
148.911879 130
148.914868 130
148.921878 130
148.924843 131
148.931876 131
148.934870 131
148.941875 131
148.944871 131
148.951873 131
148.955879 131
148.962879 131
148.965878 131
148.972825 131
148.975877 131
148.981872 130
148.984875 131
148.991875 131
148.994868 132
149.001865 132
149.004876 133
149.011858 132
149.014862 132
149.021876 131
149.024880 131
149.031877 130
149.034870 130
149.041876 130
149.044882 131
149.051878 132
149.054873 132
149.061872 133
149.064884 133
149.071876 133
149.074809 132
149.081875 132
149.084869 131
149.091875 130
149.094873 130
149.101879 130
149.104873 130
149.111875 130
149.114864 130
149.121817 130
149.124869 130
149.131920 131
149.134812 131
149.141872 131
149.144886 131
149.151877 131
149.154868 131
149.161883 131
149.164871 131
149.171877 130
149.174866 129
149.181872 129
149.184876 130
149.191880 130
149.194868 131
149.201823 131
149.204814 131
149.211882 131
149.214871 131
149.221828 131
149.224880 131
149.231891 131
149.234870 130
149.241874 130
149.244876 130
149.253876 130
149.256879 130
149.263877 131
149.265870 130
149.270878 130
149.277874 130
149.280872 129
149.286879 129
149.289881 129
149.296877 129
149.299880 129
149.306876 129
149.309924 129
149.316880 129
149.319878 129
149.326878 129
149.329779 128
149.336836 128
149.339884 129
149.346827 129
149.349838 130
149.356833 131
149.359886 131
149.366842 130
149.369829 131
149.376745 131
149.379880 131
149.386822 130
149.389828 131
149.396828 130
149.399887 131
149.406823 131
149.409834 131
149.416832 132
149.419891 132
149.426774 131
149.429884 131
149.437015 131
149.439878 132
149.446873 134
149.449881 133
149.456882 134
149.459880 133
149.466877 133
149.469893 132
149.476884 133
149.479878 133
149.486879 132
149.489825 131
149.496885 131
149.499878 130
149.506748 129
149.509826 129
149.516826 129
149.519900 130
149.526834 131
149.529815 131
149.536851 132
149.539822 133
149.546834 132
149.549831 131
149.556833 131
149.559882 129
149.566830 129
149.569827 129
149.576831 129
149.586803 129
149.590840 128
149.591889 127
149.602834 128
149.605824 128
149.606821 128
149.612840 129
149.615885 130
149.622780 131
149.625747 131
149.632832 132
149.634768 132
149.641834 132
149.644825 132
149.651865 132
149.654825 130
149.661839 129
149.664828 129
149.671984 129
149.674823 130
149.681833 131
149.684832 131
149.691833 131
149.694739 132
149.701823 132
149.704828 132
149.711840 133
149.714824 132
149.721832 133
149.724827 133
149.731840 131
149.734824 128
149.741959 126
149.744833 124
149.751904 125
149.754830 127
149.761834 128
149.764827 129
149.771903 131
149.774768 132
149.781829 132
149.784827 132
149.791870 131
149.794825 130
149.801839 129
149.804826 130
149.811834 129
149.814827 129
149.821782 127
149.824839 127
149.831838 128
149.834824 129
149.841777 129
149.844831 130
149.851900 131
149.854824 131
149.861787 130
149.864789 130
149.871887 130
149.874823 130
149.881845 131
149.884827 131
149.891906 130
149.894829 129
149.901834 131
149.904825 131
149.911894 131
149.914824 130
149.921818 129
149.925838 129
149.932836 129
149.935848 131
149.942833 132
149.945830 132
149.951910 131
149.954975 131
149.961833 130
149.964839 131
149.971889 131
149.974825 131
149.981835 131
149.984829 131
149.991891 131
149.994825 130
150.001843 130
150.004770 129
150.011887 128
150.014817 129
150.021838 129
150.024834 131
150.031911 133
150.034832 134
150.041836 134
150.044827 134
150.051907 133
150.054818 132
150.061830 131
150.064839 130
150.071835 130
150.074770 128
150.081834 128
150.084829 130
150.091896 131
150.094825 133
150.101835 135
150.105008 134
150.111833 134
150.114825 134
150.121835 133
150.124833 131
150.131890 131
150.134827 129
150.141778 129
150.144844 129
150.151893 128
150.154818 129
150.161835 129
150.164829 130
150.171863 131
150.174779 131
150.181835 131
150.184828 130
150.191911 130
150.194768 130
150.201840 128
150.204829 128
150.211837 128
150.217831 128
150.221902 128
150.224833 128
150.231838 128
150.234826 128
150.241836 128
150.244837 128
150.251842 129
150.254827 129
150.260833 129
150.264844 130
150.272839 129
150.275837 129
150.282977 129
150.285830 129
150.292787 129
150.294833 129
150.300833 130
150.304836 129
150.311838 129
150.314851 129
150.320837 129
150.324784 129
150.330837 130
150.334831 130
150.340835 130
150.344837 130
150.351838 130
150.354818 129
150.360849 129
150.364842 130
150.371839 130
150.374827 130
150.380827 130
150.384833 129
150.390952 129
150.394835 129
150.400833 130
150.404812 131
150.410833 131
150.414832 130
150.420830 129
150.424793 129
150.431843 129
150.434828 129
150.441834 129
150.444835 131
150.451840 131
150.454769 131
150.461852 132
150.464831 132
150.471840 131
150.474826 129
150.481841 128
150.484838 128
150.490838 128
150.494944 129
150.500791 131
150.504844 131
150.510832 132
150.517798 132
150.520883 132
150.524789 133
150.530897 132
150.534879 131
150.540887 129
150.544881 128
150.550825 127
150.554882 128
150.560883 129
150.564792 129
150.571848 130
150.574882 131
150.580890 131
150.584888 131
150.590857 131
150.594880 131
150.600890 131
150.604782 131
150.610856 130
150.614825 129
150.620756 128
150.624779 128
150.630764 128
150.634754 127
150.640765 128
150.644761 127
150.650757 129
150.654763 130
150.660763 131
150.664773 131
150.670762 130
150.674759 130
150.680760 129
150.684768 127
150.690759 127
150.694767 126
150.700764 127
150.704763 128
150.710762 129
150.714761 130
150.720759 130
150.724762 131
150.730764 131
150.734750 129
150.740753 128
150.744757 127
150.750828 126
150.754835 126
150.760831 127
150.764842 127
150.770837 128
150.774836 131
150.780838 131
150.784832 131
150.790835 132
150.794837 131
150.800836 130
150.804791 129
150.810836 128
150.814837 127
150.820834 127
150.824833 127
150.830838 128
150.834837 130
150.840834 130
150.844835 131
150.850779 132
150.855831 133
150.865838 132
150.868831 132
150.871841 131
150.881836 130
150.885832 130
150.886768 130
150.890832 129
150.894988 129
150.900835 130
150.904842 129
150.910833 129
150.914837 130
150.920839 130
150.924871 131
150.930845 132
150.937843 132
150.939833 131
150.945836 130
150.949756 129
150.955845 130
150.959849 129
150.965836 128
150.969766 128
150.975842 129
150.979840 130
150.985839 131
150.989837 131
150.995855 131
150.999843 131
151.005833 130
151.009839 130
151.015827 129
151.019839 128
151.025812 129
151.029843 130
151.035838 131
151.039892 132
151.047844 132
151.050832 132
151.057839 131
151.060835 131
151.067935 131
151.070830 131
151.076840 129
151.079838 127
151.085838 126
151.089779 126
151.095847 128
151.099908 129
151.105831 130
151.112000 131
151.115815 130
151.119823 130
151.125726 130
151.129720 129
151.135880 129
151.139841 128
151.145838 128
151.149836 126
151.155840 126
151.159843 125
151.165842 124
151.169838 126
151.175839 127
151.179838 128
151.185779 130
151.189833 132
151.195840 131
151.199958 131
151.205847 129
151.209918 129
151.215891 128
151.219889 127
151.225888 126
151.229880 125
151.235889 125
151.239892 126
151.245892 127
151.249885 129
151.255893 130
151.259891 130
151.265892 130
151.269885 129
151.275891 128
151.279950 127
151.285890 126
151.289890 126
151.295890 126
151.299888 127
151.305894 128
151.309884 128
151.315850 128
151.319876 128
151.325788 129
151.329898 128
151.335892 128
151.340023 128
151.345886 127
151.349839 127
151.358893 127
151.361891 127
151.365834 126
151.369882 126
151.376146 128
151.379905 129
151.385891 129
151.390785 129
151.395899 129
151.399923 128
151.405839 128
151.410016 128
151.415837 127
151.419827 126
151.425796 126
151.429798 126
151.435833 126
151.439814 127
151.445762 128
151.449776 128
151.455836 128
151.459823 129
151.465773 128
151.472777 128
151.474759 128
151.480730 127
151.484774 126
151.490762 126
151.494766 126
151.500852 126
151.504844 128
151.510837 129
151.514846 129
151.521067 129
151.524837 130
151.530840 130
151.534763 130
151.542788 129
151.545843 128
151.552803 126
151.555826 126
151.559850 126
