55.6 125.367
55.61 124.213
55.62 122.805
55.63 123.204
55.64 122.593
55.65 123.202
55.66 123
55.67 124
55.68 122.202
55.69 121.205
55.7 120.193
55.71 122.611
55.72 123
55.73 124
55.74 125.031
55.75 124.194
55.76 127.806
55.77 124.805
55.78 122.193
55.79 120
55.8 121.194
55.81 122.805
55.82 125.419
55.83 125.806
55.84 124.227
55.85 124.806
55.86 123.04
55.87 122.873
55.88 121.959
55.89 122.368
55.9 123
55.91 125.956
55.92 125.92
55.93 124.08
55.94 124.839
55.95 125.921
55.96 121.04
55.97 119.042
55.98 122.12
55.99 123.239
56 122.14
56.01 124
56.02 125.921
56.03 124
56.04 121
56.05 122.16
56.06 123.96
56.07 124.082
56.08 126.88
56.09 121.959
56.1 122.369
56.11 124.784
56.12 121.948
56.13 123.052
56.14 122.208
56.15 125.052
56.16 125
56.17 123.896
56.18 124.947
56.19 122.054
56.2 122.074
56.21 123.077
56.22 123.103
56.23 126.051
56.24 125
56.25 125.052
56.26 126.052
56.27 125
56.28 125.052
56.29 124.841
56.3 120.051
56.31 120.155
56.32 122.899
56.33 124.051
56.34 126.896
56.35 122.949
56.36 123.051
56.37 121.948
56.38 122.051
56.39 121.104
56.4 124.843
56.41 123.331
56.42 125
56.43 125
56.44 123
56.45 122
56.46 122.798
56.47 120.799
56.48 122
56.49 123.201
56.5 125.402
56.51 125.799
56.52 121.799
56.53 121.602
56.54 123.195
56.55 123.201
56.56 126.598
56.57 123.799
56.58 124.401
56.59 125.799
56.6 123.801
56.61 120
56.62 121
56.63 122.193
56.64 123.807
56.65 125
56.66 125.192
56.67 125.834
56.68 126.947
56.69 124.95
56.7 125.387
56.71 124.419
56.72 121.77
56.73 119.385
56.74 119.385
56.75 123.385
56.76 125.193
56.77 125.2
56.78 128.558
56.79 128.449
56.8 124.79
56.81 123.629
56.82 123.583
56.83 122.791
56.84 122.418
56.85 122.582
56.86 121.208
56.87 122
56.88 122
56.89 124
56.9 123.808
56.91 124.804
56.92 123.604
56.93 124
56.94 123.199
56.95 119.8
56.96 120.8
56.97 122
56.98 120.601
56.99 124.401
57 123.2
57.01 122.402
57.02 125
57.03 120.402
57.04 121.6
57.05 120
57.06 121
57.07 119.198
57.08 119.382
57.09 123
57.1 127.192
57.11 128
57.12 128
57.13 127.948
57.14 124.97
57.15 121
57.16 118.578
57.17 120.386
57.18 123
57.19 125.384
57.2 126
57.21 126.615
57.22 123.808
57.23 123.614
57.24 122
57.25 123.616
57.26 123.808
57.27 123.807
57.28 124.194
57.29 125
57.3 125.425
57.31 122
57.32 121
57.33 120
57.34 120.616
57.35 123
57.36 124
57.37 127.194
57.38 127
57.39 128
57.4 124.791
57.41 121.207
57.42 120.792
57.43 122.208
57.44 121.207
57.45 124.586
57.46 122.793
57.47 123.381
57.48 123.793
57.49 123
57.5 124.747
57.51 120.416
57.52 122
57.53 121.125
57.54 123
57.55 123
57.56 119.207
57.57 121.206
57.58 121
57.59 120.586
57.6 121.414
57.61 122.792
57.62 123.207
57.63 122.623
57.64 124
57.65 124.793
57.66 123.576
57.67 121.793
57.68 119.793
57.69 120
57.7 120.415
57.71 121.134
57.72 122
57.73 123.041
57.74 123.06
57.75 123.94
57.76 122
57.77 122
57.78 120.94
57.79 122.94
57.8 122.059
57.81 123.124
57.82 125
57.83 124
57.84 122.941
57.85 122.048
57.86 121.252
57.87 122.877
57.88 121.175
57.89 123
57.9 125.82
57.91 125
57.92 123.06
57.93 121.937
57.94 121.059
57.95 122.06
57.96 121
57.97 122
57.98 124
57.99 123.068
58 121.041
58.01 121.009
58.02 122.964
58.03 123.96
58.04 121.074
58.05 124.037
58.06 123
58.07 119.06
58.08 123.037
58.09 124.926
58.1 121.074
58.11 124.125
58.12 126.851
58.13 123.924
58.14 123.927
58.15 121.963
58.16 123.891
58.17 121.963
58.18 121
58.19 123.075
58.2 124.11
58.21 126.037
58.22 124
58.23 122.962
58.24 124
58.25 123.927
58.26 123.755
58.27 122
58.28 123.718
58.29 123
58.3 123
58.31 122.037
58.32 124.076
58.33 124
58.34 121.036
58.35 122.98
58.36 121
58.37 122.026
58.38 123
58.39 122
58.4 122
58.41 120.148
58.42 123
58.43 126.89
58.44 124
58.45 123.89
58.46 124
58.47 121.941
58.48 119.036
58.49 120
58.5 122.927
58.51 121.11
58.52 126.037
58.53 126.963
58.54 123.963
58.55 124
58.56 121.964
58.57 119.98
58.58 120.756
58.59 123
58.6 122
58.61 125.04
58.62 126
58.63 124
58.64 125.926
58.65 123
58.66 121.035
58.67 121.942
58.68 119.074
58.69 120.02
58.7 123.036
58.71 124.683
58.72 125
58.73 122
58.74 121.926
58.75 120.109
58.76 122.035
58.77 124.112
58.78 125.075
58.79 129
58.8 125
58.81 122.981
58.82 122.964
58.83 120.112
58.84 122.109
58.85 121.039
58.86 125.134
58.87 131.963
58.88 126.891
58.89 122.983
58.9 123.965
58.91 121
58.92 121.071
58.93 122.037
58.94 123.079
58.95 123.964
58.96 125.929
58.97 124.873
58.98 125.151
58.99 125.519
59 123.808
59.01 122.618
59.02 120.19
59.03 121.43
59.04 122
59.05 125
59.06 125.19
59.07 125.81
59.08 125.81
59.09 124
59.1 123.81
59.11 123
59.12 123.57
59.13 125.432
59.14 121.256
59.15 124.809
59.16 121.674
59.17 120.049
59.18 123.933
59.19 123.943
59.2 122.602
59.21 124.805
59.22 123
59.23 121
59.24 121
59.25 121.596
59.26 122.802
59.27 123.801
59.28 123.43
59.29 123.431
59.3 123.431
59.31 122.62
59.32 121
59.33 120.19
59.34 120.761
59.35 120.573
59.36 122.19
59.37 121.19
59.38 120.81
59.39 124.62
59.4 123
59.41 121
59.42 122
59.43 120.19
59.44 123
59.45 124.19
59.46 123.619
59.47 123.193
59.48 123.431
59.49 123
59.5 122
59.51 123
59.52 123
59.53 125.621
59.54 125
59.55 124.809
59.56 124
59.57 120.811
59.58 121.38
59.59 121.988
59.6 121.977
59.61 121.029
59.62 121
59.63 121.189
59.64 121
59.65 123
59.66 123
59.67 123.189
59.68 123.621
59.69 121
59.7 121.811
59.71 121.622
59.72 122
59.73 124.19
59.74 122.379
59.75 124.81
59.76 121.808
59.77 120.621
59.78 119.811
59.79 119
59.8 121.366
59.81 123.807
59.82 124.811
59.83 125.189
59.84 124
59.85 122.81
59.86 121.811
59.87 122.621
59.88 122.189
59.89 122.621
59.9 123.19
59.91 123.81
59.92 124.378
59.93 125
59.94 124.19
59.95 124
59.96 122.803
59.97 119.802
59.98 121.03
59.99 119.969
60 121.153
60.01 124
60.02 123
60.03 126
60.04 124.209
60.05 122.793
60.06 124
60.07 124
60.08 124.197
60.09 126
60.1 122.802
60.11 121.803
60.12 120.803
60.13 121.408
60.14 120.394
60.15 124.615
60.16 125.605
60.17 122
60.18 124.606
60.19 123
60.2 121.409
60.21 120.591
60.22 121.197
60.23 122
60.24 123
60.25 123.762
60.26 122.79
60.27 123.318
60.28 123.962
60.29 122.197
60.3 123.591
60.31 121
60.32 120.197
60.33 120.803
60.34 120.197
60.35 122.395
60.36 123.803
60.37 121.823
60.38 122
60.39 122.408
60.4 120.427
60.41 120.212
60.42 122.791
60.43 124
60.44 124
60.45 124
60.46 122
60.47 122.789
60.48 124
60.49 125.79
60.5 125.579
60.51 123
60.52 124.21
60.53 124.21
60.54 124.63
60.55 127.211
60.56 126.58
60.57 126.211
60.58 126.419
60.59 127.21
60.6 125.79
60.61 125
60.62 121.417
60.63 125
60.64 123.591
60.65 123.598
60.66 123.434
60.67 122.189
60.68 125
60.69 124.189
60.7 125.811
60.71 126.622
60.72 124
60.73 123
60.74 120.064
60.75 120
60.76 120.377
60.77 121.189
60.78 125
60.79 126.812
60.8 126.812
60.81 125.188
60.82 123.812
60.83 121.812
60.84 120.377
60.85 118
60.86 119.812
60.87 121.378
60.88 122.189
60.89 123.812
60.9 122.565
60.91 122.567
60.92 123.812
60.93 124
60.94 126
60.95 123.622
60.96 120.623
60.97 124
60.98 122.381
60.99 124
61 124.793
61.01 124.208
61.02 124.811
61.03 123
61.04 123.188
61.05 124
61.06 125.563
61.07 129
61.08 129.436
61.09 123.247
61.1 123
61.11 122.376
61.12 122.187
61.13 124.56
61.14 127.376
61.15 127.812
61.16 125.625
61.17 125.625
61.18 126.604
61.19 126.188
61.2 126.812
61.21 127
61.22 126.935
61.23 122
61.24 123
61.25 121.43
61.26 119.189
61.27 124.574
61.28 126.634
61.29 124.188
61.3 122.188
61.31 122.187
61.32 125.559
61.33 128.188
61.34 128
61.35 127.251
61.36 123.188
61.37 121.816
61.38 121.313
61.39 127.813
61.4 124.813
61.41 124
61.42 123.187
61.43 124.813
61.44 126
61.45 128.188
61.46 127.437
61.47 125.812
61.48 125.187
61.49 125
61.5 126.188
61.51 125
61.52 125
61.53 124
61.54 124.735
61.55 124.754
61.56 122.947
61.57 121.812
61.58 123
61.59 124.376
61.6 126.206
61.61 126.796
61.62 126.812
61.63 127
61.64 126.438
61.65 122.625
61.66 125.624
61.67 124.187
61.68 121
61.69 126
61.7 124.625
61.71 123.813
61.72 122.375
61.73 123.813
61.74 125.187
61.75 124.374
61.76 123.437
61.77 120.187
61.78 123.187
61.79 122
61.8 126.561
61.81 129.439
61.82 125
61.83 125.25
61.84 123.187
61.85 121.187
61.86 124
61.87 125.813
61.88 125.813
61.89 125.871
61.9 124.439
61.91 123.625
61.92 123.252
61.93 125.374
61.94 125.813
61.95 126.625
61.96 126.201
61.97 125.985
61.98 126.059
61.99 125
62 129.813
62.01 129.813
62.02 130.065
62.03 126.439
62.04 121.375
62.05 124.813
62.06 124.812
62.07 125.188
62.08 124.813
62.09 125
62.1 126.186
62.11 126.187
62.12 125.813
62.13 123
62.14 121
62.15 125.622
62.16 122
62.17 124.201
62.18 123.187
62.19 125.812
62.2 128
62.21 127.599
62.22 125
62.23 122
62.24 119.813
62.25 121.627
62.26 124
62.27 123.563
62.28 123.562
62.29 125.561
62.3 128.813
62.31 127
62.32 125
62.33 126.68
62.34 121.979
62.35 120.013
62.36 120
62.37 122.186
62.38 124.373
62.39 124.188
62.4 125.626
62.41 126.629
62.42 125.903
62.43 125
62.44 125.062
62.45 123.013
62.46 124.059
62.47 121.959
62.48 123.976
62.49 123
62.5 125.06
62.51 128
62.52 127.91
62.53 126.988
62.54 123.094
62.55 126.014
62.56 126
62.57 127.013
62.58 129
62.59 128.014
62.6 128
62.61 126
62.62 123
62.63 123.013
62.64 124.124
62.65 125
62.66 126
62.67 126
62.68 126.971
62.69 125.013
62.7 126.94
62.71 125.874
62.72 124
62.73 123.853
62.74 123.029
62.75 123.987
62.76 123.059
62.77 125.027
62.78 127
62.79 127.044
62.8 126
62.81 126.439
62.82 125.941
62.83 125.671
62.84 126.961
62.85 125.009
62.86 124.941
62.87 123.014
62.88 124.057
62.89 128.955
62.9 125
62.91 128.013
62.92 126.912
62.93 124.979
62.94 125
62.95 124
62.96 125.029
62.97 125.013
62.98 124
62.99 123.986
63 124.028
63.01 127.013
63.02 127
63.03 126.972
63.04 127
63.05 126
63.06 124
63.07 124.013
63.08 124.94
63.09 122
63.1 124.971
63.11 124.026
63.12 127.747
63.13 128.706
63.14 125.416
63.15 124.987
63.16 124.971
63.17 124.974
63.18 124.029
63.19 126.014
63.2 125.028
63.21 126.013
63.22 127.971
63.23 125.975
63.24 123.971
63.25 124
63.26 125.028
63.27 125.013
63.28 126.06
63.29 127.973
63.3 126.971
63.31 125
63.32 124.944
63.33 125
63.34 125
63.35 125.013
63.36 124.055
63.37 126.975
63.38 125.028
63.39 127
63.4 126
63.41 126.986
63.42 126.037
63.43 125
63.44 126.028
63.45 125.013
63.46 125.03
63.47 126
63.48 126.03
63.49 125.988
63.5 125
63.51 126.014
63.52 125.973
63.53 126.99
63.54 126
63.55 126.987
63.56 126
63.57 125
63.58 125.958
63.59 125
63.6 124.128
63.61 125.148
63.62 127
63.63 126.974
63.64 128
63.65 127.976
63.66 123.971
63.67 122.988
63.68 123.979
63.69 122
63.7 124.027
63.71 127
63.72 125.972
63.73 125.013
63.74 123.054
63.75 125.013
63.76 126
63.77 126.014
63.78 127
63.79 125.992
63.8 124.972
63.81 124.014
63.82 123.973
63.83 125.013
63.84 127
63.85 126.988
63.86 126
63.87 126
63.88 126.866
63.89 124.039
63.9 126.041
63.91 125.961
63.92 126.079
63.93 125.042
63.94 125.04
63.95 126
63.96 124
63.97 125.039
63.98 124
63.99 125
64 125.027
64.01 126
64.02 126
64.03 125.012
64.04 126
64.05 126.024
64.06 126.025
64.07 126
64.08 126.943
64.09 124.564
64.1 124
64.11 124.736
64.12 124.222
64.13 126
64.14 125.185
64.15 126.185
64.16 126
64.17 126
64.18 126
64.19 126
64.2 125.185
64.21 126
64.22 128
64.23 127.814
64.24 128
64.25 126.816
64.26 125.815
64.27 124.814
64.28 124
64.29 124.37
64.3 126
64.31 124.185
64.32 124.184
64.33 125.815
64.34 125.185
64.35 127.185
64.36 127.185
64.37 126.371
64.38 126.813
64.39 124.814
64.4 124.629
64.41 123.185
64.42 124.815
64.43 126
64.44 125.185
64.45 126.816
64.46 126.184
64.47 125.185
64.48 127.185
64.49 126.815
64.5 127
64.51 126.631
64.52 124.816
64.53 124
64.54 124.816
64.55 123.368
64.56 124
64.57 125.816
64.58 124.817
64.59 125.812
64.6 125
64.61 125.166
64.62 126.195
64.63 126
64.64 126.192
64.65 126
64.66 125.807
64.67 125.193
64.68 125
64.69 124
64.7 126
64.71 126
64.72 126
64.73 126.016
64.74 126.041
64.75 125.184
64.76 126
64.77 126
64.78 125.183
64.79 125
64.8 125.631
64.81 125.816
64.82 124.873
64.83 124.798
64.84 124
64.85 125.192
64.86 126.385
64.87 126.616
64.88 126.384
64.89 126.805
64.9 126.816
64.91 125.816
64.92 126.817
64.93 126.634
64.94 125.816
64.95 124.184
64.96 124.816
64.97 124.816
64.98 125.18
64.99 126.157
65 126.017
65.01 127
65.02 127
65.03 126
65.04 125
65.05 126
65.06 126
65.07 127
65.08 127
65.09 128.019
65.1 126
65.11 125.976
65.12 126.025
65.13 126
65.14 127
65.15 126.976
65.16 127
65.17 126.975
65.18 126
65.19 126.049
65.2 126.975
65.21 126
65.22 127
65.23 126.015
65.24 127
65.25 126.129
65.26 124.85
65.27 125.85
65.28 125.05
65.29 127.951
65.3 127.025
65.31 127.976
65.32 126.926
65.33 124.017
65.34 125.025
65.35 126
65.36 125
65.37 125.871
65.38 126.054
65.39 127
65.4 126.788
65.41 126
65.42 127.424
65.43 127
65.44 127
65.45 126
65.46 124.191
65.47 125.191
65.48 126
65.49 125.809
65.5 125.191
65.51 127
65.52 127
65.53 125.026
65.54 128
65.55 125.733
65.56 127.184
65.57 125.634
65.58 127
65.59 126
65.6 125
65.61 127
65.62 126.183
65.63 127.183
65.64 127
65.65 126
65.66 127
65.67 127.729
65.68 127.976
65.69 127.922
65.7 125.975
65.71 125
65.72 125.025
65.73 127.023
65.74 126
65.75 128
65.76 128.975
65.77 124.952
65.78 126.024
65.79 127.021
65.8 127
65.81 126.958
65.82 127
65.83 127
65.84 126.951
65.85 126
65.86 127
65.87 126.953
65.88 126.025
65.89 126.023
65.9 127.974
65.91 128
65.92 125.976
65.93 127
65.94 127.025
65.95 126.981
65.96 126
65.97 127
65.98 126
65.99 125.022
66 125.972
66.01 127
66.02 126.976
66.03 125.023
66.04 126
66.05 125.977
66.06 127
66.07 127.953
66.08 125
66.09 126.978
66.1 124.975
66.11 125.977
66.12 125.024
66.13 127.023
66.14 127.977
66.15 127.951
66.16 127
66.17 125
66.18 126
66.19 126
66.2 128
66.21 127
66.22 126
66.23 125.977
66.24 126.024
66.25 126.024
66.26 127.977
66.27 127
66.28 127.15
66.29 127
66.3 125.959
66.31 126
66.32 125.023
66.33 125.022
66.34 125.047
66.35 126.024
66.36 127.024
66.37 127
66.38 127.025
66.39 127.935
66.4 127
66.41 127
66.42 126
66.43 125
66.44 125.944
66.45 126
66.46 125.056
66.47 126.114
66.48 125.056
66.49 126
66.5 125.036
66.51 124.143
66.52 125.048
66.53 125.952
66.54 125.048
66.55 126.047
66.56 125
66.57 127
66.58 126
66.59 125.952
66.6 125.047
66.61 126
66.62 126.049
66.63 127.048
66.64 128.905
66.65 127
66.66 127.811
66.67 126
66.68 125
66.69 126.5
66.7 126.953
66.71 127.979
66.72 127
66.73 126.936
66.74 123.977
66.75 124.022
66.76 126
66.77 128
66.78 127
66.79 128
66.8 127
66.81 127
66.82 127
66.83 126.042
66.84 127
66.85 127.021
66.86 126.977
66.87 125.977
66.88 125.022
66.89 126.042
66.9 126.977
66.91 126.98
66.92 127
66.93 126
66.94 126
66.95 126.021
66.96 127.036
66.97 127.023
66.98 126
66.99 126.961
67 126
67.01 125
67.02 126
67.03 126
67.04 126.022
67.05 127.967
67.06 126.848
67.07 127
67.08 125.978
67.09 125.021
67.1 126
67.11 126.021
67.12 127
67.13 126.979
67.14 125.022
67.15 126.022
67.16 126.977
67.17 125.978
67.18 127
67.19 126.979
67.2 126.958
67.21 126.978
67.22 126.023
67.23 128
67.24 126
67.25 125.977
67.26 126.024
67.27 126.021
67.28 126.023
67.29 127
67.3 127.978
67.31 126.979
67.32 125.977
67.33 126.021
67.34 126
67.35 126.021
67.36 125.044
67.37 127
67.38 127
67.39 126
67.4 126.957
67.41 126
67.42 125.023
67.43 125.958
67.44 124.978
67.45 126
67.46 127
67.47 125.045
67.48 127.021
67.49 126.983
67.5 126
67.51 127
67.52 126
67.53 126
67.54 126.979
67.55 124.02
67.56 126.935
67.57 126.038
67.58 126.022
67.59 126.022
67.6 126.978
67.61 125.979
67.62 126
67.63 125.02
67.64 126
67.65 126.979
67.66 127
67.67 126.963
67.68 125
67.69 125
67.7 125.979
67.71 125.979
67.72 126
67.73 126.98
67.74 126.958
67.75 125
67.76 126.979
67.77 127.959
67.78 127
67.79 127
67.8 126
67.81 125
67.82 123.023
67.83 124.98
67.84 125.043
67.85 125.958
67.86 125.021
67.87 126.961
67.88 125.978
67.89 125.021
67.9 126.979
67.91 126.869
67.92 128.29
67.93 127.609
67.94 127
67.95 127
67.96 125.32
67.97 127
67.98 125.181
67.99 126.18
68 128
68.01 126.819
68.02 126.366
68.03 127
68.04 128
68.05 125.638
68.06 126
68.07 126.639
68.08 125
68.09 127.819
68.1 127.847
68.11 125.182
68.12 127.361
68.13 124.361
68.14 126.181
68.15 127
68.16 126.819
68.17 128.639
68.18 125.361
68.19 126.362
68.2 128.817
68.21 127.18
68.22 128
68.23 128.64
68.24 125.638
68.25 125.64
68.26 125
68.27 124.818
68.28 124.181
68.29 125
68.3 126
68.31 125.18
68.32 126
68.33 127.179
68.34 126.82
68.35 127.18
68.36 127.82
68.37 124.026
68.38 126.014
68.39 127.966
68.4 124.819
68.41 123.18
68.42 123.181
68.43 124
68.44 125.807
68.45 126.36
68.46 128
68.47 128.455
68.48 126
68.49 126.178
68.5 126.82
68.51 127
68.52 127.639
68.53 127
68.54 126.646
68.55 126.18
68.56 126.18
68.57 125
68.58 124.371
68.59 125.824
68.6 125.18
68.61 126
68.62 124.309
68.63 125
68.64 126
68.65 125.638
68.66 125.54
68.67 126.82
68.68 125.18
68.69 127
68.7 126
68.71 126
68.72 126
68.73 126
68.74 126
68.75 126
68.76 125
68.77 125.82
68.78 125
68.79 125.18
68.8 127.18
68.81 128.64
68.82 127.821
68.83 128.639
68.84 126.153
68.85 126
68.86 126
68.87 124.098
68.88 125.044
68.89 125.049
68.9 126
68.91 125.91
68.92 125
68.93 125.045
68.94 126.044
68.95 128
68.96 128
68.97 128
68.98 126.956
68.99 125.868
69 126
69.01 125.981
69.02 126.02
69.03 125.986
69.04 126.019
69.05 128
69.06 126.982
69.07 126.991
69.08 124.019
69.09 123.053
69.1 124.015
69.11 123.307
69.12 124.692
69.13 125.017
69.14 124
69.15 126.008
69.16 125
69.17 127.016
69.18 129.018
69.19 129
69.2 128.981
69.21 127.136
69.22 124.959
69.23 125.469
69.24 124.814
69.25 125.821
69.26 126.181
69.27 125.64
69.28 124.179
69.29 125.537
69.3 126.18
69.31 127.18
69.32 129
69.33 127
69.34 128.463
69.35 126
69.36 126.183
69.37 128.604
69.38 125.803
69.39 126.195
69.4 127
69.41 126
69.42 126
69.43 127.197
69.44 127.583
69.45 126
69.46 127.61
69.47 127
69.48 127.194
69.49 127.195
69.5 127.805
69.51 126
69.52 128
69.53 126.806
69.54 124.194
69.55 126.417
69.56 124.806
69.57 126.611
69.58 126.389
69.59 129
69.6 129.416
69.61 126.194
69.62 126.194
69.63 123.417
69.64 123.194
69.65 125.194
69.66 127.2
69.67 127
69.68 127.194
69.69 127.611
69.7 123.801
69.71 124
69.72 124.194
69.73 126.806
69.74 125
69.75 126.194
69.76 126.809
69.77 125.806
69.78 124.194
69.79 126.194
69.8 127
69.81 126.194
69.82 126.806
69.83 125.611
69.84 126.195
69.85 126.194
69.86 126
69.87 125.806
69.88 125.611
69.89 125.191
69.9 126.822
69.91 125.358
69.92 128
69.93 128.82
69.94 126
69.95 126.179
69.96 126
69.97 124
69.98 125
69.99 126.179
70 126.179
70.01 128
70.02 128.024
70.03 129
70.04 128.015
70.05 127.644
70.06 126
70.07 126
70.08 127
70.09 124.821
70.1 125.178
70.11 126.179
70.12 127
70.13 127.182
70.14 128
70.15 129
70.16 127.813
70.17 126.187
70.18 128.187
70.19 127.627
70.2 125.186
70.21 126.627
70.22 123.814
70.23 123.811
70.24 126.191
70.25 126.643
70.26 127.178
70.27 129.18
70.28 129.821
70.29 128.822
70.3 127.133
70.31 124.001
70.32 122.178
70.33 121.537
70.34 124.643
70.35 125.357
70.36 127.179
70.37 127.822
70.38 126.644
70.39 126.179
70.4 127
70.41 126
70.42 126.151
70.43 128
70.44 126
70.45 125.641
70.46 123.178
70.47 124.644
70.48 125.178
70.49 126.362
70.5 127
70.51 128
70.52 126.987
70.53 125.996
70.54 124
70.55 122.002
70.56 125.017
70.57 127
70.58 126.983
70.59 125.001
70.6 125.983
70.61 125
70.62 126
70.63 125.008
70.64 125.017
70.65 125.998
70.66 125.964
70.67 125
70.68 125.155
70.69 126.844
70.7 127.982
70.71 126
70.72 128.983
70.73 127.002
70.74 127
70.75 127.997
70.76 123.983
70.77 124
70.78 124.037
70.79 125.999
70.8 126
70.81 126
70.82 127.033
70.83 129
70.84 127.042
70.85 131.056
70.86 131.919
70.87 127.973
70.88 119.971
70.89 123.973
70.9 125.084
70.91 123.188
70.92 129.888
70.93 127.972
70.94 122.738
70.95 122.867
70.96 125.972
70.97 134.079
70.98 127.901
70.99 127.058
71 131.081
71.01 125.005
71.02 125.016
71.03 128.998
71.04 122.016
71.05 119.006
71.06 128.968
71.07 126
71.08 124.267
71.09 127.467
71.1 124
71.11 122.002
71.12 128.951
71.13 131.998
71.14 128.06
71.15 127.002
71.16 125.016
71.17 127
71.18 127.936
71.19 126
71.2 127.967
71.21 126
71.22 127.017
71.23 127.013
71.24 127
71.25 125
71.26 124.016
71.27 126
71.28 125.015
71.29 126
71.3 126.984
71.31 124.001
71.32 125.016
71.33 127
71.34 126.046
71.35 129
71.36 126.983
71.37 124.003
71.38 124.985
71.39 124
71.4 125.532
71.41 127
71.42 127.983
71.43 127
71.44 127.985
71.45 127
71.46 126
71.47 126
71.48 124.985
71.49 124.999
71.5 126.984
71.51 127.998
71.52 127
71.53 128
71.54 126.015
71.55 126
71.56 125.029
71.57 127
71.58 128
71.59 127
71.6 127
71.61 125.001
71.62 126
71.63 126.999
71.64 127
71.65 126
71.66 126.985
71.67 126.999
71.68 127
71.69 127.998
71.7 127.985
71.71 127
71.72 126.955
71.73 124
71.74 124.031
71.75 126.999
71.76 125
71.77 127.613
71.78 126
71.79 126.693
71.8 126.685
71.81 125.235
71.82 127
71.83 126.001
71.84 124
71.85 126
71.86 127.969
71.87 124.003
71.88 128
71.89 128
71.9 126.985
71.91 125.002
71.92 124.016
71.93 125
71.94 125.014
71.95 125.999
71.96 125.015
71.97 125.001
71.98 126.015
71.99 127.999
72 126.015
72.01 126.002
72.02 126
72.03 126.999
72.04 126.986
72.05 125.01
72.06 126.963
72.07 124.001
72.08 124.986
72.09 124
72.1 126.015
72.11 127.999
72.12 127.971
72.13 127.997
72.14 127.968
72.15 124.003
72.16 124.015
72.17 124.002
72.18 125.014
72.19 126.998
72.2 126.014
72.21 126.002
72.22 127.973
72.23 126.998
72.24 126.028
72.25 126.004
72.26 124.985
72.27 123.002
72.28 124.985
72.29 124.998
72.3 124.022
72.31 126
72.32 126.958
72.33 124.998
72.34 125.014
72.35 124.269
72.36 126.843
72.37 127
72.38 126.986
72.39 126
72.4 126
72.41 126
72.42 126.986
72.43 124.997
72.44 124.014
72.45 123.003
72.46 126.015
72.47 127
72.48 128
72.49 126.005
72.5 127
72.51 126.002
72.52 126
72.53 125.001
72.54 127.986
72.55 127.999
72.56 126.863
72.57 122.003
72.58 125
72.59 126.995
72.6 126.051
72.61 128
72.62 128
72.63 126
72.64 125
72.65 127.005
72.66 126
72.67 126.005
72.68 125.025
72.69 126.984
72.7 126
72.71 126
72.72 125
72.73 125
72.74 126.013
72.75 126.002
72.76 125.986
72.77 127.994
72.78 127.959
72.79 124.002
72.8 125.863
72.81 125.158
72.82 123.842
72.83 125.998
72.84 123
72.85 123
72.86 127
72.87 126.002
72.88 128
72.89 128
72.9 128.96
72.91 126.998
72.92 124.935
72.93 124.992
72.94 123.973
72.95 126.991
72.96 126
72.97 125.001
72.98 123
72.99 123.998
73 127
73.01 127.998
73.02 129.964
73.03 128.996
73.04 126.987
73.05 125.57
73.06 122.876
73.07 125.159
73.08 127
73.09 128.984
73.1 126.987
73.11 125.003
73.12 123.962
73.13 121.998
73.14 125
73.15 126.763
73.16 127.842
73.17 127.683
73.18 130.987
73.19 125.013
73.2 123
73.21 123
73.22 123.024
73.23 126.996
73.24 126.987
73.25 128.993
73.26 128.975
73.27 124.992
73.28 123.013
73.29 124
73.3 124.034
73.31 127
73.32 128.987
73.33 128
73.34 126.976
73.35 123.006
73.36 124.033
73.37 126
73.38 126.983
73.39 127.995
73.4 127.988
73.41 126.003
73.42 126.987
73.43 126
73.44 125.015
73.45 125.002
73.46 125.017
73.47 127.995
73.48 123
73.49 124.995
73.5 127.984
73.51 126.002
73.52 125.977
73.53 123.002
73.54 125.016
73.55 126
73.56 126
73.57 127.842
73.58 126
73.59 123.01
73.6 123.015
73.61 124
73.62 126
73.63 126
73.64 123.015
73.65 125.996
73.66 125.984
73.67 125
73.68 128
73.69 126.004
73.7 127
73.71 127
73.72 128.017
73.73 128.002
73.74 126.983
73.75 125.003
73.76 123.984
73.77 123
73.78 123.016
73.79 124
73.8 124.987
73.81 124
73.82 126
73.83 126.998
73.84 126.985
73.85 126.998
73.86 126
73.87 124.996
73.88 126
73.89 125.003
73.9 127.985
73.91 126.002
73.92 127.984
73.93 127
73.94 127
73.95 127.998
73.96 126
73.97 124
73.98 124.969
73.99 122.009
74 125.027
74.01 126.994
74.02 124
74.03 125.773
74.04 124.151
74.05 124
74.06 126
74.07 125.999
74.08 126.035
74.09 126.968
74.1 125.016
74.11 124.005
74.12 125
74.13 125
74.14 126
74.15 124.004
74.16 125.016
74.17 123.007
74.18 124.031
74.19 126
74.2 127
74.21 127.968
74.22 125.985
74.23 125
74.24 123.985
74.25 123
74.26 124.015
74.27 125
74.28 125
74.29 126.996
74.3 126
74.31 126.987
74.32 127
74.33 126.065
74.34 126.054
74.35 127.693
74.36 127.991
74.37 126.003
74.38 124.015
74.39 125.881
74.4 124.16
74.41 124
74.42 126.015
74.43 128.994
74.44 126.985
74.45 126.997
74.46 123
74.47 123
74.48 124.986
74.49 124
74.5 126.014
74.51 125.006
74.52 125.985
74.53 124.002
74.54 125.015
74.55 127.996
74.56 128.986
74.57 128
74.58 126.986
74.59 124.004
74.6 122.971
74.61 122.996
74.62 126
74.63 126
74.64 126.971
74.65 125.997
74.66 126
74.67 125.002
74.68 125
74.69 126.984
74.7 125
74.71 125.998
74.72 125.014
74.73 125.002
74.74 125.978
74.75 124.997
74.76 127.987
74.77 126.002
74.78 126.015
74.79 126.966
74.8 127.012
74.81 127.003
74.82 123.014
74.83 124
74.84 125.989
74.85 127.992
74.86 125.987
74.87 126.995
74.88 127.972
74.89 126.998
74.9 125
74.91 125
74.92 127.014
74.93 128
74.94 125.013
74.95 126.998
74.96 122.025
74.97 123.004
74.98 123.015
74.99 124
75 127
75.01 127
75.02 126.009
75.03 126.003
75.04 125.013
75.05 126
75.06 124.973
75.07 122.003
75.08 123
75.09 123.996
75.1 125.987
75.11 125
75.12 124.049
75.13 126.005
75.14 123
75.15 124
75.16 124
75.17 126.521
75.18 127
75.19 126
75.2 128.012
75.21 129
75.22 126.963
75.23 124
75.24 123.013
75.25 124.997
75.26 127.013
75.27 128.998
75.28 129.972
75.29 126.005
75.3 125
75.31 125.999
75.32 125.012
75.33 126.996
75.34 127.024
75.35 129.997
75.36 127.975
75.37 125.989
75.38 125
75.39 125
75.4 126
75.41 126
75.42 126
75.43 126.998
75.44 126
75.45 126
75.46 126.047
75.47 128
75.48 127
75.49 127
75.5 126
75.51 126.989
75.52 125.989
75.53 126.983
75.54 126.988
75.55 126.996
75.56 126
75.57 125.989
75.58 123.011
75.59 125.01
75.6 126
75.61 126
75.62 127
75.63 126.247
75.64 125.675
75.65 126
75.66 125
75.67 123.709
75.68 124.715
75.69 125.709
75.7 125.285
75.71 125.582
75.72 126.285
75.73 125.581
75.74 126
75.75 125.418
75.76 125
75.77 126.29
75.78 126.431
75.79 124
75.8 126.285
75.81 126
75.82 125.285
75.83 126.709
75.84 126
75.85 126
75.86 126.285
75.87 126
75.88 126
75.89 126.709
75.9 125.713
75.91 124.581
75.92 124.715
75.93 124
75.94 126.285
75.95 128
75.96 126.715
75.97 128.419
75.98 127
75.99 126
76 126.705
76.01 127.13
76.02 127
76.03 126.29
76.04 127
76.05 125.709
76.06 126.715
76.07 126
76.08 124.248
76.09 126
76.1 127.995
76.11 127
76.12 127.284
76.13 125.71
76.14 125
76.15 125.419
76.16 124.57
76.17 127
76.18 127
76.19 127.709
76.2 126.284
76.21 126.29
76.22 125.43
76.23 124.29
76.24 124.716
76.25 123.71
76.26 124
76.27 124.291
76.28 124
76.29 124.291
76.3 126
76.31 126
76.32 126.292
76.33 126
76.34 125.568
76.35 127.008
76.36 126.995
76.37 127.005
76.38 127
76.39 126.418
76.4 125.443
76.41 125.29
76.42 125.715
76.43 125.289
76.44 127
76.45 126
76.46 126
76.47 125.71
76.48 126
76.49 125
76.5 126
76.51 125.297
76.52 127
76.53 127.297
76.54 126.711
76.55 126
76.56 124
76.57 127
76.58 126
76.59 125
76.6 126.288
76.61 126.701
76.62 127
76.63 126.703
76.64 126
76.65 126.703
76.66 126.423
76.67 124.703
76.68 125.288
76.69 126
76.7 127
76.71 126
76.72 126
76.73 125
76.74 125.995
76.75 125
76.76 125.292
76.77 127
76.78 126.71
76.79 126.29
76.8 126
76.81 125
76.82 125
76.83 124.71
76.84 125.583
76.85 126.29
76.86 127
76.87 125
76.88 126.708
76.89 125
76.9 124.483
76.91 125.391
76.92 125
76.93 126.289
76.94 126
76.95 125.29
76.96 126
76.97 126
76.98 127
76.99 127.29
77 126.709
77.01 126
77.02 125.708
77.03 125.29
77.04 125.714
77.05 126.993
77.06 126
77.07 126.983
77.08 126
77.09 126.71
77.1 126.288
77.11 127
77.12 126
77.13 124.289
77.14 125.291
77.15 126
77.16 127.709
77.17 127
77.18 127
77.19 125.711
77.2 125.291
77.21 126
77.22 126.709
77.23 126.421
77.24 126
77.25 126
77.26 126
77.27 125.709
77.28 124
77.29 126
77.3 125.291
77.31 126
77.32 126
77.33 125.581
77.34 126.71
77.35 126
77.36 125.291
77.37 127
77.38 126
77.39 126.421
77.4 126
77.41 124.693
77.42 125.709
77.43 124.296
77.44 126
77.45 126.704
77.46 125.581
77.47 127
77.48 125.29
77.49 127.704
77.5 127
77.51 126
77.52 126
77.53 126.407
77.54 125
77.55 125.593
77.56 126
77.57 126
77.58 126.291
77.59 125
77.6 126.294
77.61 126.296
77.62 126
77.63 125.296
77.64 125
77.65 126
77.66 125.291
77.67 126.296
77.68 125.419
77.69 126
77.7 125.256
77.71 125.981
77.72 126.988
77.73 126.703
77.74 126
77.75 126.407
77.76 126.421
77.77 125.704
77.78 126
77.79 125.593
77.8 126
77.81 125.298
77.82 126
77.83 125
77.84 126.29
77.85 126.704
77.86 125
77.87 125.296
77.88 125.42
77.89 125
77.9 126
77.91 126.296
77.92 128
77.93 126.704
77.94 127.419
77.95 125.704
77.96 126
77.97 125
77.98 124.291
77.99 125.296
78 126
78.01 126
78.02 127.29
78.03 126.114
78.04 124.29
78.05 123.591
78.06 123.71
78.07 124.517
78.08 126.153
78.09 127.153
78.1 128
78.11 127.408
78.12 124
78.13 124.705
78.14 124
78.15 124.705
78.16 126
78.17 125.787
78.18 124
78.19 124
78.2 124
78.21 123
78.22 125
78.23 125.982
78.24 125.022
78.25 126.018
78.26 126.936
78.27 125
78.28 123.024
78.29 123.018
78.3 124
78.31 125.982
78.32 126.02
78.33 124.055
78.34 125.022
78.35 125.985
78.36 124.065
78.37 125.019
78.38 125.022
78.39 126.945
78.4 125.959
78.41 124
78.42 123
78.43 123.01
78.44 125
78.45 125
78.46 126
78.47 126
78.48 124.992
78.49 125
78.5 125.994
78.51 126.011
78.52 126.995
78.53 127.011
78.54 127.989
78.55 127.755
78.56 125.28
78.57 124.141
78.58 124.995
78.59 122.011
78.6 122.011
78.61 124.012
78.62 125
78.63 124.99
78.64 125.994
78.65 124.022
78.66 124
78.67 125.023
78.68 127.995
78.69 127.977
78.7 126
78.71 124.989
78.72 123.987
78.73 122
78.74 122.01
78.75 124.989
78.76 124.005
78.77 126.012
78.78 125.995
78.79 126
78.8 126.005
78.81 126
78.82 126
78.83 125.01
78.84 126
78.85 123
78.86 124
78.87 124.011
78.88 125
78.89 124.011
78.9 125
78.91 125.001
78.92 125.994
78.93 125
78.94 124.005
78.95 124.008
78.96 124.14
78.97 126.859
78.98 126.859
78.99 126.998
79 126.989
79.01 126
79.02 126.98
79.03 125
79.04 125.996
79.05 126
79.06 126
79.07 126.979
79.08 126.995
79.09 124.002
79.1 125.005
79.11 126.999
79.12 125.008
79.13 128.012
79.14 127
79.15 126.999
79.16 125.006
79.17 126.001
79.18 126.004
79.19 125
79.2 124
79.21 124.999
79.22 124.004
79.23 127
79.24 126.997
79.25 126
79.26 127
79.27 124.98
79.28 124
79.29 124
79.3 126
79.31 126
79.32 124.006
79.33 126
79.34 123.994
79.35 125
79.36 126.007
79.37 127
79.38 125.996
79.39 125.001
79.4 125
79.41 124
79.42 126
79.43 126
79.44 125.004
79.45 126
79.46 125
79.47 123.4
79.48 124.71
79.49 123.863
79.5 125.711
79.51 125.287
79.52 127.132
79.53 125.712
79.54 125.711
79.55 125
79.56 125.711
79.57 126
79.58 127
79.59 126.712
79.6 126
79.61 126
79.62 124.711
79.63 125.712
79.64 124.289
79.65 123.329
79.66 125.578
79.67 126
79.68 127
79.69 127
79.7 126.169
79.71 126
79.72 125
79.73 124.288
79.74 124.286
79.75 126
79.76 127.423
79.77 127.713
79.78 125
79.79 125.287
79.8 125.422
79.81 125.713
79.82 126.291
79.83 126.863
79.84 126.577
79.85 127.713
79.86 127.714
79.87 126.713
79.88 126.428
79.89 125.287
79.9 125.715
79.91 125.287
79.92 126.712
79.93 127.288
79.94 124.711
79.95 121.713
79.96 123.289
79.97 124
79.98 123.286
79.99 128
80 129
80.01 128
80.02 125
80.03 124.711
80.04 124
80.05 124.861
80.06 125.571
80.07 127.713
80.08 127.429
80.09 122.428
80.1 121.285
80.11 125.287
80.12 126.286
80.13 126
80.14 127.718
80.15 127.714
80.16 125
80.17 125
80.18 123.715
80.19 124.287
80.2 126
80.21 124.288
80.22 126.285
80.23 126
80.24 126.285
80.25 126.128
80.26 125
80.27 126
80.28 125.289
80.29 126.287
80.3 127
80.31 127
80.32 126.714
80.33 125.286
80.34 124.285
80.35 124.287
80.36 125.715
80.37 126
80.38 126.57
80.39 126.287
80.4 126
80.41 126
80.42 125.285
80.43 125
80.44 125.571
80.45 125.573
80.46 125.285
80.47 125.573
80.48 126
80.49 126
80.5 125.247
80.51 125.145
80.52 126
80.53 126.287
80.54 127
80.55 126
80.56 127
80.57 125.713
80.58 125
80.59 125.713
80.6 125
80.61 125.286
80.62 125
80.63 124.714
80.64 124
80.65 124.287
80.66 125.431
80.67 125
80.68 127.715
80.69 125.714
80.7 126
80.71 126
80.72 124.715
80.73 124.9
80.74 124
80.75 125
80.76 126
80.77 124
80.78 125.002
80.79 126
80.8 127
80.81 126.125
80.82 125.143
80.83 126.142
80.84 126
80.85 125
80.86 124.001
80.87 125
80.88 126
80.89 126.999
80.9 126
80.91 126
80.92 127
80.93 127
80.94 127
80.95 127
80.96 126
80.97 125.003
80.98 125
80.99 125.002
81 126
81.01 127.995
81.02 126
81.03 126
81.04 127
81.05 126
81.06 126
81.07 126
81.08 126
81.09 126.999
81.1 126
81.11 126
81.12 125.999
81.13 125.998
81.14 125.999
81.15 125.999
81.16 125
81.17 125
81.18 125.714
81.19 124.002
81.2 126
81.21 126
81.22 126
81.23 127.998
81.24 127
81.25 127.998
81.26 127
81.27 126
81.28 126.999
81.29 125.002
81.3 125.999
81.31 124.001
81.32 126
81.33 125.996
81.34 126.001
81.35 126.001
81.36 126.002
81.37 126.001
81.38 126
81.39 126.001
81.4 127
81.41 125.002
81.42 126
81.43 125.002
81.44 126
81.45 126
81.46 125.001
81.47 126.969
81.48 125
81.49 125
81.5 126
81.51 126
81.52 126.917
81.53 126
81.54 126
81.55 126
81.56 126.917
81.57 125
81.58 126
81.59 125.125
81.6 127
81.61 128
81.62 127.918
81.63 126.975
81.64 124.919
81.65 124
81.66 124.083
81.67 124.974
81.68 126
81.69 127.027
81.7 128.041
81.71 128.974
81.72 128
81.73 128
81.74 126.959
81.75 127.974
81.76 126.919
81.77 126
81.78 126
81.79 125.026
81.8 125.961
81.81 123.973
81.82 124
81.83 125
81.84 125
81.85 128.053
81.86 129.959
81.87 128.974
81.88 128.04
81.89 126.947
81.9 123.98
81.91 124
81.92 125.972
81.93 126
81.94 126.995
81.95 126.998
81.96 126.002
81.97 125.048
81.98 125
81.99 125
82 128.015
82.01 128.497
82.02 127
82.03 127
82.04 124.839
82.05 124.285
82.06 125.167
82.07 126
82.08 125.568
82.09 127
82.1 126.697
82.11 127
82.12 127
82.13 127
82.14 126.426
82.15 124
82.16 124.292
82.17 126
82.18 125.721
82.19 126.285
82.2 126.718
82.21 127.715
82.22 127
82.23 127.612
82.24 127.702
82.25 127.41
82.26 126.441
82.27 125.289
82.28 124.565
82.29 125
82.3 123.701
82.31 123.701
82.32 126.233
82.33 127
82.34 128
82.35 127.701
82.36 127
82.37 126.858
82.38 126
82.39 126
82.4 126
82.41 125.421
82.42 124.303
82.43 124.291
82.44 125
82.45 127
82.46 126
82.47 127
82.48 126.288
82.49 126.396
82.5 126
82.51 126.714
82.52 126.719
82.53 126
82.54 126
82.55 124
82.56 125
82.57 124.286
82.58 127
82.59 126
82.6 126
82.61 128
82.62 127
82.63 126.298
82.64 126
82.65 126.404
82.66 125
82.67 125.3
82.68 125
82.69 126
82.7 126.279
82.71 126.168
82.72 125.279
82.73 126
82.74 128
82.75 128.402
82.76 128
82.77 127
82.78 127
82.79 126.299
82.8 126
82.81 126.298
82.82 126
82.83 126
82.84 126
82.85 126
82.86 124.281
82.87 127
82.88 125.433
82.89 126
82.9 126.717
82.91 125
82.92 126
82.93 124.284
82.94 125.567
82.95 126
82.96 125.715
82.97 126
82.98 126
82.99 125.292
83 125.429
83.01 125
83.02 125
83.03 125.291
83.04 125
83.05 125
83.06 126
83.07 126.709
83.08 126.715
83.09 126.416
83.1 125
83.11 125.709
83.12 125.751
83.13 125.701
83.14 125
83.15 124
83.16 124.715
83.17 125
83.18 126
83.19 126.709
83.2 126.715
83.21 126
83.22 126
83.23 127.292
83.24 127
83.25 126.716
83.26 125.716
83.27 125
83.28 124.282
83.29 125.099
83.3 126.497
83.31 126.599
83.32 125.196
83.33 125.003
83.34 126.002
83.35 126.998
83.36 126.999
83.37 127
83.38 127
83.39 126.001
83.4 125.998
83.41 124.145
83.42 125
83.43 126.854
83.44 126
83.45 127.996
83.46 126.001
83.47 125.998
83.48 125.002
83.49 124.002
83.5 125.996
83.51 126
83.52 128
83.53 126.002
83.54 124.004
83.55 126
83.56 125.015
83.57 125.003
83.58 126
83.59 124
83.6 125.002
83.61 125.988
83.62 126.988
83.63 125.004
83.64 124.012
83.65 124.004
83.66 124.015
83.67 125
83.68 125.988
83.69 125.997
83.7 125
83.71 124.002
83.72 126
83.73 124.006
83.74 124.998
83.75 125.998
83.76 125.005
83.77 126.998
83.78 126.002
83.79 125.003
83.8 124.002
83.81 124.998
83.82 125.002
83.83 125.997
83.84 124.003
83.85 125
83.86 125
83.87 125.002
83.88 124.998
83.89 125.996
83.9 126
83.91 126.145
83.92 124.997
83.93 127
83.94 126
83.95 126.007
83.96 126.995
83.97 126
83.98 127
83.99 126.998
84 125.005
84.01 126.002
84.02 124.003
84.03 126
84.04 125
84.05 125
84.06 126
84.07 125.997
84.08 124.003
84.09 124.003
84.1 124.997
84.11 126
84.12 126
84.13 125
84.14 125.002
84.15 126
84.16 126.003
84.17 125
84.18 126
84.19 125
84.2 125.998
84.21 126
84.22 126.997
84.23 126
84.24 125.002
84.25 125.003
84.26 124
84.27 125
84.28 123.998
84.29 126
84.3 126.996
84.31 125.003
84.32 126
84.33 126.003
84.34 125
84.35 125.004
84.36 125
84.37 124.127
84.38 125.146
84.39 126.855
84.4 126.005
84.41 125.002
84.42 125.003
84.43 124
84.44 125.997
84.45 125.996
84.46 126
84.47 126
84.48 126
84.49 125.003
84.5 125.997
84.51 125.003
84.52 125.003
84.53 126
84.54 126.003
84.55 125.006
84.56 127
84.57 125.501
84.58 125
84.59 125
84.6 124.565
84.61 124
84.62 124
84.63 125.717
84.64 125.83
84.65 126
84.66 124.146
84.67 124
84.68 123.146
84.69 124.003
84.7 125.996
84.71 126.994
84.72 125
84.73 125.996
84.74 125.981
84.75 124.009
84.76 125.991
84.77 125.995
84.78 126.009
84.79 126.991
84.8 126
84.81 124.992
84.82 124
84.83 124
84.84 126.009
84.85 126.008
84.86 126.991
84.87 125.005
84.88 126.805
84.89 126.162
84.9 125
84.91 126
84.92 126
84.93 126.718
84.94 128.671
84.95 126
84.96 125.284
84.97 126.71
84.98 125.284
84.99 126
85 126
85.01 125.711
85.02 125.567
85.03 126.711
85.04 125.717
85.05 126.422
85.06 124
85.07 124
85.08 126
85.09 126
85.1 127.284
85.11 127.711
85.12 127.433
85.13 126
85.14 127
85.15 127
85.16 127
85.17 126.29
85.18 125.718
85.19 125.289
85.2 126.284
85.21 127.289
85.22 127
85.23 128
85.24 125.433
85.25 126
85.26 126
85.27 125
85.28 127
85.29 126.711
85.3 126
85.31 125.289
85.32 125.711
85.33 125
85.34 126.282
85.35 126.578
85.36 126.433
85.37 125.711
85.38 126
85.39 126
85.4 126.717
85.41 126
85.42 127
85.43 126.711
85.44 126
85.45 127
85.46 127
85.47 126.711
85.48 127.711
85.49 125.711
85.5 125.289
85.51 125.711
85.52 126
85.53 127
85.54 127
85.55 125.007
85.56 125.993
85.57 124.996
85.58 124.007
85.59 124.014
85.6 126.007
85.61 125.986
85.62 127
85.63 127.007
85.64 126.994
85.65 127.989
85.66 126.994
85.67 127.007
85.68 125.008
85.69 125.994
85.7 126.987
85.71 126
85.72 125.992
85.73 124
85.74 125.986
85.75 125.006
85.76 127
85.77 126
85.78 125.008
85.79 126
85.8 126
85.81 126.005
85.82 127.993
85.83 126.994
85.84 126
85.85 126
85.86 124
85.87 124
85.88 124
85.89 125.422
85.9 125.289
85.91 125
85.92 126
85.93 125.423
85.94 125.423
85.95 124.712
85.96 125
85.97 126
85.98 124.712
85.99 125
86 125.495
86.01 124.147
86.02 125
86.03 124
86.04 125
86.05 125.288
86.06 125
86.07 126.663
86.08 125.288
86.09 126.288
86.1 124.712
86.11 124.712
86.12 125
86.13 124.664
86.14 125
86.15 126
86.16 124.673
86.17 124.336
86.18 126
86.19 126.337
86.2 126.712
86.21 125.712
86.22 124
86.23 124.328
86.24 122.336
86.25 124.336
86.26 125.334
86.27 125.664
86.28 126
86.29 125
86.3 125
86.31 125.336
86.32 124.673
86.33 126
86.34 125.336
86.35 125.664
86.36 126
86.37 125.664
86.38 124.664
86.39 123.336
86.4 124.146
86.41 124
86.42 125
86.43 125
86.44 125
86.45 125.664
86.46 126
86.47 125.992
86.48 123.664
86.49 124.336
86.5 123.576
86.51 124.672
86.52 126
86.53 125.668
86.54 124.664
86.55 123
86.56 123.664
86.57 124.336
86.58 125.327
86.59 126
86.6 126
86.61 125
86.62 124.672
86.63 124
86.64 125.335
86.65 125
86.66 126
86.67 126.993
86.68 124.664
86.69 124.664
86.7 123
86.71 123.672
86.72 125
86.73 124
86.74 123.671
86.75 126
86.76 126
86.77 127
86.78 126
86.79 124.664
86.8 126
86.81 125.255
86.82 124.289
86.83 124.292
86.84 124.203
86.85 124
86.86 125
86.87 125.336
86.88 126
86.89 124.67
86.9 126.335
86.91 126.664
86.92 126
86.93 125
86.94 124
86.95 123.671
86.96 124.664
86.97 126
86.98 125
86.99 125
87 124.336
87.01 124
87.02 124.335
87.03 124
87.04 126
87.05 127
87.06 125.665
87.07 124.669
87.08 125.338
87.09 123.329
87.1 123.335
87.11 124
87.12 124.327
87.13 125.899
87.14 124.494
87.15 125.399
87.16 124.746
87.17 123.76
87.18 125.253
87.19 124.745
87.2 125
87.21 126
87.22 127.253
87.23 128
87.24 125.141
87.25 124.142
87.26 124.748
87.27 123.747
87.28 125
87.29 125
87.3 124.252
87.31 125.494
87.32 124.748
87.33 125.253
87.34 125
87.35 124.252
87.36 126.748
87.37 126
87.38 122.756
87.39 124.757
87.4 127
87.41 126.254
87.42 123.755
87.43 124.252
87.44 124
87.45 124.747
87.46 123.506
87.47 126
87.48 126.253
87.49 126.505
87.5 127.747
87.51 125.253
87.52 124.252
87.53 124.748
87.54 124
87.55 123
87.56 125
87.57 125.748
87.58 125
87.59 124.747
87.6 124.747
87.61 124
87.62 124
87.63 124
87.64 125.285
87.65 125.142
87.66 124.501
87.67 124.748
87.68 125
87.69 124.748
87.7 124.506
87.71 123.253
87.72 124.252
87.73 124
87.74 125.253
87.75 125.496
87.76 124
87.77 125
87.78 123.748
87.79 124.252
87.8 125.495
87.81 124.252
87.82 125.748
87.83 125
87.84 125.251
87.85 124.252
87.86 125
87.87 126
87.88 125.748
87.89 124.496
87.9 125.253
87.91 124.496
87.92 124.748
87.93 124
87.94 123.498
87.95 125.246
87.96 125.498
87.97 124.752
87.98 126.503
87.99 126.252
88 126.731
88.01 126
88.02 126
88.03 125.748
88.04 124.504
88.05 123.252
88.06 124.504
88.07 125.252
88.08 124.252
88.09 125.252
88.1 124.264
88.11 124
88.12 125.252
88.13 126.252
88.14 127.748
88.15 126.748
88.16 126.251
88.17 124.748
88.18 123.497
88.19 123.748
88.2 124.252
88.21 125.252
88.22 126
88.23 125.496
88.24 125
88.25 124.749
88.26 124
88.27 124.253
88.28 125
88.29 126
88.3 127
88.31 126.749
88.32 126.251
88.33 126
88.34 125.251
88.35 124.498
88.36 123.498
88.37 124.749
88.38 123.499
88.39 124.749
88.4 125
88.41 125
88.42 125
88.43 124.182
88.44 125.669
88.45 127.334
88.46 126.331
88.47 125.669
88.48 127.333
88.49 127.334
88.5 127.666
88.51 127.667
88.52 125.857
88.53 123.855
88.54 125
88.55 126.331
88.56 126
88.57 125.333
88.58 125.334
88.59 127
88.6 128
88.61 128.334
88.62 129
88.63 127.666
88.64 127
88.65 127
88.66 128
88.67 126.666
88.68 126.334
88.69 125.666
88.7 124
88.71 126.332
88.72 125.666
88.73 126.333
88.74 126.333
88.75 125.334
88.76 126.325
88.77 127
88.78 127.35
88.79 126
88.8 127
88.81 127
88.82 128
88.83 127.35
88.84 126
88.85 125.022
88.86 124
88.87 126
88.88 125.325
88.89 127.323
88.9 126.675
88.91 124.978
88.92 127.325
88.93 125.675
88.94 126.325
88.95 126
88.96 126
88.97 127.349
88.98 126.651
88.99 128.027
89 126.24
89.01 126.726
89.02 123
89.03 123.326
89.04 125.675
89.05 126
89.06 128.35
89.07 127.351
89.08 125.674
89.09 125
89.1 125.325
89.11 124.326
89.12 124.325
89.13 126.677
89.14 126.325
89.15 127.325
89.16 127.349
89.17 127
89.18 127.325
89.19 126.325
89.2 125.325
89.21 127.327
89.22 128.675
89.23 127.674
89.24 128.35
89.25 126.351
89.26 125
89.27 125
89.28 125
89.29 126
89.3 125.756
89.31 124.289
89.32 125.407
89.33 129
89.34 125.35
89.35 126.649
89.36 127
89.37 125
89.38 128
89.39 128
89.4 127
89.41 128.676
89.42 127.022
89.43 125.351
89.44 124
89.45 123.675
89.46 126.65
89.47 128
89.48 128
89.49 126.675
89.5 127.325
89.51 126.676
89.52 126
89.53 126.649
89.54 125.675
89.55 125.325
89.56 126
89.57 125.649
89.58 126.351
89.59 124.676
89.6 126.323
89.61 124.676
89.62 122.676
89.63 125
89.64 125.325
89.65 127.323
89.66 128.324
89.67 127.676
89.68 125.675
89.69 125
89.7 124.351
89.71 124
89.72 128.729
89.73 125.863
89.74 128.237
89.75 128.291
89.76 126.527
89.77 126.189
89.78 126.15
89.79 124.15
89.8 126.766
89.81 126
89.82 126.236
89.83 126.763
89.84 126
89.85 126.237
89.86 126
89.87 124.237
89.88 126.236
89.89 126
89.9 127.237
89.91 127
89.92 127.752
89.93 127
89.94 126
89.95 126.247
89.96 126.249
89.97 127
89.98 126.753
89.99 127
90 126.248
90.01 126.253
90.02 125.752
90.03 126
90.04 126.236
90.05 126
90.06 127
90.07 126.132
90.08 127
90.09 124.302
90.1 125
90.11 123.764
90.12 124.235
90.13 125
90.14 124
90.15 125.764
90.16 125
90.17 124.471
90.18 127
90.19 126
90.2 126
90.21 127
90.22 126
90.23 125.471
90.24 126
90.25 125
90.26 124
90.27 123.762
90.28 122.473
90.29 122.237
90.3 124.236
90.31 123.764
90.32 123
90.33 123.765
90.34 123
90.35 123.868
90.36 126.151
90.37 126.302
90.38 126.764
90.39 125.764
90.4 124.235
90.41 124
90.42 125.748
90.43 126
90.44 125.236
90.45 125.764
90.46 126
90.47 126
90.48 124.529
90.49 124
90.5 124
90.51 124
90.52 125.234
90.53 125
90.54 126.235
90.55 125.765
90.56 126
90.57 125.764
90.58 125
90.59 126
90.6 124.765
90.61 125.47
90.62 126.764
90.63 126.765
90.64 125
90.65 125.235
90.66 126.763
90.67 123.765
90.68 124.235
90.69 126.531
90.7 125
90.71 127
90.72 125.764
90.73 126
90.74 126
90.75 124.765
90.76 124.469
90.77 125.235
90.78 125.235
90.79 127
90.8 127.765
90.81 126
90.82 124
90.83 124.766
90.84 123.766
90.85 124.469
90.86 125.236
90.87 126
90.88 125.469
90.89 125.234
90.9 124.47
90.91 125.766
90.92 125.516
90.93 123.235
90.94 125.234
90.95 124.53
90.96 124.53
90.97 123.991
90.98 123.043
90.99 124
91 124.353
91.01 124
91.02 125
91.03 124.324
91.04 126
91.05 127.322
91.06 128.156
91.07 128.844
91.08 128
91.09 125.677
91.1 124
91.11 124
91.12 122.671
91.13 123.331
91.14 125
91.15 124.33
91.16 124.993
91.17 126
91.18 124.662
91.19 124.703
91.2 125.666
91.21 127
91.22 127
91.23 127.667
91.24 127
91.25 127.331
91.26 127.339
91.27 127
91.28 126.351
91.29 122
91.3 122.662
91.31 122.331
91.32 123.322
91.33 126
91.34 127.339
91.35 127
91.36 125.336
91.37 124.32
91.38 124
91.39 124.844
91.4 126
91.41 126.187
91.42 127
91.43 126
91.44 126
91.45 126
91.46 124
91.47 124.354
91.48 125
91.49 124.647
91.5 124.677
91.51 124.645
91.52 125
91.53 125.678
91.54 125
91.55 124.676
91.56 123.323
91.57 125.674
91.58 125.342
