91.59 128.629
91.6 129
91.61 128
91.62 126.821
91.63 126
91.64 126.993
91.65 128.993
91.66 129
91.67 129
91.68 128.839
91.69 127.838
91.7 127
91.71 127
91.72 127
91.73 127
91.74 127.161
91.75 128.07
91.76 128.784
91.77 128
91.78 128
91.79 127
91.8 127.995
91.81 128
91.82 128.005
91.83 128
91.84 128
91.85 128
91.86 128
91.87 127.005
91.88 127
91.89 127
91.9 127.994
91.91 128
91.92 128.995
91.93 129
91.94 128
91.95 125.006
91.96 125.995
91.97 126.995
91.98 127
91.99 127
92 127.005
92.01 127
92.02 127
92.03 127
92.04 127
92.05 127
92.06 127
92.07 127.997
92.08 126.005
92.09 127.004
92.1 128
92.11 128.995
92.12 127
92.13 126.994
92.14 127
92.15 128.004
92.16 130
92.17 128.98
92.18 127
92.19 127
92.2 127
92.21 129
92.22 130
92.23 130
92.24 127.011
92.25 126.005
92.26 126.994
92.27 128.995
92.28 129.995
92.29 128.006
92.3 128
92.31 128.161
92.32 129
92.33 128.836
92.34 128
92.35 127
92.36 127.162
92.37 128.161
92.38 131.162
92.39 131.838
92.4 128.674
92.41 124.839
92.42 124.322
92.43 128.484
92.44 131.839
92.45 130.677
92.46 127.676
92.47 125
92.48 126.161
92.49 128.161
92.5 129
92.51 129.992
92.52 130
92.53 128.343
92.54 125.838
92.55 125.161
92.56 127.162
92.57 128.161
92.58 129.839
92.59 129
92.6 128
92.61 128
92.62 128
92.63 127.161
92.64 128
92.65 128
92.66 128
92.67 129
92.68 130
92.69 130
92.7 128.838
92.71 128
92.72 128.161
92.73 129
92.74 129.161
92.75 129.839
92.76 128
92.77 127
92.78 127.165
92.79 128.177
92.8 130
92.81 129.824
92.82 127.825
92.83 126.175
92.84 128
92.85 128
92.86 129
92.87 129
92.88 127.824
92.89 127
92.9 126.177
92.91 128.176
92.92 130
92.93 129
92.94 128
92.95 129
92.96 129
92.97 129
92.98 130
92.99 129.824
93 129
93.01 129
93.02 129
93.03 129.066
93.04 129.691
93.05 129.639
93.06 128.647
93.07 128
93.08 129
93.09 129
93.1 127.824
93.11 127
93.12 128.176
93.13 128.175
93.14 129.177
93.15 129.824
93.16 127.823
93.17 127.176
93.18 129
93.19 129.175
93.2 131
93.21 130.825
93.22 130
93.23 130
93.24 130.175
93.25 131
93.26 130.008
93.27 130
93.28 130
93.29 131.176
93.3 133
93.31 133
93.32 131.824
93.33 130.825
93.34 130.175
93.35 130
93.36 131
93.37 132.844
93.38 132
93.39 132
93.4 130.831
93.41 129
93.42 129
93.43 129.16
93.44 131.16
93.45 132.161
93.46 133
93.47 131.84
93.48 129.84
93.49 130
93.5 130.158
93.51 132
93.52 132.16
93.53 132.84
93.54 132
93.55 131
93.56 132
93.57 132
93.58 133
93.59 132.84
93.6 132
93.61 132
93.62 131
93.63 131.84
93.64 131.16
93.65 132
93.66 133
93.67 133
93.68 132
93.69 131.841
93.7 132
93.71 133
93.72 132
93.73 132
93.74 133
93.75 132.996
93.76 132.989
93.77 133
93.78 132
93.79 132.833
93.8 133
93.81 132
93.82 131
93.83 131.166
93.84 132
93.85 132.832
93.86 132
93.87 131.831
93.88 131
93.89 131
93.9 131.168
93.91 133.167
93.92 134
93.93 133.832
93.94 132
93.95 131
93.96 129.832
93.97 130.171
93.98 131.066
93.99 133.17
94 134.832
94.01 132.832
94.02 131.831
94.03 131
94.04 132
94.05 133
94.06 133.176
94.07 134.84
94.08 134
94.09 133.009
94.1 133
94.11 132
94.12 133
94.13 134.16
94.14 135.159
94.15 135
94.16 134.847
94.17 134
94.18 133.167
94.19 134
94.2 134
94.21 135
94.22 135.832
94.23 135
94.24 135
94.25 134
94.26 134
94.27 134
94.28 134
94.29 134
94.3 135
94.31 135.072
94.32 135.786
94.33 134.726
94.34 134
94.35 133
94.36 133.857
94.37 134.835
94.38 135
94.39 135
94.4 134
94.41 133
94.42 132
94.43 132
94.44 134
94.45 135
94.46 135.987
94.47 133.998
94.48 132
94.49 131
94.5 132
94.51 134
94.52 134
94.53 134
94.54 134
94.55 134
94.56 132.003
94.57 132
94.58 131.011
94.59 134
94.6 134.011
94.61 134
94.62 134
94.63 134
94.64 133.011
94.65 134
94.66 134.989
94.67 134
94.68 135.011
94.69 135
94.7 134
94.71 134
94.72 134
94.73 134.863
94.74 135
94.75 136
94.76 134.989
94.77 134
94.78 133
94.79 134
94.8 135
94.81 135
94.82 135
94.83 135
94.84 135
94.85 135.989
94.86 135
94.87 134
94.88 134
94.89 134
94.9 134
94.91 134
94.92 133
94.93 134
94.94 134
94.95 132.989
94.96 133
94.97 132
94.98 134
94.99 133.99
95 133
95.01 132
95.02 134
95.03 134
95.04 133.01
95.05 134
95.06 135
95.07 134.989
95.08 133.99
95.09 133
95.1 133.863
95.11 134.16
95.12 134
95.13 133.99
95.14 132
95.15 133
95.16 133.01
95.17 134.01
95.18 135
95.19 135
95.2 134
95.21 133.999
95.22 134
95.23 133
95.24 133
95.25 134.999
95.26 135.999
95.27 137.999
95.28 135.833
95.29 133.834
95.3 132.834
95.31 132.166
95.32 134.166
95.33 136
95.34 137
95.35 137
95.36 133.834
95.37 131
95.38 131.334
95.39 133.331
95.4 137
95.41 137.668
95.42 135.668
95.43 132.166
95.44 132.833
95.45 132.166
95.46 133
95.47 134.166
95.48 135.167
95.49 136.834
95.5 134.834
95.51 132
95.52 130.669
95.53 130.166
95.54 132.331
95.55 135.168
95.56 135
95.57 134.834
95.58 132
95.59 132
95.6 132
95.61 132.546
95.62 134
95.63 134.001
95.64 133
95.65 132
95.66 133.999
95.67 133.999
95.68 135.959
95.69 137
95.7 134.002
95.71 132.002
95.72 131.001
95.73 133.998
95.74 136
95.75 136.999
95.76 135.002
95.77 134
95.78 133.006
95.79 134
95.8 135
95.81 135.01
95.82 136
95.83 136
95.84 136
95.85 133.99
95.86 133
95.87 134
95.88 135.01
95.89 136.011
95.9 136.996
95.91 134.018
95.92 134
95.93 133
95.94 133.991
95.95 134
95.96 134
95.97 135
95.98 134.824
95.99 132.35
96 131.013
96.01 131
96.02 132
96.03 132.991
96.04 133.009
96.05 134
96.06 132.019
96.07 131
96.08 131.991
96.09 132.99
96.1 133
96.11 133
96.12 134
96.13 134.009
96.14 132.999
96.15 132.991
96.16 132.009
96.17 133.991
96.18 133.009
96.19 132.999
96.2 133.158
96.21 135
96.22 135
96.23 135
96.24 134.843
96.25 134
96.26 135
96.27 134.157
96.28 135
96.29 136
96.3 135.157
96.31 136.843
96.32 135
96.33 134
96.34 134
96.35 135
96.36 135.158
96.37 134.843
96.38 134
96.39 133
96.4 133
96.41 133
96.42 132
96.43 133
96.44 132.993
96.45 132.006
96.46 132.993
96.47 132.827
96.48 132
96.49 132.119
96.5 133.689
96.51 134.119
96.52 135
96.53 134
96.54 133.276
96.55 132.983
96.56 133
96.57 133
96.58 133.016
96.59 133.982
96.6 133.991
96.61 133.214
96.62 133
96.63 132.133
96.64 131
96.65 131.724
96.66 135.017
96.67 135
96.68 135
96.69 135
96.7 133
96.71 133
96.72 134.831
96.73 135
96.74 135
96.75 134
96.76 134
96.77 133.841
96.78 134
96.79 133
96.8 133.842
96.81 133.157
96.82 133
96.83 133.843
96.84 134
96.85 133.843
96.86 133
96.87 133
96.88 133
96.89 133
96.9 132.352
96.91 132.009
96.92 133
96.93 133
96.94 132.844
96.95 133
96.96 133
96.97 133
96.98 132.84
96.99 132
97 132
97.01 132
97.02 132
97.03 132
97.04 132.343
97.05 134.172
97.06 134
97.07 133
97.08 131.829
97.09 131
97.1 131.172
97.11 133.171
97.12 134.829
97.13 134
97.14 134
97.15 134.005
97.16 134
97.17 134.171
97.18 134
97.19 135.172
97.2 135
97.21 134.829
97.22 133.829
97.23 132.829
97.24 132.171
97.25 133
97.26 134
97.27 132
97.28 133.173
97.29 133.171
97.3 134.831
97.31 134
97.32 133
97.33 133.171
97.34 134
97.35 134
97.36 134.829
97.37 134.171
97.38 135
97.39 134
97.4 133
97.41 132.829
97.42 131
97.43 131.171
97.44 132.829
97.45 132.171
97.46 131.829
97.47 132
97.48 132
97.49 133
97.5 133.171
97.51 132.992
97.52 131.004
97.53 132
97.54 133
97.55 134
97.56 135
97.57 135
97.58 134
97.59 132.823
97.6 131.823
97.61 131.164
97.62 133.164
97.63 135.164
97.64 136.836
97.65 133.836
97.66 131.673
97.67 131
97.68 131.164
97.69 133
97.7 135
97.71 135
97.72 135
97.73 134
97.74 133.031
97.75 132
97.76 132
97.77 131
97.78 131.01
97.79 130.012
97.8 130.989
97.81 131.989
97.82 133.989
97.83 134.011
97.84 132.011
97.85 131.011
97.86 129
97.87 129
97.88 130
97.89 130.988
97.9 134
97.91 135.989
97.92 134.011
97.93 131.011
97.94 129.356
97.95 130.649
97.96 131
97.97 133.989
97.98 135.989
97.99 134.023
98 133
98.01 130.012
98.02 129.989
98.03 131.99
98.04 135.975
98.05 136
98.06 135
98.07 132.012
98.08 131.984
98.09 131.989
98.1 131.012
98.11 132
98.12 133.988
98.13 134.989
98.14 134.011
98.15 133.011
98.16 131.407
98.17 130.587
98.18 131
98.19 133
98.2 132.009
98.21 132
98.22 131.988
98.23 132.011
98.24 131.988
98.25 131.012
98.26 130.988
98.27 131.011
98.28 132
98.29 131.012
98.3 132
98.31 131
98.32 132
98.33 131
98.34 130.011
98.35 129.988
98.36 130
98.37 131.989
98.38 131
98.39 131.012
98.4 132.98
98.41 133
98.42 132
98.43 131.01
98.44 131
98.45 132.988
98.46 132.988
98.47 133
98.48 133.013
98.49 132.988
98.5 132.005
98.51 131.012
98.52 131
98.53 131
98.54 132.988
98.55 133.012
98.56 132.012
98.57 131.011
98.58 131
98.59 131
98.6 131.988
98.61 132
98.62 132.988
98.63 133
98.64 131.012
98.65 130.012
98.66 130.012
98.67 130.988
98.68 131
98.69 131
98.7 131.988
98.71 132.012
98.72 132
98.73 131.012
98.74 131.013
98.75 131.821
98.76 132
98.77 131.986
98.78 132.989
98.79 133
98.8 133
98.81 133.01
98.82 131
98.83 132
98.84 131
98.85 132
98.86 133
98.87 134.988
98.88 135
98.89 133.012
98.9 131.013
98.91 131
98.92 131
98.93 132.988
98.94 134
98.95 134
98.96 132.012
98.97 131
98.98 129.006
98.99 129.988
99 130.988
99.01 133.977
99.02 134
99.03 133.012
99.04 131.012
99.05 129.025
99.06 128
99.07 129
99.08 131.919
99.09 133.987
99.1 134.012
99.11 131.025
99.12 129.02
99.13 127.013
99.14 127.985
99.15 129.988
99.16 132
99.17 133.847
99.18 133.179
99.19 133
99.2 132.012
99.21 131
99.22 130.988
99.23 131.988
99.24 133
99.25 133.987
99.26 135
99.27 135
99.28 132.023
99.29 130.026
99.3 129.988
99.31 130.987
99.32 132
99.33 134.995
99.34 134
99.35 133.004
99.36 131.005
99.37 129.01
99.38 129
99.39 130.021
99.4 131.985
99.41 133.996
99.42 133.005
99.43 132.004
99.44 132
99.45 131.008
99.46 131
99.47 131
99.48 131
99.49 130.838
99.5 130
99.51 130.153
99.52 132
99.53 133.162
99.54 132.838
99.55 132
99.56 130.838
99.57 129.323
99.58 129.838
99.59 130.324
99.6 132.162
99.61 134
99.62 134
99.63 132.008
99.64 129
99.65 127
99.66 128.161
99.67 131
99.68 132.162
99.69 132.839
99.7 130.839
99.71 129
99.72 128
99.73 128.161
99.74 130
99.75 131
99.76 132
99.77 133.838
99.78 131.839
99.79 129.838
99.8 127
99.81 126
99.82 126.163
99.83 128.162
99.84 131
99.85 131.162
99.86 131
99.87 130.92
99.88 129.825
99.89 129.825
99.9 130
99.91 131.153
99.92 131.846
99.93 130.153
99.94 130.846
99.95 130.134
99.96 131.154
99.97 132.153
99.98 133.847
99.99 132
100 129.844
100.01 128.846
100.02 128.172
100.03 130.162
100.04 131.163
100.05 132
100.06 131.839
100.07 130.839
100.08 129.839
100.09 129
100.1 128
100.11 129.991
100.12 132
100.13 131.839
100.14 130.678
100.15 128.839
100.16 128.161
100.17 128
100.18 130.161
100.19 131.161
100.2 131.839
100.21 130
100.22 130
100.23 130.161
100.24 131
100.25 131
100.26 130
100.27 130
100.28 130
100.29 129
100.3 129
100.31 129.161
100.32 131.162
100.33 131.837
100.34 131
100.35 130.161
100.36 131.678
100.37 130
100.38 129.837
100.39 129.161
100.4 131
100.41 132.161
100.42 133
100.43 133
100.44 130.018
100.45 129
100.46 128
100.47 129
100.48 130
100.49 130.839
100.5 129.839
100.51 129
100.52 129
100.53 128.161
100.54 128.839
100.55 129
100.56 129
100.57 129
100.58 129
100.59 130.169
100.6 131.837
100.61 130
100.62 129.828
100.63 129.322
100.64 131
100.65 130
100.66 129.839
100.67 130
100.68 130.16
100.69 131
100.7 131
100.71 130.932
100.72 130.222
100.73 129
100.74 129
100.75 129
100.76 130
100.77 131.963
100.78 131
100.79 129.043
100.8 129
100.81 128.014
100.82 129.986
100.83 129
100.84 130.987
100.85 131
100.86 131
100.87 131
100.88 129.007
100.89 130
100.9 130
100.91 129
100.92 128
100.93 128
100.94 128
100.95 129
100.96 128.985
100.97 129
100.98 128.985
100.99 129
101 128
101.01 127.014
101.02 127.985
101.03 128
101.04 129
101.05 130.986
101.06 130.014
101.07 130
101.08 129
101.09 129.986
101.1 130
101.11 130
101.12 130.981
101.13 130.014
101.14 129
101.15 128.015
101.16 127
101.17 128
101.18 128.985
101.19 129.057
101.2 129
101.21 127.006
101.22 127.993
101.23 127.006
101.24 127
101.25 126.994
101.26 127.006
101.27 129.988
101.28 129.993
101.29 130
101.3 129
101.31 127.007
101.32 125.007
101.33 125.986
101.34 127.986
101.35 129
101.36 129
101.37 129.985
101.38 128.016
101.39 127
101.4 125.009
101.41 126
101.42 127.985
101.43 129.986
101.44 130.986
101.45 130.015
101.46 129.015
101.47 128
101.48 126.015
101.49 124.986
101.5 126
101.51 127.818
101.52 129
101.53 129.989
101.54 128.014
101.55 127
101.56 126
101.57 126.985
101.58 128
101.59 129
101.6 129
101.61 128.015
101.62 128
101.63 127.074
101.64 125.03
101.65 125
101.66 126
101.67 126.985
101.68 127
101.69 127
101.7 126.015
101.71 125.015
101.72 125
101.73 126.984
101.74 127.985
101.75 129
101.76 128.015
101.77 124.031
101.78 124
101.79 125.986
101.8 128.98
101.81 130
101.82 131.668
101.83 132
101.84 129.041
101.85 124.044
101.86 123
101.87 125.969
101.88 129.968
101.89 131
101.9 128.033
101.91 126.016
101.92 123.031
101.93 124
101.94 125.991
101.95 127.985
101.96 129
101.97 127.016
101.98 125
101.99 125.985
102 127.59
102.01 128
102.02 128.991
102.03 127.181
102.04 127
102.05 126.182
102.06 124.182
102.07 125.635
102.08 126.152
102.09 127
102.1 127
102.11 126.849
102.12 125.849
102.13 124
102.14 124.259
102.15 126.977
102.16 129.977
102.17 129.849
102.18 128.849
102.19 126
102.2 126
102.21 126.151
102.22 128.151
102.23 130.151
102.24 129.849
102.25 126.849
102.26 124.848
102.27 125.302
102.28 128
102.29 128.152
102.3 127.849
102.31 126.849
102.32 127
102.33 128.151
102.34 129
102.35 128.848
102.36 127.152
102.37 126.151
102.38 126
102.39 126.151
102.4 128
102.41 127.165
102.42 127
102.43 127
102.44 126.976
102.45 127
102.46 126.698
102.47 125.15
102.48 126.151
102.49 128.151
102.5 130
102.51 129
102.52 127.849
102.53 126
102.54 126.154
102.55 128
102.56 129
102.57 129.85
102.58 127.841
102.59 126.85
102.6 127
102.61 127
102.62 128
102.63 128
102.64 127.848
102.65 127.151
102.66 128
102.67 128
102.68 128
102.69 127
102.7 125.85
102.71 125.151
102.72 127
102.73 128
102.74 128
102.75 127
102.76 126
102.77 126
102.78 126
102.79 125.85
102.8 126.151
102.81 127.151
102.82 127.85
102.83 126
102.84 125
102.85 126
102.86 126
102.87 127.149
102.88 128
102.89 128
102.9 127.849
102.91 126
102.92 126
102.93 127.975
102.94 129
102.95 128.84
102.96 125.552
102.97 124
102.98 126.15
102.99 129.15
103 129.85
103.01 128.84
103.02 126.15
103.03 128
103.04 126.849
103.05 127.15
103.06 128.15
103.07 129.85
103.08 129.15
103.09 131.15
103.1 132
103.11 130.699
103.12 126.55
103.13 121
103.14 122.3
103.15 127.298
103.16 131
103.17 130.85
103.18 126.699
103.19 122.743
103.2 121
103.21 122.976
103.22 126.95
103.23 129
103.24 129
103.25 127.85
103.26 125.85
103.27 125
103.28 125
103.29 125.264
103.3 125.368
103.31 125
103.32 126.974
103.33 128.976
103.34 128.025
103.35 129
103.36 126.011
103.37 124.017
103.38 124.983
103.39 127.983
103.4 130.974
103.41 130
103.42 127.017
103.43 126.017
103.44 126.983
103.45 126
103.46 125.037
103.47 123.017
103.48 124.983
103.49 128.965
103.5 130.983
103.51 129.022
103.52 126.017
103.53 123.017
103.54 122
103.55 124.983
103.56 127.982
103.57 129
103.58 128
103.59 127
103.6 128
103.61 126.017
103.62 124.018
103.63 124
103.64 126.966
103.65 128.982
103.66 129
103.67 131.982
103.68 131
103.69 126.701
103.7 123
103.71 123.298
103.72 126.15
103.73 128.298
103.74 133.701
103.75 130.149
103.76 131.7
103.77 123.851
103.78 122.7
103.79 121.448
103.8 127.149
103.81 130.701
103.82 131.298
103.83 129.553
103.84 129.149
103.85 126.253
103.86 120.168
103.87 124.149
103.88 124.149
103.89 127.298
103.9 127.85
103.91 129.149
103.92 129.553
103.93 125
103.94 123.849
103.95 121.149
103.96 124.149
103.97 126
103.98 127.299
103.99 130
104 128.851
104.01 126.702
104.02 123.851
104.03 123.15
104.04 126
104.05 127.297
104.06 129
104.07 128.149
104.08 129
104.09 127
104.1 126.851
104.11 126
104.12 126
104.13 126.975
104.14 126.026
104.15 127
104.16 127
104.17 127.149
104.18 127
104.19 128
104.2 126
104.21 126.703
104.22 124.149
104.23 125.162
104.24 127.149
104.25 129
104.26 128.851
104.27 127
104.28 128
104.29 125.851
104.3 124
104.31 125.149
104.32 128.297
104.33 129.848
104.34 128.851
104.35 127
104.36 127
104.37 127.148
104.38 127.851
104.39 126
104.4 126
104.41 126.972
104.42 127
104.43 128
104.44 127
104.45 126
104.46 125
104.47 125.148
104.48 127
104.49 127.148
104.5 128
104.51 127
104.52 125.851
104.53 126
104.54 126
104.55 126.936
104.56 126.221
104.57 126
104.58 126
104.59 125.973
104.6 126
104.61 126.972
104.62 127
104.63 126.029
104.64 125.973
104.65 126.981
104.66 127
104.67 126.018
104.68 126
104.69 125
104.7 126
104.71 126.981
104.72 127
104.73 126
104.74 125.815
104.75 126.982
104.76 126
104.77 126
104.78 127
104.79 128.823
104.8 128
104.81 128
104.82 127.844
104.83 125.844
104.84 125
104.85 126.312
104.86 129.156
104.87 129.843
104.88 128.844
104.89 124.688
104.9 123.157
104.91 126.156
104.92 128.156
104.93 128
104.94 127
104.95 126.148
104.96 128
104.97 128
104.98 127.851
104.99 126
105 125.149
105.01 126.148
105.02 126.853
105.03 127.295
105.04 129
105.05 129.852
105.06 127.851
105.07 126.853
105.08 124.851
105.09 124.852
105.1 124.148
105.11 124.852
105.12 124.148
105.13 126.148
105.14 128.148
105.15 127.851
105.16 125.701
105.17 123
105.18 123
105.19 123.148
105.2 124
105.21 125.943
105.22 128
105.23 128
105.24 127.148
105.25 128
105.26 127
105.27 125.853
105.28 125.147
105.29 127
105.3 128.148
105.31 128.853
105.32 127
105.33 126.852
105.34 126.147
105.35 127
105.36 125.852
105.37 125
105.38 125.148
105.39 126.147
105.4 127
105.41 126
105.42 125.148
105.43 126.295
105.44 128
105.45 126.845
105.46 125
105.47 126
105.48 127.147
105.49 128.147
105.5 128.854
105.51 126.852
105.52 125.852
105.53 125.147
105.54 127.147
105.55 127.144
105.56 129
105.57 128.852
105.58 127
105.59 125.853
105.6 126.126
105.61 127
105.62 127.814
105.63 128
105.64 128
105.65 127
105.66 128
105.67 128
105.68 127
105.69 125.019
105.7 125
105.71 126.961
105.72 127
105.73 128
105.74 127.02
105.75 126.01
105.76 124
105.77 123.982
105.78 124.981
105.79 126.98
105.8 127
105.81 127
105.82 126
105.83 125.02
105.84 126
105.85 127
105.86 126.012
105.87 124.183
105.88 126.627
105.89 127
105.9 128.814
105.91 127
105.92 125.851
105.93 125
105.94 126.147
105.95 128
105.96 128
105.97 127.025
105.98 127.971
105.99 128
106 129
106.01 128
106.02 126.852
106.03 126
106.04 127
106.05 127.147
106.06 127
106.07 127.147
106.08 127.853
106.09 127
106.1 125.853
106.11 125
106.12 126
106.13 127
106.14 126
106.15 125.854
106.16 125.146
106.17 126.147
106.18 127.147
106.19 126.853
106.2 125.854
106.21 126.148
106.22 126
106.23 127
106.24 127
106.25 126
106.26 126.147
106.27 126
106.28 126
106.29 126.147
106.3 127.147
106.31 127
106.32 127
106.33 126
106.34 126
106.35 127.887
106.36 129
106.37 129
106.38 127.021
106.39 126.02
106.4 126
106.41 127
106.42 128
106.43 128
106.44 127.02
106.45 127
106.46 127
106.47 126
106.48 126
106.49 126
106.5 126
106.51 126
106.52 127.642
106.53 127.012
106.54 127
106.55 126
106.56 125.024
106.57 124.989
106.58 125
106.59 126
106.6 127.979
106.61 128
106.62 126
106.63 125.02
106.64 125
106.65 126
106.66 126.98
106.67 126
106.68 126
106.69 126
106.7 127
106.71 128
106.72 127
106.73 126
106.74 126.98
106.75 127.979
106.76 129
106.77 129
106.78 129
106.79 128
106.8 127
106.81 126
106.82 127
106.83 127
106.84 128
106.85 128.342
106.86 126.187
106.87 126
106.88 126
106.89 126
106.9 126.874
106.91 126
106.92 126
106.93 127.937
106.94 127
106.95 127
106.96 126
106.97 125.853
106.98 126
106.99 127
107 127
107.01 127
107.02 127
107.03 126
107.04 126
107.05 126
107.06 127
107.07 127
107.08 126.291
107.09 127
107.1 127
107.11 126
107.12 126
107.13 126.738
107.14 126.941
107.15 127
107.16 127
107.17 127
107.18 127
107.19 127.221
107.2 126.812
107.21 127
107.22 127.975
107.23 128
107.24 129
107.25 127.021
107.26 127
107.27 126.979
107.28 126.021
107.29 126
107.3 127
107.31 127
107.32 127
107.33 126
107.34 125
107.35 125.979
107.36 126
107.37 125.979
107.38 125.979
107.39 126.979
107.4 127
107.41 127
107.42 126.021
107.43 126
107.44 125
107.45 125.979
107.46 126
107.47 126.979
107.48 128
107.49 128
107.5 127
107.51 126
107.52 126.988
107.53 127
107.54 128
107.55 127.021
107.56 127.978
107.57 128
107.58 129
107.59 128.98
107.6 128
107.61 127
107.62 126
107.63 126.812
107.64 128
107.65 129
107.66 127.021
107.67 127
107.68 127
107.69 128
107.7 126.022
107.71 126
107.72 125.146
107.73 127.147
107.74 128.144
107.75 129
107.76 127.856
107.77 125.855
107.78 123.855
107.79 124
107.8 124.291
107.81 126
107.82 127.146
107.83 127.846
107.84 127.856
107.85 125.856
107.86 125
107.87 125
107.88 126.146
107.89 126.855
107.9 127
107.91 127.164
107.92 128
107.93 128.855
107.94 129
107.95 127.855
107.96 127
107.97 126.151
107.98 128
107.99 128
108 128.858
108.01 128.154
108.02 127.847
108.03 127
108.04 126
108.05 126
108.06 127
108.07 127
108.08 126
108.09 127.154
108.1 127.846
108.11 127
108.12 126.021
108.13 125.02
108.14 125.153
108.15 126
108.16 126.154
108.17 126
108.18 126
