126.32 125.835
126.33 125.57
126.34 125.342
126.35 127
126.36 127
126.37 125.482
126.38 123.345
126.39 124.347
126.4 125
126.41 127
126.42 125
126.43 126.253
126.44 122.937
126.45 124.473
126.46 125.527
126.47 124.152
126.48 127.844
126.49 127
126.5 127.473
126.51 128
126.52 124.943
126.53 125.057
126.54 124.532
126.55 124
126.56 126.581
126.57 128
126.58 126
126.59 123.473
126.6 122.946
126.61 121.473
126.62 123.582
126.63 129.055
126.64 129
126.65 129.069
126.66 127.466
126.67 125.535
126.68 124
126.69 125.07
126.7 125.534
126.71 127
126.72 126
126.73 125.069
126.74 124.538
126.75 124
126.76 125.601
126.77 126
126.78 126.534
126.79 127.466
126.8 126
126.81 125.932
126.82 124.932
126.83 125.068
126.84 125
126.85 125.533
126.86 126.419
126.87 126.29
126.88 126.653
126.89 125.465
126.9 126
126.91 125
126.92 124.534
126.93 126.069
126.94 125.54
126.95 125.534
126.96 125
126.97 124.466
126.98 125
126.99 125.535
127 125
127.01 125.535
127.02 126.534
127.03 125
127.04 125.471
127.05 125.466
127.06 125.068
127.07 126
127.08 125
127.09 125.067
127.1 124.533
127.11 125
127.12 124.933
127.13 125.069
127.14 126
127.15 126.534
127.16 125.466
127.17 126.535
127.18 126
127.19 125
127.2 124
127.21 124.462
127.22 125.533
127.23 127
127.24 126.542
127.25 125.536
127.26 126
127.27 126.71
127.28 126.29
127.29 126
127.3 126
127.31 127.535
127.32 126.461
127.33 126.534
127.34 125.467
127.35 126
127.36 125.467
127.37 127.538
127.38 127
127.39 127
127.4 127.626
127.41 126.933
127.42 126.466
127.43 126
127.44 125.533
127.45 126
127.46 127
127.47 126
127.48 128
127.49 127.534
127.5 127
127.51 126.02
127.52 126.468
127.53 127.29
127.54 127.289
127.55 127
127.56 126.533
127.57 127.534
127.58 126
127.59 126.467
127.6 124.467
127.61 126.534
127.62 127
127.63 126.754
127.64 126.774
127.65 127
127.66 127
127.67 126.292
127.68 126.711
127.69 125.712
127.7 125.635
127.71 127
127.72 127
127.73 127.158
127.74 126.577
127.75 127
127.76 126.578
127.77 127
127.78 127
127.79 126.41
127.8 125.422
127.81 126.578
127.82 126
127.83 126.577
127.84 127.589
127.85 126.186
127.86 126.149
127.87 127
127.88 127.424
127.89 127
127.9 126.728
127.91 128.587
127.92 126.576
127.93 126.733
127.94 128.138
127.95 129.187
127.96 128.171
127.97 128
127.98 126.424
127.99 126.405
128 125
128.01 125
128.02 125.577
128.03 128
128.04 125.268
128.05 124.524
128.06 126
128.07 126.578
128.08 127.422
128.09 128
128.1 130
128.11 130.396
128.12 128.438
128.13 128.392
128.14 126
128.15 125.611
128.16 126
128.17 126.612
128.18 128
128.19 128.39
128.2 127.779
128.21 126
128.22 128
128.23 127
128.24 127
128.25 127.396
128.26 129.398
128.27 129
128.28 128.396
128.29 128
128.3 127
128.31 128.208
128.32 127.603
128.33 129
128.34 129.602
128.35 128.429
128.36 129.124
128.37 127.562
128.38 127.561
128.39 127
128.4 127
128.41 127.232
128.42 128
128.43 128
128.44 128.44
128.45 128
128.46 129.439
128.47 128
128.48 128
128.49 127
128.5 127
128.51 127.122
128.52 127.56
128.53 128
128.54 127.439
128.55 127.439
128.56 127
128.57 126.44
128.58 126
128.59 126.56
128.6 126.441
128.61 126.56
128.62 127
128.63 127.122
128.64 128
128.65 128
128.66 127.44
128.67 128
128.68 127.88
128.69 126.881
128.7 125.441
128.71 126.19
128.72 124.564
128.73 126
128.74 126.117
128.75 128
128.76 127
128.77 128
128.78 128
128.79 128.559
128.8 129
128.81 128.559
128.82 127.441
128.83 126.441
128.84 126.548
128.85 125.462
128.86 128
128.87 127.56
128.88 128
128.89 127.559
128.9 128
128.91 126.943
128.92 126.11
128.93 127
128.94 127.168
128.95 128
128.96 127
128.97 128
128.98 127
128.99 127.241
129 127
129.01 128.532
129.02 128
129.03 127
129.04 127
129.05 126
129.06 125.531
129.07 125.532
129.08 126
129.09 126.532
129.1 127.532
129.11 126
129.12 126
129.13 126.021
129.14 125
129.15 125.538
129.16 126.464
129.17 127.532
129.18 126.469
129.19 126.468
129.2 126
129.21 126
129.22 125.531
129.23 126.611
129.24 127.611
129.25 127.389
129.26 127
129.27 125.468
129.28 126
129.29 126
129.3 127.595
129.31 127.537
129.32 127
129.33 126
129.34 125.951
129.35 125.525
129.36 127.058
129.37 127.475
129.38 128
129.39 127.475
129.4 127.475
129.41 126.475
129.42 126.476
129.43 126.525
129.44 127
129.45 126
129.46 125.529
129.47 127
129.48 126.476
129.49 126.525
129.5 127.472
129.51 127
129.52 126.475
129.53 126.474
129.54 127
129.55 128.472
129.56 127.056
129.57 127
129.58 126
129.59 127
129.6 126.472
129.61 127.05
129.62 126.476
129.63 126
129.64 126
129.65 126
129.66 126.383
129.67 125.773
129.68 126
129.69 126
129.7 126
129.71 125.47
129.72 126
129.73 125.475
129.74 125.049
129.75 125.526
129.76 126
129.77 128
129.78 128
129.79 127.525
129.8 126.476
129.81 124
129.82 124.524
129.83 124.95
129.84 126
129.85 127.476
129.86 126.474
129.87 126.525
129.88 127.525
129.89 128.951
129.9 128
129.91 128.388
129.92 127.627
129.93 124.465
129.94 124.463
129.95 125.076
129.96 125.537
129.97 126.612
129.98 127.463
129.99 128.463
130 127.463
130.01 127
130.02 126
130.03 125.538
130.04 126
130.05 126.537
130.06 126.463
130.07 126.545
130.08 126
130.09 125
130.1 125.542
130.11 125.542
130.12 125.541
130.13 126.084
130.14 127
130.15 126.542
130.16 126
130.17 128.085
130.18 126.721
130.19 126.735
130.2 126
130.21 127
130.22 127
130.23 127
130.24 125.869
130.25 125.867
130.26 124
130.27 124.596
130.28 124.777
130.29 125.597
130.3 127.192
130.31 127.805
130.32 128.807
130.33 126.598
130.34 126.597
130.35 125
130.36 124
130.37 124.399
130.38 126
130.39 126
130.4 125
130.41 125
130.42 124.807
130.43 125
130.44 126
130.45 127.402
130.46 126.403
130.47 128.411
130.48 127.191
130.49 124
130.5 124.404
130.51 123.597
130.52 124.434
130.53 122.608
130.54 125.596
130.55 127
130.56 126
130.57 125.805
130.58 124.404
130.59 124.809
130.6 124
130.61 123.403
130.62 122
130.63 124
130.64 125.808
130.65 127.597
130.66 127
130.67 124.415
130.68 124
130.69 124.586
130.7 125.586
130.71 125
130.72 125
130.73 125.346
130.74 125.584
130.75 124.413
130.76 123.415
130.77 124.601
130.78 124.416
130.79 123.758
130.8 125.171
130.81 125
130.82 124.585
130.83 126.415
130.84 126.17
130.85 124.829
130.86 124.584
130.87 124
130.88 122.803
130.89 123.404
130.9 125
130.91 124.404
130.92 124.404
130.93 123.403
130.94 125.192
130.95 124.553
130.96 124.263
130.97 125
130.98 124
130.99 125.83
131 124.829
131.01 124.412
131.02 124.17
131.03 124.415
131.04 123.4
131.05 123.594
131.06 124.595
131.07 125.193
131.08 125.401
131.09 125.596
131.1 125.596
131.11 126.597
131.12 125.134
131.13 125.8
131.14 126.595
131.15 125.403
131.16 124
131.17 125.597
131.18 125.804
131.19 125.171
131.2 125.585
131.21 125.586
131.22 125
131.23 125.24
131.24 124.586
131.25 125.414
131.26 126
131.27 123.827
131.28 123
131.29 124.587
131.3 125.587
131.31 124
131.32 125
131.33 124
131.34 124
131.35 123.439
131.36 123.747
131.37 123.761
131.38 126.585
131.39 125.554
131.4 124.564
131.41 123.446
131.42 126
131.43 124.446
131.44 124.553
131.45 124.566
131.46 125
131.47 125
131.48 125
131.49 123.66
131.5 124
131.51 124.165
131.52 126
131.53 124.34
131.54 123.827
131.55 123
131.56 125
131.57 125
131.58 122.434
131.59 119.958
131.6 124.045
131.61 123.477
131.62 124.478
131.63 124
131.64 125.238
131.65 125.239
131.66 124.621
131.67 124.908
131.68 121.433
131.69 121.523
131.7 122.615
131.71 123.616
131.72 124
131.73 125.049
131.74 126.955
131.75 123.86
131.76 125.477
131.77 124.523
131.78 123.522
131.79 124
131.8 125
131.81 124.523
131.82 125.478
131.83 124.523
131.84 125.477
131.85 124.523
131.86 124
131.87 125
131.88 122
131.89 121.904
131.9 124
131.91 122.291
131.92 125.744
131.93 128.295
131.94 122.044
131.95 125
131.96 124.422
131.97 123
131.98 125.044
131.99 124.389
132 125.379
132.01 124.556
132.02 124.53
132.03 126
132.04 124.528
132.05 125.478
132.06 124.344
132.07 122.477
132.08 124
132.09 125
132.1 127.478
132.11 126.568
132.12 123.478
132.13 124.909
132.14 124.472
132.15 124.471
132.16 124
132.17 123.432
132.18 124
132.19 125
132.2 124.479
132.21 124.477
132.22 125.477
132.23 122.478
132.24 124.478
132.25 124.622
132.26 127.957
132.27 126.17
132.28 124.485
132.29 124.621
132.3 123.433
132.31 123.523
132.32 123.502
132.33 123.476
132.34 124.059
132.35 124.522
132.36 124
132.37 126.477
132.38 125.478
132.39 125.431
132.4 123.955
132.41 124.955
132.42 124.522
132.43 125.09
132.44 125.522
132.45 126
132.46 124.478
132.47 125.478
132.48 122.435
132.49 125
132.5 124
132.51 126.044
132.52 127.523
132.53 128.43
132.54 127.479
132.55 125
132.56 123.522
132.57 125
132.58 123.957
132.59 121.955
132.6 125.433
132.61 122.955
132.62 124.566
132.63 125.914
132.64 128.379
132.65 127.377
132.66 127.116
132.67 124
132.68 124.478
132.69 122.522
132.7 125.051
132.71 125.432
132.72 126.522
132.73 126
132.74 124
132.75 125.658
132.76 127.235
132.77 126.173
132.78 123.173
132.79 123.448
132.8 124.724
132.81 122.55
132.82 126.663
132.83 128.103
132.84 126.903
132.85 123.348
132.86 122.551
132.87 124.449
132.88 124
132.89 125.093
132.9 125.449
132.91 124.897
132.92 124.237
132.93 125
132.94 124.449
132.95 125.101
132.96 122
132.97 120.898
132.98 122.099
132.99 125
133 128
133.01 126.448
133.02 126.1
133.03 125.101
133.04 126.2
133.05 121.898
133.06 121.101
133.07 122.652
133.08 122
133.09 124.104
133.1 124.45
133.11 123.55
133.12 127
133.13 122.349
133.14 123.899
133.15 125.551
133.16 123.56
133.17 124
133.18 122.901
133.19 122.349
133.2 123.099
133.21 122.35
133.22 123.55
133.23 126.102
133.24 127.101
133.25 126
133.26 124
133.27 122.45
133.28 122.55
133.29 122.351
133.3 123.549
133.31 123.55
133.32 122.098
133.33 125.65
133.34 128
133.35 125.45
133.36 123.808
133.37 123.667
133.38 122
133.39 122.478
133.4 120.602
133.41 126.044
133.42 125.479
133.43 124.393
133.44 123.479
133.45 123
133.46 124.057
133.47 121.514
133.48 122.378
133.49 123.323
133.5 126
133.51 126.436
133.52 124.53
133.53 123.969
133.54 123.466
133.55 123.136
133.56 124.067
133.57 122.603
133.58 122.864
133.59 126.069
133.6 124.934
133.61 124.932
133.62 121.467
133.63 120.397
133.64 121.606
133.65 122.466
133.66 122.932
133.67 124.465
133.68 125.466
133.69 125.535
133.7 127.068
133.71 124.465
133.72 122.067
133.73 121
133.74 120.534
133.75 124
133.76 124
133.77 125.467
133.78 123.781
133.79 127.218
133.8 123.544
133.81 124.466
133.82 123.534
133.83 122.467
133.84 122.601
133.85 124.534
133.86 124
133.87 126
133.88 123.933
133.89 124.465
133.9 125.535
133.91 125
133.92 125.067
133.93 125.068
133.94 125.466
133.95 125.534
133.96 124
133.97 125
133.98 124.399
133.99 124
134 125.466
134.01 127
134.02 127.179
134.03 126.943
134.04 126.174
134.05 124.304
134.06 121.533
134.07 120
134.08 122.174
134.09 123.488
134.1 126.603
134.11 128.534
134.12 127
134.13 123.055
134.14 124.475
134.15 122.479
134.16 120.04
134.17 122.479
134.18 124.521
134.19 128.043
134.2 128
134.21 127
134.22 127.48
134.23 125.479
134.24 122.56
134.25 123.521
134.26 123
134.27 125
134.28 126
134.29 126.958
134.3 125.961
134.31 126.562
134.32 126.959
134.33 125.521
134.34 123.479
134.35 125
134.36 128.52
134.37 126.396
134.38 125.961
134.39 129.042
134.4 127.919
134.41 123.919
134.42 122.44
134.43 121.95
134.44 120.039
134.45 122.04
134.46 123.56
134.47 127.603
134.48 133.519
134.49 129.959
134.5 125.441
134.51 124.041
134.52 122.042
134.53 119.455
134.54 121.512
134.55 126
134.56 127
134.57 129
134.58 127.482
134.59 128.52
134.6 127.48
134.61 126.594
134.62 125.944
134.63 123.473
134.64 124.466
134.65 124
134.66 126.054
134.67 126.472
134.68 128.054
134.69 126
134.7 125
134.71 124.521
134.72 126
134.73 126.524
134.74 125
134.75 125.52
134.76 124.48
134.77 123.52
134.78 123.961
134.79 123.04
134.8 124
134.81 125.561
134.82 127.754
134.83 128
134.84 128
134.85 128.96
134.86 127
134.87 127
134.88 123
134.89 125.56
134.9 125.946
134.91 123.48
134.92 126.48
134.93 126.48
134.94 125.52
134.95 124.48
134.96 125.52
134.97 124.921
134.98 124.443
134.99 120.52
135 122.48
135.01 123.041
135.02 124.519
135.03 126.48
135.04 126.961
135.05 124.44
135.06 122.961
135.07 122
135.08 121
135.09 121.455
135.1 121.753
135.11 125.132
135.12 126.481
135.13 125.48
135.14 125.527
135.15 124.48
135.16 123
135.17 122.56
135.18 122.519
135.19 123
135.2 124
135.21 125
135.22 126
135.23 127
135.24 124.961
135.25 124
135.26 123
135.27 121
135.28 121.48
135.29 121.52
135.3 122.528
135.31 126.851
135.32 124.527
135.33 123.331
135.34 125.067
135.35 126
135.36 124.533
135.37 126
135.38 124.934
135.39 122.467
135.4 122.467
135.41 123.601
135.42 124.598
135.43 124
135.44 124.066
135.45 126.467
135.46 127.401
135.47 124.933
135.48 123.934
135.49 125.6
135.5 125.467
135.51 124.467
135.52 125.829
135.53 126.673
135.54 124.481
135.55 125.481
135.56 126
135.57 124.395
135.58 123.481
135.59 123
135.6 121.523
135.61 125.485
135.62 126.962
135.63 128
135.64 129.42
135.65 125.902
135.66 125.578
135.67 121.183
135.68 119.962
135.69 119
135.7 119.523
135.71 121.571
135.72 124.038
135.73 128.606
135.74 129
135.75 126.964
135.76 124.474
135.77 123.966
135.78 121.213
135.79 122.21
135.8 123.605
135.81 125.211
135.82 130.606
135.83 127.962
135.84 127.789
135.85 126.481
135.86 123.579
135.87 122.606
135.88 122.606
135.89 124
135.9 123
135.91 127.422
135.92 130.216
135.93 128
135.94 128
135.95 128.623
135.96 124.903
135.97 124.211
135.98 125.606
135.99 126.417
136 125.605
136.01 124.684
136.02 125.315
136.03 127
136.04 126.658
136.05 125.315
136.06 126.315
136.07 125.685
136.08 126.342
136.09 125
136.1 125
136.11 125.314
136.12 122.028
136.13 122
136.14 122.343
136.15 124
136.16 123
136.17 122.657
136.18 124.658
136.19 124.315
136.2 124.314
136.21 122.685
136.22 122.186
136.23 122.578
136.24 123
136.25 125
136.26 127
136.27 126.971
136.28 125.655
136.29 123.314
136.3 124
136.31 121.657
136.32 122.029
136.33 123.317
136.34 127.316
136.35 128.625
136.36 126.686
136.37 127
136.38 125.625
136.39 122.184
136.4 122.605
136.41 121
136.42 122.21
136.43 121.614
136.44 122.604
136.45 123.605
136.46 126.395
136.47 124
136.48 124
136.49 124.395
136.5 124.395
136.51 125.605
136.52 126.789
136.53 125.805
136.54 125.755
136.55 122.62
136.56 123
136.57 121.241
136.58 121.517
136.59 121.369
136.6 123.513
136.61 129.222
136.62 129.778
136.63 127.846
136.64 125
136.65 123.751
136.66 123.375
136.67 123
136.68 124.687
136.69 124.656
136.7 126.342
136.71 128
136.72 125.209
136.73 124
136.74 123
136.75 122.687
136.76 122.852
136.77 123
136.78 125.751
136.79 124.345
136.8 125.657
136.81 124
136.82 122.779
136.83 123.605
136.84 121
136.85 122
136.86 125.605
136.87 123.789
136.88 123.396
136.89 126
136.9 124.605
136.91 124
136.92 125
136.93 122.214
136.94 123.751
136.95 122.343
136.96 123.688
136.97 123.313
136.98 124.656
136.99 123.656
137 123.658
137.01 122.656
137.02 123.658
137.03 125.375
137.04 124.03
137.05 125.031
137.06 124.656
137.07 124.689
137.08 122.688
137.09 124.344
137.1 124.97
137.11 124.377
137.12 125.311
137.13 125.052
137.14 124.36
137.15 121.962
137.16 122
137.17 121.018
137.18 122
137.19 123.327
137.2 121.423
137.21 122.583
137.22 123.375
137.23 123.312
137.24 122.685
137.25 120.651
137.26 124
137.27 120.69
137.28 118.345
137.29 119.967
137.3 119.344
137.31 120.66
137.32 122.285
137.33 123.345
137.34 126.621
137.35 127.693
137.36 125.691
137.37 125.655
137.38 125.345
137.39 122.656
137.4 121
137.41 121.658
137.42 120
137.43 122
137.44 122.689
137.45 124.995
137.46 125.345
137.47 124
137.48 124
137.49 123.657
137.5 122.345
137.51 121.345
137.52 121.655
137.53 120.679
137.54 121.312
137.55 121.682
137.56 124
137.57 124.17
137.58 121.208
137.59 124
137.6 124.345
137.61 122.654
137.62 121.345
137.63 121.337
137.64 120.342
137.65 123
137.66 123.345
137.67 123
137.68 124.656
137.69 123
137.7 121.346
137.71 122.665
137.72 121.33
137.73 118.692
137.74 119.968
137.75 120.345
137.76 120.655
137.77 120.345
137.78 121
137.79 122.654
137.8 122
137.81 123
137.82 120.655
137.83 122.655
137.84 123
137.85 122.31
137.86 123.616
137.87 123.943
137.88 123.035
137.89 122
137.9 123
137.91 125
137.92 124.188
137.93 121.794
137.94 122.791
137.95 121.793
137.96 120.603
137.97 121.848
137.98 123
137.99 122.777
138 123
138.01 121.778
138.02 122.388
138.03 120.778
138.04 121.383
138.05 120.611
138.06 120.611
138.07 121
138.08 123.222
138.09 124
138.1 123.222
138.11 125.389
138.12 121.388
138.13 122
138.14 121.795
138.15 122
138.16 124.806
138.17 125
138.18 124.603
138.19 126.206
138.2 126.794
138.21 125.603
138.22 126
138.23 122.59
138.24 122.604
138.25 121.603
138.26 123
138.27 122.205
138.28 122.603
138.29 123
138.3 119.397
138.31 117.397
138.32 126.794
138.33 120.385
138.34 118.571
138.35 121.206
138.36 122.207
138.37 120.602
138.38 120.205
138.39 121.397
138.4 122.411
138.41 121.397
138.42 122.191
138.43 124.398
138.44 124.173
138.45 124.985
138.46 122.795
138.47 122.309
138.48 122.962
138.49 124
138.5 124.347
138.51 124.385
138.52 124.694
138.53 124.659
138.54 123.642
138.55 122.961
138.56 124
138.57 122.696
138.58 122.347
138.59 123.306
138.6 124
138.61 123.693
138.62 122
138.63 124.403
138.64 122.79
138.65 121.794
138.66 122
138.67 122.345
138.68 123
138.69 125.307
138.7 126
138.71 126
138.72 126.348
138.73 123.39
138.74 122
138.75 121.316
138.76 122.306
138.77 123.279
138.78 125.653
138.79 125.653
138.8 125.347
138.81 124.693
138.82 123.347
138.83 121.96
138.84 123.307
138.85 123.658
138.86 124
138.87 125.959
138.88 125.653
138.89 124.347
138.9 124
138.91 123
138.92 123.959
138.93 123.692
138.94 124
138.95 126.004
138.96 126
138.97 124.695
138.98 123.694
138.99 122.652
139 123.597
139.01 124.796
139.02 123
139.03 125.958
139.04 128.654
139.05 126.685
139.06 126.306
139.07 126.347
139.08 126.306
139.09 124.347
139.1 121.653
139.11 123.306
139.12 124.653
139.13 126.653
139.14 127
139.15 126.056
139.16 126.964
139.17 125.59
139.18 124.399
139.19 125.398
139.2 124.797
139.21 124.606
139.22 125
139.23 125.397
139.24 126
139.25 125.602
139.26 124
139.27 124.599
139.28 123
139.29 125.044
139.3 126
139.31 127
139.32 126.652
139.33 124.696
139.34 124.403
139.35 124.795
139.36 124.591
139.37 123
139.38 123.347
139.39 125.651
139.4 125
139.41 125.652
139.42 126
139.43 125.348
139.44 124.347
139.45 125.338
139.46 124.694
139.47 124.348
139.48 123
139.49 125.652
139.5 124.304
139.51 126.325
139.52 126.652
139.53 124.658
139.54 126
139.55 125.652
139.56 124.685
139.57 124.652
139.58 126.652
139.59 125.348
139.6 125.652
139.61 127.529
139.62 127
139.63 125.798
139.64 124.692
139.65 125.338
139.66 124.697
139.67 124.652
139.68 126.652
139.69 128.305
139.7 127
139.71 126
139.72 126
139.73 125.956
139.74 124.651
139.75 125.326
139.76 125.337
139.77 125.336
139.78 125
139.79 126
139.8 126.665
139.81 126
139.82 125.672
139.83 125.335
139.84 123.966
139.85 125.59
139.86 124.044
139.87 125.349
139.88 125.651
139.89 126.35
139.9 126
139.91 125
139.92 125
139.93 125.652
139.94 127
139.95 125.303
139.96 126.336
139.97 127
139.98 127
139.99 127.045
140 126.651
140.01 124.349
140.02 124
140.03 123.349
140.04 124.695
140.05 126.041
140.06 127.405
140.07 128.798
140.08 126.304
140.09 127.343
140.1 126
140.11 124
140.12 124.956
140.13 125.202
140.14 126.601
140.15 126
140.16 125.598
140.17 128
140.18 125
140.19 126
140.2 127.601
140.21 126.399
140.22 126.4
140.23 125.202
140.24 124.802
140.25 125
140.26 126.2
140.27 125.198
140.28 125.399
140.29 126.402
140.3 126.801
140.31 125.146
140.32 126
140.33 126.566
140.34 126
140.35 124.302
140.36 126.652
140.37 125.651
140.38 127.912
140.39 125
140.4 125.3
140.41 126.65
140.42 126.386
140.43 126
140.44 126
140.45 127
140.46 126.348
140.47 126.651
140.48 125.349
140.49 125.048
140.5 126
140.51 125.301
140.52 128
140.53 130
140.54 128
140.55 126.951
140.56 125.045
140.57 122.65
140.58 126.302
140.59 124.698
140.6 127.25
140.61 127.65
140.62 128.302
140.63 128.301
140.64 128.047
140.65 128
140.66 126.31
140.67 123.048
140.68 125.05
140.69 125.35
140.7 127.301
140.71 126.651
140.72 126
140.73 126.65
140.74 127
140.75 124.699
140.76 124.655
140.77 124.349
140.78 126.311
140.79 128.341
140.8 127
140.81 127.65
140.82 127.349
140.83 123.981
140.84 124.702
140.85 124.332
140.86 125
140.87 127.743
140.88 128.6
140.89 129.799
140.9 128.255
140.91 126.667
140.92 124.35
140.93 122.632
140.94 122.4
140.95 125.202
140.96 125.391
140.97 127.602
140.98 126.601
140.99 127
141 126.6
141.01 124.998
141.02 124.793
141.03 123
141.04 125.4
141.05 124.6
141.06 126.6
141.07 126.601
141.08 125.2
141.09 124
141.1 122.9
141.11 124.566
141.12 125.566
141.13 125
141.14 128
141.15 127.4
141.16 125.8
141.17 126.842
141.18 124.6
141.19 124.199
141.2 126
141.21 124.6
141.22 126.599
141.23 126
141.24 124.399
141.25 125.798
141.26 126.6
141.27 126.405
141.28 125.6
141.29 126.2
141.3 127
141.31 127.599
141.32 126.199
141.33 125.6
141.34 126.6
141.35 126
141.36 126
141.37 126.599
141.38 126
141.39 125.599
141.4 124.584
141.41 126
141.42 124.801
141.43 125.202
141.44 125.201
141.45 125.6
141.46 126
141.47 125.202
141.48 124.4
141.49 123.6
141.5 125
141.51 127.203
141.52 127.401
141.53 126.799
141.54 126.599
141.55 125
141.56 122.599
141.57 122.599
141.58 125.2
141.59 126.567
141.6 127.433
141.61 128.038
141.62 127.599
141.63 127
141.64 123
141.65 123.395
141.66 122.599
141.67 125.401
141.68 125.4
141.69 127.599
141.7 126.282
141.71 125
141.72 125
141.73 125
141.74 124.372
141.75 125.948
141.76 126.649
141.77 126
141.78 126.701
141.79 126
141.8 125
141.81 124
141.82 121.648
141.83 123
141.84 125.296
141.85 125.351
141.86 125.648
141.87 126
141.88 125.6
141.89 124.468
141.9 123.703
141.91 124
141.92 124
141.93 122
141.94 124.297
141.95 125
141.96 124.352
141.97 126.297
141.98 125.65
141.99 126
142 125.312
142.01 125.054
142.02 124
142.03 124.352
142.04 126.296
142.05 125.353
142.06 124
142.07 124.944
142.08 125
142.09 123.704
142.1 125.647
142.11 125.352
142.12 126.351
142.13 126.354
142.14 124.704
142.15 124.654
142.16 125
142.17 125.703
142.18 122.296
142.19 124.352
142.2 123.055
142.21 125.648
142.22 126.053
142.23 125.353
142.24 125.602
142.25 124.208
142.26 122
142.27 121.648
142.28 124.944
142.29 124.352
142.3 127
142.31 127.408
142.32 125.701
142.33 126
142.34 123.352
142.35 123.353
142.36 123
142.37 125.294
142.38 123.703
142.39 123.658
142.4 126.704
142.41 127
142.42 126
142.43 127
142.44 124
142.45 125.353
142.46 121.648
142.47 122.353
142.48 122.353
142.49 122
142.5 120.353
142.51 123.63
142.52 127
142.53 123.653
142.54 126.293
142.55 127.353
142.56 125.482
142.57 124
142.58 123.588
142.59 121.454
142.6 121
142.61 122
142.62 124
142.63 127.319
142.64 126.659
142.65 125.659
142.66 126.659
142.67 123.341
142.68 124
142.69 123
142.7 126
142.71 124.607
142.72 124.38
142.73 124.375
142.74 123.375
142.75 123.75
142.76 125
142.77 126.375
142.78 125
142.79 125
142.8 124
142.81 124
142.82 124
142.83 123.625
142.84 124
142.85 123.375
142.86 123.625
142.87 125.625
142.88 125.375
142.89 126.625
142.9 126.25
142.91 123.751
142.92 122.376
142.93 122
142.94 123
142.95 124
142.96 124
142.97 125
142.98 124.375
142.99 124
143 124
143.01 124.251
143.02 123
143.03 124.394
143.04 125.084
143.05 124.541
143.06 125.369
143.07 124.386
143.08 124
143.09 124
143.1 125
143.11 123.771
143.12 124.881
143.13 124.614
143.14 125
143.15 124.385
143.16 124.157
143.17 126
143.18 123.761
143.19 123.608
143.2 125.194
143.21 125
143.22 125
143.23 123.805
143.24 123.806
143.25 122.378
143.26 122.598
143.27 124.805
143.28 123.599
143.29 125.404
143.3 126
143.31 128.388
143.32 125.392
143.33 125.208
143.34 126.402
143.35 123.874
143.36 123.707
143.37 122.669
143.38 126
143.39 126.333
143.4 124
143.41 125.668
143.42 123.659
143.43 125
143.44 126.364
143.45 124.343
143.46 125.975
143.47 128.322
143.48 126.025
143.49 125.349
143.5 124.669
143.51 123.667
143.52 122.659
143.53 121
143.54 123
143.55 127
143.56 124.706
143.57 129
143.58 128
143.59 125.706
143.6 124
143.61 123
143.62 123.354
143.63 124.677
143.64 124.699
143.65 126
143.66 126.354
143.67 125.709
143.68 124.355
143.69 124.594
143.7 124
143.71 124.472
143.72 125.354
143.73 125.307
143.74 128
143.75 124.651
143.76 125
143.77 125
143.78 123.709
143.79 123.339
143.8 125.355
143.81 125
143.82 124.335
143.83 127.675
143.84 127.343
143.85 126.342
143.86 124
143.87 124.342
143.88 125.658
143.89 123.692
143.9 124.655
143.91 127
143.92 125.709
143.93 127.289
143.94 125.064
143.95 125.645
143.96 123.645
143.97 122
143.98 123.292
143.99 125
144 125
144.01 126.645
144.02 124.71
144.03 127.29
144.04 126
144.05 123.394
144.06 123.79
144.07 125.209
144.08 123.355
144.09 125.355
144.1 126.354
144.11 126.711
144.12 127
144.13 127
144.14 125
144.15 123.792
144.16 124.403
144.17 124.404
144.18 124.808
144.19 123.403
144.2 124.403
144.21 126.404
144.22 126
144.23 126.193
144.24 126.597
144.25 124.403
144.26 124.358
144.27 124.955
144.28 124.186
144.29 125.395
144.3 125.597
144.31 125.597
144.32 125
144.33 124.597
144.34 124
144.35 126
144.36 125.403
144.37 126
144.38 126
144.39 126
144.4 126
144.41 123.808
144.42 125.596
144.43 125.404
144.44 124.404
144.45 126
144.46 125.603
144.47 125
144.48 124
144.49 123.71
144.5 124.645
144.51 124.712
144.52 125
144.53 126
144.54 125.645
144.55 124
144.56 124.788
144.57 125
144.58 124.355
144.59 124
144.6 125.291
144.61 126
144.62 125.357
144.63 126.645
144.64 127.355
144.65 126.643
144.66 126
144.67 124
144.68 123
144.69 124.29
144.7 125
144.71 124
144.72 125.343
144.73 127
144.74 125.343
144.75 125.343
144.76 122.344
144.77 124.313
144.78 125.654
144.79 126
144.8 125.995
144.81 126
144.82 124.344
144.83 121.344
144.84 122.656
144.85 124.656
144.86 125.312
144.87 125.344
144.88 126
144.89 125.688
144.9 125
144.91 125
144.92 124.656
144.93 125.344
144.94 125.344
144.95 125.594
144.96 128.188
144.97 127.405
144.98 127
144.99 125.656
145 125.658
145.01 124
145.02 123.656
145.03 125
145.04 127
145.05 129.655
145.06 128
145.07 127.655
145.08 124.689
145.09 123.345
145.1 123.344
145.11 124.345
145.12 123.31
145.13 126
145.14 126.311
145.15 126.655
145.16 126.344
145.17 124.967
145.18 126
145.19 126.31
145.2 125
145.21 127.655
145.22 128.655
145.23 126
145.24 124.31
145.25 125
145.26 126
145.27 125.335
145.28 126.345
145.29 126.81
145.3 125.821
145.31 127.595
145.32 126.655
145.33 125.69
145.34 125.38
145.35 125.345
145.36 126.655
145.37 127
145.38 125
145.39 127.309
145.4 125.345
145.41 124.345
145.42 123.69
145.43 123.659
145.44 127.31
145.45 127
145.46 126.965
145.47 128.964
145.48 125.69
145.49 123.655
145.5 122.036
145.51 125
145.52 124.655
145.53 126.317
145.54 127
145.55 128
145.56 128
145.57 124.793
145.58 125.796
145.59 125.587
145.6 124
145.61 126.415
145.62 127.603
145.63 127.603
145.64 124.603
145.65 124.482
145.66 124.563
145.67 124
145.68 126
145.69 127
145.7 127.397
145.71 127.604
145.72 126.793
145.73 125.398
145.74 124.794
145.75 124.397
145.76 123.794
145.77 126.206
145.78 126
145.79 127.206
145.8 129
145.81 124.397
145.82 125.397
145.83 125.205
145.84 124.397
145.85 124.808
145.86 126
145.87 125
145.88 125.206
145.89 124.192
145.9 126.206
145.91 127.392
145.92 125.192
145.93 126.409
145.94 127.603
145.95 126.603
145.96 126.607
145.97 125.581
145.98 124
145.99 124
146 122.603
146.01 125.209
146.02 128.604
146.03 128.796
146.04 128.795
146.05 127.794
146.06 124.192
146.07 123.397
146.08 123.603
146.09 125.399
146.1 127.603
146.11 128.193
146.12 127
146.13 127.398
146.14 125.398
146.15 125
146.16 126
146.17 124.603
146.18 126
146.19 126.602
146.2 126.397
146.21 126
146.22 127.127
146.23 124.564
146.24 124.796
146.25 124.602
146.26 125.807
146.27 127.205
146.28 125.795
146.29 127.213
146.3 127
146.31 125
146.32 125
146.33 124.381
146.34 123.395
146.35 124.398
146.36 126.206
146.37 127.602
146.38 128.602
146.39 127
146.4 126.394
146.41 123.398
146.42 123.394
146.43 124.606
146.44 126.806
146.45 126.602
146.46 127.809
146.47 128.398
146.48 124.396
146.49 124.492
