(199.818242,0.000000),(0.049933,0.000000)
(0.100947,-0.356577),(0.022489,-0.021731)
(0.184706,-0.138284),(0.036859,-0.045300)
(-0.114720,-0.255113),(0.027152,-0.035815)
(-0.002188,-0.125329),(-0.042709,-0.041359)
(-0.033551,-0.205764),(0.036205,-0.004182)
(-0.006479,-0.080481),(0.010681,-0.000690)
(0.024026,-0.041997),(0.074106,0.062777)
(0.007012,-0.066942),(0.011145,0.003366)
(0.119661,-0.046522),(0.101923,0.027968)
(0.004331,-0.108072),(0.039392,-0.095489)
(0.015510,-0.086093),(-0.018840,-0.078612)
(-0.053287,-0.024050),(-0.024497,-0.061917)
(0.040238,-0.022449),(-0.013792,0.046578)
(0.075571,-0.057860),(0.078311,0.042809)
(0.000112,-0.019922),(-0.047498,0.037655)
(0.044852,-0.042061),(0.038847,-0.035759)
(-0.026922,-0.063433),(-0.088124,-0.028494)
(-0.026556,-0.063120),(-0.061494,-0.029358)
(0.054858,0.071942),(-0.071794,-0.042246)
(0.016600,-0.089959),(0.002576,-0.053382)
(-0.028273,-0.074543),(-0.010403,0.012845)
(0.035097,-0.044663),(0.029853,-0.065488)
(0.001209,-0.050544),(0.069452,-0.046650)
(0.074398,-0.195598),(-0.029273,-0.044032)
(0.058077,0.128393),(0.027894,-0.049099)
(0.049788,-0.041081),(-0.006451,-0.026509)
(0.058165,0.093103),(0.019016,-0.024760)
(-0.044333,0.020679),(0.030477,0.056363)
(0.013705,0.004387),(-0.065582,-0.006651)
(-0.067851,0.009529),(-0.002624,0.039068)
(-0.057492,0.007620),(-0.016441,0.043151)
(-0.003153,0.013438),(-0.026153,0.000205)
(-0.010198,-0.001062),(0.039996,0.020455)
(-0.019649,-0.030251),(0.039957,0.039379)
(-0.011493,0.004586),(-0.000750,0.042065)
(0.009868,-0.001427),(0.011245,-0.000688)
(0.014739,0.051840),(-0.017043,-0.015634)
(0.056510,0.024335),(-0.018160,-0.007719)
(0.037230,-0.045741),(0.006077,0.007152)
(0.029390,-0.021327),(-0.005999,-0.008979)
(0.034996,-0.037443),(0.057774,-0.047407)
(-0.002055,-0.077692),(-0.010051,-0.087155)
(-0.084306,-0.048505),(0.032467,0.008646)
(0.020976,0.038909),(0.028644,-0.063976)
(0.023390,-0.016261),(0.038111,-0.025231)
(-0.017357,-0.037737),(-0.106249,-0.017973)
(-0.002578,0.021602),(-0.047618,-0.016896)
(0.016499,-0.026740),(0.066736,0.010789)
(0.069159,-0.036773),(0.003161,-0.002443)
(-0.008751,-0.069570),(0.034632,-0.145215)
(0.040362,0.016469),(-0.028466,0.032658)
(0.034812,-0.031723),(-0.136339,-0.004868)
(0.008390,-0.043188),(0.038571,-0.059559)
(-0.035667,-0.042474),(-0.017203,-0.017508)
(0.012643,0.014165),(0.050750,-0.049682)
(-0.014311,-0.061190),(-0.042581,0.053818)
(-0.057694,0.025161),(-0.084099,0.008161)
(0.032426,-0.013029),(0.006179,0.032113)
(0.007466,-0.020579),(-0.078841,-0.033323)
(0.061464,-0.006674),(-0.024429,-0.008311)
(0.031107,-0.044626),(0.056221,0.047582)
(-0.019854,0.064372),(-0.078498,0.010699)
(0.029687,0.021009),(0.026012,0.015735)
(-0.011621,-0.026816),(0.055889,0.231207)
(0.023112,0.024819),(0.056034,0.014688)
(-0.032271,-0.011025),(0.033286,-0.047949)
(0.016714,-0.017224),(0.069007,0.046369)
(-0.000451,0.044653),(0.024450,0.056084)
(-0.002065,0.027775),(-0.018595,0.010065)
(0.038692,-0.033471),(0.042951,-0.057490)
(0.018409,0.019585),(0.060141,0.052057)
(-0.087116,-0.048460),(-0.057924,0.034800)
(0.000814,0.007626),(-0.035654,0.058469)
(0.029520,-0.008506),(-0.039747,0.000527)
(0.023567,0.018703),(0.042322,-0.018225)
(-0.000442,0.009325),(0.088839,0.003925)
(-0.023284,-0.043940),(-0.067087,0.008837)
(0.048042,-0.054558),(-0.038197,-0.052917)
(-0.036036,0.001645),(-0.045072,-0.074068)
(0.016497,-0.004028),(-0.081953,-0.055717)
(0.045629,-0.015735),(-0.045213,0.067069)
(-0.013095,-0.051596),(-0.088235,-0.032632)
(0.019783,0.003212),(-0.077705,-0.017001)
(-0.040511,-0.021575),(0.025089,0.075048)
(0.042661,-0.042446),(0.018561,-0.048765)
(0.020910,-0.013400),(0.032735,-0.084360)
(0.019124,0.008782),(0.005023,-0.014444)
(0.031038,-0.014175),(-0.007272,-0.067758)
(-0.050859,-0.010496),(-0.006589,-0.003433)
(-0.018491,-0.014761),(-0.069548,-0.070416)
(-0.059694,-0.044619),(0.008338,0.093971)
(-0.010021,-0.032683),(-0.023143,0.006047)
(-0.014108,-0.023179),(0.071802,-0.022551)
(0.010320,-0.025273),(0.029590,0.082272)
(0.054106,0.015287),(-0.025298,0.107699)
(-0.022721,0.023689),(0.001642,-0.049642)
(0.023244,0.019774),(0.065624,-0.057434)
(0.010689,0.007936),(-0.025132,-0.098443)
(0.021183,0.001189),(0.000830,-0.152414)
(-0.006277,0.011900),(0.042113,0.050252)
(-0.012425,0.002512),(-0.008267,-0.212157)
(-0.021127,-0.027368),(-0.081719,0.009001)
(0.010046,0.018972),(-0.067792,0.126710)
(0.023061,-0.011267),(-0.023074,0.050987)
(-0.005180,0.002818),(0.027949,0.048297)
(-0.007345,0.003678),(0.049421,0.042612)
(-0.003299,0.000169),(-0.225802,-0.115858)
(0.006764,-0.015331),(-0.169802,0.004093)
(-0.015853,-0.014332),(-0.014812,0.063947)
(0.010057,-0.027257),(0.037368,0.069274)
(-0.021560,0.016140),(0.096821,0.012603)
(0.010796,0.006170),(0.020937,0.134300)
(0.022963,0.002508),(0.022467,0.067320)
(0.008275,-0.044444),(0.110673,0.111353)
(0.007045,0.009541),(-0.043453,-0.089979)
(0.011687,0.030781),(-0.023783,-0.010645)
(-0.005348,0.015949),(-0.141422,-0.058794)
(0.033077,0.012831),(-0.058739,0.096202)
(0.010940,-0.024095),(-0.068213,0.126411)
(-0.003172,-0.002975),(-0.094913,0.015654)
(-0.008590,-0.022788),(-0.027191,0.029596)
(-0.027484,0.011304),(0.070113,0.099707)
(0.034575,-0.008587),(0.113159,0.030788)
(0.017550,-0.010058),(-0.102569,0.121014)
(-0.001828,-0.029950),(-0.019500,-0.024217)
(-0.003934,0.026650),(-0.016967,-0.090497)
(0.000925,0.008273),(-0.038632,-0.004408)
(0.038813,0.015350),(0.013660,-0.055943)
(-0.014581,0.008183),(0.081918,0.057134)
(0.012981,-0.001549),(-0.048327,0.082424)
(-0.007495,-0.009471),(-0.030854,0.032715)
(0.003293,0.028831),(-0.005109,-0.064227)
(0.012841,0.007347),(0.052149,0.168101)
(0.023748,0.004969),(0.051666,0.080980)
(-0.001551,-0.013297),(-0.119431,-0.092380)
(0.022488,0.007235),(0.038293,-0.002139)
(0.005825,-0.047035),(-0.125192,0.067831)
(-0.023890,0.013468),(-0.043207,0.036766)
(-0.039764,-0.015316),(0.109438,0.100969)
(0.030838,0.012599),(0.037623,0.066277)
(0.013407,0.030646),(0.159328,-0.100892)
(-0.037949,-0.018727),(-0.120852,0.053223)
(0.055396,0.004421),(-0.046490,-0.018159)
(0.051242,0.018367),(-0.064475,0.070440)
(-0.024174,-0.001729),(-0.059280,0.091880)
(-0.032911,-0.023655),(0.103007,0.062190)
(0.034399,-0.009948),(-0.019510,0.029357)
(-0.021168,-0.008984),(-0.084499,-0.100326)
(-0.013968,-0.046113),(-0.023674,0.029955)
(0.025545,-0.003641),(-0.037911,-0.007374)
(-0.053211,-0.048963),(-0.035912,-0.178400)
(0.017847,-0.033754),(0.111677,0.200602)
(0.048523,0.037543),(-0.107446,-0.172421)
(0.057521,0.005871),(0.098427,0.184892)
(-0.009209,0.032293),(0.069721,0.121900)
(0.030042,0.013811),(-0.071333,0.112378)
(-0.004143,0.012756),(0.014204,0.041771)
(-0.004125,0.051282),(0.092872,-0.023959)
(-0.059012,-0.053543),(-0.154478,-0.071014)
(0.053760,-0.008824),(0.090986,-0.005392)
(-0.018500,-0.014940),(-0.040912,-0.075975)
(0.011294,-0.005876),(0.003357,0.086936)
(0.000407,-0.003727),(0.147239,0.024029)
(0.042554,0.069037),(0.044364,-0.113576)
(-0.018804,0.032314),(-0.006710,0.250679)
(-0.005521,-0.000986),(0.031059,0.148916)
(-0.040266,-0.038059),(-0.066073,0.038141)
(-0.004675,0.022645),(0.078978,0.192804)
(-0.014655,0.029814),(-0.069312,-0.013173)
(0.006965,0.045556),(0.032708,0.119017)
(0.014917,-0.003103),(0.099455,-0.000347)
(0.033559,-0.013399),(0.135531,0.039407)
(-0.019556,0.009783),(0.131571,0.130734)
(-0.042726,0.014947),(0.165120,-0.013998)
(-0.051624,-0.000615),(0.029114,0.082131)
(-0.012846,-0.007997),(-0.018320,0.209221)
(0.027964,-0.033297),(-0.028926,-0.137513)
(0.052433,-0.001289),(0.102631,-0.032816)
(0.018491,-0.009738),(0.104109,-0.065085)
(0.081667,-0.027620),(0.046248,-0.088972)
(0.029361,0.026967),(-0.034991,-0.167758)
(-0.040616,0.025004),(0.041515,-0.164737)
(-0.040538,0.041896),(0.069285,-0.178258)
(-0.024494,-0.022412),(0.063183,-0.039752)
(-0.019059,-0.023001),(0.129436,-0.022683)
(-0.037227,-0.030608),(0.030663,0.046205)
(-0.023827,0.003882),(-0.020105,-0.002750)
(-0.002180,0.027872),(-0.097970,0.001331)
(0.009262,0.000236),(-0.136122,0.014015)
(0.038803,0.020257),(-0.051313,-0.154311)
(0.002039,0.037961),(0.092129,0.027964)
(-0.004225,0.017964),(0.000592,0.031567)
(-0.030110,-0.023620),(0.102172,0.006580)
(-0.015255,0.025503),(0.109563,0.027621)
(0.027105,-0.003191),(0.011369,-0.042772)
(0.063668,-0.021850),(-0.020480,-0.032643)
(-0.022244,-0.033568),(0.091474,-0.072987)
(0.019283,-0.031885),(-0.033938,0.045988)
(-0.016422,-0.023764),(0.102702,0.125785)
(-0.007533,0.009788),(-0.061900,0.097657)
(0.051458,-0.048163),(0.077146,0.081802)
(-0.009523,0.007547),(0.003749,0.038289)
(-0.041593,-0.024527),(0.043625,0.047889)
(0.001915,0.028424),(0.006555,-0.033376)
(-0.013655,-0.003517),(-0.063928,0.109561)
(0.000388,0.034649),(0.119229,-0.116039)
(0.057415,0.008756),(0.015075,0.146307)
(0.015677,-0.038980),(-0.065867,0.073246)
(0.019350,0.022261),(-0.073470,0.009112)
(-0.039771,-0.008419),(-0.003047,-0.050787)
(0.024121,0.094740),(-0.028766,0.007588)
(-0.049230,-0.011515),(0.152147,0.010340)
(0.055088,0.044262),(0.087283,-0.119641)
(-0.026358,-0.032700),(0.108525,0.004234)
(0.003726,-0.023796),(0.034421,-0.097643)
(-0.038678,-0.048508),(0.054266,-0.137309)
(0.020564,0.012561),(-0.022098,-0.156932)
(-0.009163,-0.008798),(-0.051733,-0.092146)
(0.003355,0.011060),(-0.042785,0.044253)
(0.006391,-0.074099),(0.076057,0.006411)
(0.032229,-0.007993),(0.135106,-0.102240)
(0.010687,-0.052717),(0.052136,-0.099102)
(0.001973,0.061096),(0.010651,-0.080859)
(-0.085896,0.016968),(-0.029861,0.000521)
(-0.032629,0.000457),(0.032727,-0.081028)
(0.028654,0.033381),(-0.087209,0.016272)
(0.057277,-0.075509),(-0.020602,0.089653)
(-0.007052,-0.051563),(-0.020726,-0.068658)
(0.046580,0.085608),(0.062200,-0.128041)
(-0.008288,0.077609),(-0.002591,-0.025024)
(0.002542,-0.048863),(-0.022317,0.014810)
(0.102049,0.067075),(-0.068424,0.108975)
(-0.092292,0.020479),(-0.002531,0.085007)
(-0.026600,0.038206),(0.080210,0.023391)
(-0.102774,0.029341),(0.004403,-0.046741)
(-0.064241,-0.029285),(0.046607,-0.026388)
(-0.060744,-0.066758),(0.016511,-0.019056)
(0.014073,-0.035643),(0.007006,-0.082879)
(-0.051115,-0.086653),(-0.016438,-0.090563)
(0.040761,-0.012631),(-0.018066,0.000415)
(0.015308,-0.010972),(-0.014074,-0.018379)
(0.108268,-0.006400),(0.000204,-0.066025)
(-0.060371,-0.051360),(-0.012917,0.007409)
(-0.034398,-0.023550),(0.053703,-0.033409)
(0.039108,-0.013736),(0.022866,-0.027097)
(-0.016588,0.033486),(0.085599,0.011631)
(0.073647,-0.056551),(0.098787,-0.015254)
(-0.004460,0.067571),(0.051419,-0.060353)
(0.007666,-0.009154),(-0.015592,-0.053158)
(0.045441,0.048579),(-0.009443,-0.074990)
(-0.044848,0.001627),(0.014187,-0.007570)
(0.048104,0.058852),(-0.049335,0.033866)
(-0.015303,0.039670),(0.043215,-0.016239)
(0.033247,-0.001991),(0.011846,0.033369)
(0.025810,-0.029445),(-0.043526,-0.060633)
(-0.003905,-0.014685),(0.040445,-0.107596)
(-0.010420,-0.021859),(-0.062580,-0.101015)
(-0.034878,-0.014301),(-0.012799,-0.013922)
(0.001762,0.011320),(-0.069843,0.022800)
(0.090636,0.102956),(-0.034401,0.058128)
(-0.004935,-0.030107),(0.029496,-0.018300)
(-0.011186,0.057759),(0.017578,0.004010)
(0.028048,-0.041732),(-0.012974,0.000582)
(-0.016888,-0.005571),(0.015139,-0.054960)
(0.002595,-0.005125),(0.026380,-0.030136)
(0.034012,0.081884),(-0.097848,-0.030201)
(0.050703,0.012861),(-0.027717,-0.072110)
(0.024916,0.037194),(-0.042358,0.028438)
(-0.085494,0.040543),(-0.031143,-0.010391)
(-0.003905,0.012309),(-0.015733,-0.035711)
(0.012225,-0.045715),(-0.112636,0.033495)
(0.044993,-0.011053),(0.005183,0.016877)
(0.002309,-0.059768),(0.000503,0.021208)
(-0.021778,-0.014846),(0.045230,0.031530)
(0.010919,-0.085317),(0.022970,0.019372)
(0.044339,0.019377),(0.010625,-0.016135)
(0.042472,0.052529),(-0.056056,0.014268)
(-0.005429,-0.007621),(0.034024,0.035233)
(0.026500,-0.020516),(-0.059059,0.002865)
(0.032058,0.000520),(-0.028680,0.061501)
(0.049637,0.068734),(-0.013746,0.026534)
(0.005142,-0.036044),(-0.057817,0.016507)
(-0.070791,-0.021352),(-0.004079,0.015818)
(-0.041119,-0.049288),(0.040030,0.008398)
(-0.048408,0.031064),(-0.003537,-0.002030)
(0.036443,-0.027295),(0.028172,0.050319)
(-0.020780,-0.001362),(-0.028816,-0.005337)
(0.044515,0.020909),(-0.029824,-0.013296)
(-0.011119,0.006218),(-0.067809,-0.035140)
(-0.037952,0.002443),(0.027015,0.007811)
(-0.046423,0.050318),(-0.022263,0.010666)
(0.019391,0.012342),(0.015487,-0.027455)
(0.041697,-0.015946),(0.015684,0.064561)
(-0.047352,0.026099),(0.042862,0.004288)
(0.031497,-0.014481),(0.003384,0.017199)
(-0.016741,0.081520),(-0.035380,0.062264)
(0.073965,0.003075),(-0.047927,-0.030304)
(-0.003081,0.034288),(0.010404,0.023240)
(0.111305,-0.053677),(-0.037382,0.033937)
(-0.008897,0.042182),(-0.049515,0.000585)
(0.052764,-0.027033),(0.022713,-0.003851)
(0.026742,0.018181),(0.017037,0.013544)
(-0.016036,-0.004306),(0.054675,-0.043323)
(-0.013193,0.016553),(-0.007559,-0.031096)
(0.056335,-0.014785),(0.020754,-0.058434)
(-0.026678,-0.004410),(0.015895,-0.040903)
(-0.011493,0.019322),(0.062822,0.028796)
(-0.076641,-0.005744),(-0.008511,0.032979)
(0.041471,-0.005071),(0.017409,0.021201)
(0.036123,-0.000723),(0.011679,0.012963)
(0.006621,-0.026173),(0.003349,0.021163)
(0.007394,-0.028039),(0.000681,0.037918)
(0.066917,-0.033722),(0.007114,-0.016365)
(0.014518,-0.000812),(0.070631,-0.034271)
(-0.020060,-0.045958),(0.009185,-0.043754)
(0.025731,-0.016967),(-0.037542,-0.024136)
(0.035903,-0.030332),(0.033607,-0.006997)
(-0.066287,-0.031933),(-0.007284,-0.020589)
(0.015998,-0.029654),(0.011885,-0.004666)
(0.003759,-0.010452),(-0.000367,-0.053865)
(0.013086,-0.006752),(-0.006031,-0.032011)
(-0.003509,0.009573),(-0.027161,-0.020593)
(-0.016622,0.007804),(-0.007227,-0.036446)
(0.035722,0.046478),(-0.016600,-0.031158)
(0.005973,-0.019859),(0.043939,-0.034532)
(0.072955,-0.011020),(-0.015681,0.048060)
(-0.005615,-0.025836),(-0.033062,0.039828)
(0.019507,-0.046121),(0.008455,-0.001800)
(0.011775,-0.000077),(-0.031917,0.027082)
(0.000619,0.035914),(0.002425,-0.030320)
(-0.031907,-0.034346),(0.022733,0.001582)
(-0.019228,-0.002265),(0.000276,0.064875)
(0.012588,0.057055),(-0.031847,0.054027)
(-0.034527,-0.031554),(0.023553,-0.024126)
(-0.049024,0.027457),(0.010058,0.003060)
(-0.049491,0.058295),(-0.009135,0.049443)
(-0.011689,0.021292),(-0.012882,0.004035)
(0.013450,0.090882),(0.028177,0.007638)
(0.069195,-0.059938),(0.041169,-0.021478)
(0.027077,0.030122),(-0.034162,0.000738)
(0.004171,0.011471),(0.008100,-0.008027)
(0.034146,-0.015146),(0.038662,0.023059)
(0.023406,0.015773),(0.030126,-0.006618)
(0.015572,-0.007386),(0.059668,0.012292)
(0.041364,0.008980),(-0.027195,-0.040359)
(0.018417,-0.067175),(0.027615,-0.036894)
(-0.047876,-0.050728),(0.010702,-0.014356)
(-0.007823,0.003149),(0.010279,-0.019590)
(-0.005113,-0.021871),(0.010079,-0.048787)
(-0.067109,0.004458),(-0.004762,0.031936)
(-0.016191,0.033383),(-0.008453,-0.001567)
(-0.017254,-0.002998),(0.014044,0.049297)
(-0.045524,0.013006),(0.058337,0.021160)
(-0.000548,-0.049488),(0.037529,0.025472)
(0.006277,0.028583),(0.031968,0.009787)
(0.020902,0.035919),(0.013611,-0.057928)
(0.002525,-0.013472),(0.066639,-0.018964)
(0.025278,-0.021537),(-0.003514,0.001567)
(0.026175,-0.041947),(0.049683,0.002972)
(-0.013544,0.015446),(0.029618,-0.033481)
(-0.032842,-0.017532),(-0.004028,0.025074)
(0.042416,0.023081),(0.021576,-0.023471)
(-0.023606,0.039731),(0.028261,-0.018971)
(0.053647,-0.014129),(0.034482,-0.043559)
(0.005818,0.010328),(0.024820,-0.019790)
(0.052086,-0.003072),(-0.009180,-0.032590)
(-0.055138,-0.012162),(-0.005794,0.004868)
(-0.082472,-0.029654),(0.014951,-0.026566)
(-0.039458,-0.045522),(-0.026616,0.008082)
(-0.044274,-0.019796),(0.003513,-0.018490)
(0.003889,-0.048413),(0.010080,-0.026955)
(-0.028787,-0.004015),(-0.022914,-0.037376)
(-0.041917,-0.041410),(0.002398,-0.065329)
(0.023368,-0.000803),(0.009415,0.021977)
(-0.006126,0.018167),(0.010542,0.008536)
(0.010542,-0.008536),(-0.006126,-0.018167)
(0.009415,-0.021977),(0.023368,0.000803)
(0.002398,0.065329),(-0.041917,0.041410)
(-0.022914,0.037376),(-0.028787,0.004015)
(0.010080,0.026955),(0.003889,0.048413)
(0.003513,0.018490),(-0.044274,0.019796)
(-0.026616,-0.008082),(-0.039458,0.045522)
(0.014951,0.026566),(-0.082472,0.029654)
(-0.005794,-0.004868),(-0.055138,0.012162)
(-0.009180,0.032590),(0.052086,0.003072)
(0.024820,0.019790),(0.005818,-0.010328)
(0.034482,0.043559),(0.053647,0.014129)
(0.028261,0.018971),(-0.023606,-0.039731)
(0.021576,0.023471),(0.042416,-0.023081)
(-0.004028,-0.025074),(-0.032842,0.017532)
(0.029618,0.033481),(-0.013544,-0.015446)
(0.049683,-0.002972),(0.026175,0.041947)
(-0.003514,-0.001567),(0.025278,0.021537)
(0.066639,0.018964),(0.002525,0.013472)
(0.013611,0.057928),(0.020902,-0.035919)
(0.031968,-0.009787),(0.006277,-0.028583)
(0.037529,-0.025472),(-0.000548,0.049488)
(0.058337,-0.021160),(-0.045524,-0.013006)
(0.014044,-0.049297),(-0.017254,0.002998)
(-0.008453,0.001567),(-0.016191,-0.033383)
(-0.004762,-0.031936),(-0.067109,-0.004458)
(0.010079,0.048787),(-0.005113,0.021871)
(0.010279,0.019590),(-0.007823,-0.003149)
(0.010702,0.014356),(-0.047876,0.050728)
(0.027615,0.036894),(0.018417,0.067175)
(-0.027195,0.040359),(0.041364,-0.008980)
(0.059668,-0.012292),(0.015572,0.007386)
(0.030126,0.006618),(0.023406,-0.015773)
(0.038662,-0.023059),(0.034146,0.015146)
(0.008100,0.008027),(0.004171,-0.011471)
(-0.034162,-0.000738),(0.027077,-0.030122)
(0.041169,0.021478),(0.069195,0.059938)
(0.028177,-0.007638),(0.013450,-0.090882)
(-0.012882,-0.004035),(-0.011689,-0.021292)
(-0.009135,-0.049443),(-0.049491,-0.058295)
(0.010058,-0.003060),(-0.049024,-0.027457)
(0.023553,0.024126),(-0.034527,0.031554)
(-0.031847,-0.054027),(0.012588,-0.057055)
(0.000276,-0.064875),(-0.019228,0.002265)
(0.022733,-0.001582),(-0.031907,0.034346)
(0.002425,0.030320),(0.000619,-0.035914)
(-0.031917,-0.027082),(0.011775,0.000077)
(0.008455,0.001800),(0.019507,0.046121)
(-0.033062,-0.039828),(-0.005615,0.025836)
(-0.015681,-0.048060),(0.072955,0.011020)
(0.043939,0.034532),(0.005973,0.019859)
(-0.016600,0.031158),(0.035722,-0.046478)
(-0.007227,0.036446),(-0.016622,-0.007804)
(-0.027161,0.020593),(-0.003509,-0.009573)
(-0.006031,0.032011),(0.013086,0.006752)
(-0.000367,0.053865),(0.003759,0.010452)
(0.011885,0.004666),(0.015998,0.029654)
(-0.007284,0.020589),(-0.066287,0.031933)
(0.033607,0.006997),(0.035903,0.030332)
(-0.037542,0.024136),(0.025731,0.016967)
(0.009185,0.043754),(-0.020060,0.045958)
(0.070631,0.034271),(0.014518,0.000812)
(0.007114,0.016365),(0.066917,0.033722)
(0.000681,-0.037918),(0.007394,0.028039)
(0.003349,-0.021163),(0.006621,0.026173)
(0.011679,-0.012963),(0.036123,0.000723)
(0.017409,-0.021201),(0.041471,0.005071)
(-0.008511,-0.032979),(-0.076641,0.005744)
(0.062822,-0.028796),(-0.011493,-0.019322)
(0.015895,0.040903),(-0.026678,0.004410)
(0.020754,0.058434),(0.056335,0.014785)
(-0.007559,0.031096),(-0.013193,-0.016553)
(0.054675,0.043323),(-0.016036,0.004306)
(0.017037,-0.013544),(0.026742,-0.018181)
(0.022713,0.003851),(0.052764,0.027033)
(-0.049515,-0.000585),(-0.008897,-0.042182)
(-0.037382,-0.033937),(0.111305,0.053677)
(0.010404,-0.023240),(-0.003081,-0.034288)
(-0.047927,0.030304),(0.073965,-0.003075)
(-0.035380,-0.062264),(-0.016741,-0.081520)
(0.003384,-0.017199),(0.031497,0.014481)
(0.042862,-0.004288),(-0.047352,-0.026099)
(0.015684,-0.064561),(0.041697,0.015946)
(0.015487,0.027455),(0.019391,-0.012342)
(-0.022263,-0.010666),(-0.046423,-0.050318)
(0.027015,-0.007811),(-0.037952,-0.002443)
(-0.067809,0.035140),(-0.011119,-0.006218)
(-0.029824,0.013296),(0.044515,-0.020909)
(-0.028816,0.005337),(-0.020780,0.001362)
(0.028172,-0.050319),(0.036443,0.027295)
(-0.003537,0.002030),(-0.048408,-0.031064)
(0.040030,-0.008398),(-0.041119,0.049288)
(-0.004079,-0.015818),(-0.070791,0.021352)
(-0.057817,-0.016507),(0.005142,0.036044)
(-0.013746,-0.026534),(0.049637,-0.068734)
(-0.028680,-0.061501),(0.032058,-0.000520)
(-0.059059,-0.002865),(0.026500,0.020516)
(0.034024,-0.035233),(-0.005429,0.007621)
(-0.056056,-0.014268),(0.042472,-0.052529)
(0.010625,0.016135),(0.044339,-0.019377)
(0.022970,-0.019372),(0.010919,0.085317)
(0.045230,-0.031530),(-0.021778,0.014846)
(0.000503,-0.021208),(0.002309,0.059768)
(0.005183,-0.016877),(0.044993,0.011053)
(-0.112636,-0.033495),(0.012225,0.045715)
(-0.015733,0.035711),(-0.003905,-0.012309)
(-0.031143,0.010391),(-0.085494,-0.040543)
(-0.042358,-0.028438),(0.024916,-0.037194)
(-0.027717,0.072110),(0.050703,-0.012861)
(-0.097848,0.030201),(0.034012,-0.081884)
(0.026380,0.030136),(0.002595,0.005125)
(0.015139,0.054960),(-0.016888,0.005571)
(-0.012974,-0.000582),(0.028048,0.041732)
(0.017578,-0.004010),(-0.011186,-0.057759)
(0.029496,0.018300),(-0.004935,0.030107)
(-0.034401,-0.058128),(0.090636,-0.102956)
(-0.069843,-0.022800),(0.001762,-0.011320)
(-0.012799,0.013922),(-0.034878,0.014301)
(-0.062580,0.101015),(-0.010420,0.021859)
(0.040445,0.107596),(-0.003905,0.014685)
(-0.043526,0.060633),(0.025810,0.029445)
(0.011846,-0.033369),(0.033247,0.001991)
(0.043215,0.016239),(-0.015303,-0.039670)
(-0.049335,-0.033866),(0.048104,-0.058852)
(0.014187,0.007570),(-0.044848,-0.001627)
(-0.009443,0.074990),(0.045441,-0.048579)
(-0.015592,0.053158),(0.007666,0.009154)
(0.051419,0.060353),(-0.004460,-0.067571)
(0.098787,0.015254),(0.073647,0.056551)
(0.085599,-0.011631),(-0.016588,-0.033486)
(0.022866,0.027097),(0.039108,0.013736)
(0.053703,0.033409),(-0.034398,0.023550)
(-0.012917,-0.007409),(-0.060371,0.051360)
(0.000204,0.066025),(0.108268,0.006400)
(-0.014074,0.018379),(0.015308,0.010972)
(-0.018066,-0.000415),(0.040761,0.012631)
(-0.016438,0.090563),(-0.051115,0.086653)
(0.007006,0.082879),(0.014073,0.035643)
(0.016511,0.019056),(-0.060744,0.066758)
(0.046607,0.026388),(-0.064241,0.029285)
(0.004403,0.046741),(-0.102774,-0.029341)
(0.080210,-0.023391),(-0.026600,-0.038206)
(-0.002531,-0.085007),(-0.092292,-0.020479)
(-0.068424,-0.108975),(0.102049,-0.067075)
(-0.022317,-0.014810),(0.002542,0.048863)
(-0.002591,0.025024),(-0.008288,-0.077609)
(0.062200,0.128041),(0.046580,-0.085608)
(-0.020726,0.068658),(-0.007052,0.051563)
(-0.020602,-0.089653),(0.057277,0.075509)
(-0.087209,-0.016272),(0.028654,-0.033381)
(0.032727,0.081028),(-0.032629,-0.000457)
(-0.029861,-0.000521),(-0.085896,-0.016968)
(0.010651,0.080859),(0.001973,-0.061096)
(0.052136,0.099102),(0.010687,0.052717)
(0.135106,0.102240),(0.032229,0.007993)
(0.076057,-0.006411),(0.006391,0.074099)
(-0.042785,-0.044253),(0.003355,-0.011060)
(-0.051733,0.092146),(-0.009163,0.008798)
(-0.022098,0.156932),(0.020564,-0.012561)
(0.054266,0.137309),(-0.038678,0.048508)
(0.034421,0.097643),(0.003726,0.023796)
(0.108525,-0.004234),(-0.026358,0.032700)
(0.087283,0.119641),(0.055088,-0.044262)
(0.152147,-0.010340),(-0.049230,0.011515)
(-0.028766,-0.007588),(0.024121,-0.094740)
(-0.003047,0.050787),(-0.039771,0.008419)
(-0.073470,-0.009112),(0.019350,-0.022261)
(-0.065867,-0.073246),(0.015677,0.038980)
(0.015075,-0.146307),(0.057415,-0.008756)
(0.119229,0.116039),(0.000388,-0.034649)
(-0.063928,-0.109561),(-0.013655,0.003517)
(0.006555,0.033376),(0.001915,-0.028424)
(0.043625,-0.047889),(-0.041593,0.024527)
(0.003749,-0.038289),(-0.009523,-0.007547)
(0.077146,-0.081802),(0.051458,0.048163)
(-0.061900,-0.097657),(-0.007533,-0.009788)
(0.102702,-0.125785),(-0.016422,0.023764)
(-0.033938,-0.045988),(0.019283,0.031885)
(0.091474,0.072987),(-0.022244,0.033568)
(-0.020480,0.032643),(0.063668,0.021850)
(0.011369,0.042772),(0.027105,0.003191)
(0.109563,-0.027621),(-0.015255,-0.025503)
(0.102172,-0.006580),(-0.030110,0.023620)
(0.000592,-0.031567),(-0.004225,-0.017964)
(0.092129,-0.027964),(0.002039,-0.037961)
(-0.051313,0.154311),(0.038803,-0.020257)
(-0.136122,-0.014015),(0.009262,-0.000236)
(-0.097970,-0.001331),(-0.002180,-0.027872)
(-0.020105,0.002750),(-0.023827,-0.003882)
(0.030663,-0.046205),(-0.037227,0.030608)
(0.129436,0.022683),(-0.019059,0.023001)
(0.063183,0.039752),(-0.024494,0.022412)
(0.069285,0.178258),(-0.040538,-0.041896)
(0.041515,0.164737),(-0.040616,-0.025004)
(-0.034991,0.167758),(0.029361,-0.026967)
(0.046248,0.088972),(0.081667,0.027620)
(0.104109,0.065085),(0.018491,0.009738)
(0.102631,0.032816),(0.052433,0.001289)
(-0.028926,0.137513),(0.027964,0.033297)
(-0.018320,-0.209221),(-0.012846,0.007997)
(0.029114,-0.082131),(-0.051624,0.000615)
(0.165120,0.013998),(-0.042726,-0.014947)
(0.131571,-0.130734),(-0.019556,-0.009783)
(0.135531,-0.039407),(0.033559,0.013399)
(0.099455,0.000347),(0.014917,0.003103)
(0.032708,-0.119017),(0.006965,-0.045556)
(-0.069312,0.013173),(-0.014655,-0.029814)
(0.078978,-0.192804),(-0.004675,-0.022645)
(-0.066073,-0.038141),(-0.040266,0.038059)
(0.031059,-0.148916),(-0.005521,0.000986)
(-0.006710,-0.250679),(-0.018804,-0.032314)
(0.044364,0.113576),(0.042554,-0.069037)
(0.147239,-0.024029),(0.000407,0.003727)
(0.003357,-0.086936),(0.011294,0.005876)
(-0.040912,0.075975),(-0.018500,0.014940)
(0.090986,0.005392),(0.053760,0.008824)
(-0.154478,0.071014),(-0.059012,0.053543)
(0.092872,0.023959),(-0.004125,-0.051282)
(0.014204,-0.041771),(-0.004143,-0.012756)
(-0.071333,-0.112378),(0.030042,-0.013811)
(0.069721,-0.121900),(-0.009209,-0.032293)
(0.098427,-0.184892),(0.057521,-0.005871)
(-0.107446,0.172421),(0.048523,-0.037543)
(0.111677,-0.200602),(0.017847,0.033754)
(-0.035912,0.178400),(-0.053211,0.048963)
(-0.037911,0.007374),(0.025545,0.003641)
(-0.023674,-0.029955),(-0.013968,0.046113)
(-0.084499,0.100326),(-0.021168,0.008984)
(-0.019510,-0.029357),(0.034399,0.009948)
(0.103007,-0.062190),(-0.032911,0.023655)
(-0.059280,-0.091880),(-0.024174,0.001729)
(-0.064475,-0.070440),(0.051242,-0.018367)
(-0.046490,0.018159),(0.055396,-0.004421)
(-0.120852,-0.053223),(-0.037949,0.018727)
(0.159328,0.100892),(0.013407,-0.030646)
(0.037623,-0.066277),(0.030838,-0.012599)
(0.109438,-0.100969),(-0.039764,0.015316)
(-0.043207,-0.036766),(-0.023890,-0.013468)
(-0.125192,-0.067831),(0.005825,0.047035)
(0.038293,0.002139),(0.022488,-0.007235)
(-0.119431,0.092380),(-0.001551,0.013297)
(0.051666,-0.080980),(0.023748,-0.004969)
(0.052149,-0.168101),(0.012841,-0.007347)
(-0.005109,0.064227),(0.003293,-0.028831)
(-0.030854,-0.032715),(-0.007495,0.009471)
(-0.048327,-0.082424),(0.012981,0.001549)
(0.081918,-0.057134),(-0.014581,-0.008183)
(0.013660,0.055943),(0.038813,-0.015350)
(-0.038632,0.004408),(0.000925,-0.008273)
(-0.016967,0.090497),(-0.003934,-0.026650)
(-0.019500,0.024217),(-0.001828,0.029950)
(-0.102569,-0.121014),(0.017550,0.010058)
(0.113159,-0.030788),(0.034575,0.008587)
(0.070113,-0.099707),(-0.027484,-0.011304)
(-0.027191,-0.029596),(-0.008590,0.022788)
(-0.094913,-0.015654),(-0.003172,0.002975)
(-0.068213,-0.126411),(0.010940,0.024095)
(-0.058739,-0.096202),(0.033077,-0.012831)
(-0.141422,0.058794),(-0.005348,-0.015949)
(-0.023783,0.010645),(0.011687,-0.030781)
(-0.043453,0.089979),(0.007045,-0.009541)
(0.110673,-0.111353),(0.008275,0.044444)
(0.022467,-0.067320),(0.022963,-0.002508)
(0.020937,-0.134300),(0.010796,-0.006170)
(0.096821,-0.012603),(-0.021560,-0.016140)
(0.037368,-0.069274),(0.010057,0.027257)
(-0.014812,-0.063947),(-0.015853,0.014332)
(-0.169802,-0.004093),(0.006764,0.015331)
(-0.225802,0.115858),(-0.003299,-0.000169)
(0.049421,-0.042612),(-0.007345,-0.003678)
(0.027949,-0.048297),(-0.005180,-0.002818)
(-0.023074,-0.050987),(0.023061,0.011267)
(-0.067792,-0.126710),(0.010046,-0.018972)
(-0.081719,-0.009001),(-0.021127,0.027368)
(-0.008267,0.212157),(-0.012425,-0.002512)
(0.042113,-0.050252),(-0.006277,-0.011900)
(0.000830,0.152414),(0.021183,-0.001189)
(-0.025132,0.098443),(0.010689,-0.007936)
(0.065624,0.057434),(0.023244,-0.019774)
(0.001642,0.049642),(-0.022721,-0.023689)
(-0.025298,-0.107699),(0.054106,-0.015287)
(0.029590,-0.082272),(0.010320,0.025273)
(0.071802,0.022551),(-0.014108,0.023179)
(-0.023143,-0.006047),(-0.010021,0.032683)
(0.008338,-0.093971),(-0.059694,0.044619)
(-0.069548,0.070416),(-0.018491,0.014761)
(-0.006589,0.003433),(-0.050859,0.010496)
(-0.007272,0.067758),(0.031038,0.014175)
(0.005023,0.014444),(0.019124,-0.008782)
(0.032735,0.084360),(0.020910,0.013400)
(0.018561,0.048765),(0.042661,0.042446)
(0.025089,-0.075048),(-0.040511,0.021575)
(-0.077705,0.017001),(0.019783,-0.003212)
(-0.088235,0.032632),(-0.013095,0.051596)
(-0.045213,-0.067069),(0.045629,0.015735)
(-0.081953,0.055717),(0.016497,0.004028)
(-0.045072,0.074068),(-0.036036,-0.001645)
(-0.038197,0.052917),(0.048042,0.054558)
(-0.067087,-0.008837),(-0.023284,0.043940)
(0.088839,-0.003925),(-0.000442,-0.009325)
(0.042322,0.018225),(0.023567,-0.018703)
(-0.039747,-0.000527),(0.029520,0.008506)
(-0.035654,-0.058469),(0.000814,-0.007626)
(-0.057924,-0.034800),(-0.087116,0.048460)
(0.060141,-0.052057),(0.018409,-0.019585)
(0.042951,0.057490),(0.038692,0.033471)
(-0.018595,-0.010065),(-0.002065,-0.027775)
(0.024450,-0.056084),(-0.000451,-0.044653)
(0.069007,-0.046369),(0.016714,0.017224)
(0.033286,0.047949),(-0.032271,0.011025)
(0.056034,-0.014688),(0.023112,-0.024819)
(0.055889,-0.231207),(-0.011621,0.026816)
(0.026012,-0.015735),(0.029687,-0.021009)
(-0.078498,-0.010699),(-0.019854,-0.064372)
(0.056221,-0.047582),(0.031107,0.044626)
(-0.024429,0.008311),(0.061464,0.006674)
(-0.078841,0.033323),(0.007466,0.020579)
(0.006179,-0.032113),(0.032426,0.013029)
(-0.084099,-0.008161),(-0.057694,-0.025161)
(-0.042581,-0.053818),(-0.014311,0.061190)
(0.050750,0.049682),(0.012643,-0.014165)
(-0.017203,0.017508),(-0.035667,0.042474)
(0.038571,0.059559),(0.008390,0.043188)
(-0.136339,0.004868),(0.034812,0.031723)
(-0.028466,-0.032658),(0.040362,-0.016469)
(0.034632,0.145215),(-0.008751,0.069570)
(0.003161,0.002443),(0.069159,0.036773)
(0.066736,-0.010789),(0.016499,0.026740)
(-0.047618,0.016896),(-0.002578,-0.021602)
(-0.106249,0.017973),(-0.017357,0.037737)
(0.038111,0.025231),(0.023390,0.016261)
(0.028644,0.063976),(0.020976,-0.038909)
(0.032467,-0.008646),(-0.084306,0.048505)
(-0.010051,0.087155),(-0.002055,0.077692)
(0.057774,0.047407),(0.034996,0.037443)
(-0.005999,0.008979),(0.029390,0.021327)
(0.006077,-0.007152),(0.037230,0.045741)
(-0.018160,0.007719),(0.056510,-0.024335)
(-0.017043,0.015634),(0.014739,-0.051840)
(0.011245,0.000688),(0.009868,0.001427)
(-0.000750,-0.042065),(-0.011493,-0.004586)
(0.039957,-0.039379),(-0.019649,0.030251)
(0.039996,-0.020455),(-0.010198,0.001062)
(-0.026153,-0.000205),(-0.003153,-0.013438)
(-0.016441,-0.043151),(-0.057492,-0.007620)
(-0.002624,-0.039068),(-0.067851,-0.009529)
(-0.065582,0.006651),(0.013705,-0.004387)
(0.030477,-0.056363),(-0.044333,-0.020679)
(0.019016,0.024760),(0.058165,-0.093103)
(-0.006451,0.026509),(0.049788,0.041081)
(0.027894,0.049099),(0.058077,-0.128393)
(-0.029273,0.044032),(0.074398,0.195598)
(0.069452,0.046650),(0.001209,0.050544)
(0.029853,0.065488),(0.035097,0.044663)
(-0.010403,-0.012845),(-0.028273,0.074543)
(0.002576,0.053382),(0.016600,0.089959)
(-0.071794,0.042246),(0.054858,-0.071942)
(-0.061494,0.029358),(-0.026556,0.063120)
(-0.088124,0.028494),(-0.026922,0.063433)
(0.038847,0.035759),(0.044852,0.042061)
(-0.047498,-0.037655),(0.000112,0.019922)
(0.078311,-0.042809),(0.075571,0.057860)
(-0.013792,-0.046578),(0.040238,0.022449)
(-0.024497,0.061917),(-0.053287,0.024050)
(-0.018840,0.078612),(0.015510,0.086093)
(0.039392,0.095489),(0.004331,0.108072)
(0.101923,-0.027968),(0.119661,0.046522)
(0.011145,-0.003366),(0.007012,0.066942)
(0.074106,-0.062777),(0.024026,0.041997)
(0.010681,0.000690),(-0.006479,0.080481)
(0.036205,0.004182),(-0.033551,0.205764)
(-0.042709,0.041359),(-0.002188,0.125329)
(0.027152,0.035815),(-0.114720,0.255113)
(0.036859,0.045300),(0.184706,0.138284)
(0.022489,0.021731),(0.100947,0.356577)
