tiempo, ax, ay, az
7.5,181.019,201.136,204.964
7.51,181.123,191.667,195.682
7.52,183.11,200.221,204.881
7.53,181.893,192.383,199.596
7.54,183.251,196.252,202.104
7.55,182.416,198.233,203.278
7.56,181.069,199.01,202.833
7.57,180.38,196.389,200.882
7.58,180.481,193.941,198.399
7.59,182.536,199.583,203.472
7.6,183.846,196.44,200.417
7.61,182.483,195.353,199.276
7.62,181.608,198.773,202.024
7.63,179.678,194.705,197.25
7.64,180.273,201.64,203.574
7.65,179.709,194.075,198.011
7.66,180.575,196.345,202.064
7.67,181.844,195.487,202.633
7.68,181.153,192.877,199.309
7.69,181.744,200.523,205.005
7.7,181.607,197.332,200.513
7.71,181.683,200.971,201.569
7.72,180.776,199.194,198.973
7.73,180.154,200.241,201.02
7.74,180.708,200.348,202.59
7.75,181.737,196.297,202.011
7.76,182.571,194.283,200.813
7.77,180.938,194.215,198.939
7.78,179.965,202.709,204.903
7.79,179.421,198.341,198.842
7.8,180.906,200.237,202.657
7.81,180.706,198.042,202.789
7.82,180.576,195.415,201.065
7.83,181.008,197.038,201.074
7.84,181.069,197.518,201.369
7.85,181.649,197.144,200.478
7.86,179.801,195.614,199.474
7.87,178.341,200.6,204.247
7.88,179.757,193.835,198.95
7.89,181.088,192.512,198.987
7.9,181.958,198.009,204.965
7.91,178.401,188.16,194.806
7.92,181.563,202.175,205.503
7.93,181.134,195.271,199.106
7.94,181.629,196.801,200.159
7.95,182.149,199.085,201.937
7.96,183.226,195.27,200.435
7.97,183.935,193.61,198.91
7.98,182.104,193.535,199.348
7.99,181.794,198.041,202.533
8,181.007,192.221,196.358
8.01,183.662,200.543,203.307
8.02,181.914,193.971,198.444
8.03,184.08,198.187,202.731
8.04,183.384,194.614,200.392
8.05,182.675,195.673,199.593
8.06,181.168,194.402,199.545
8.07,181.798,194.657,199.355
8.08,181.304,192.578,198.98
8.09,182.521,196.093,201.287
8.1,183.213,196.801,201.55
8.11,183.848,195.449,201.986
8.12,181.838,191.188,197.144
8.13,181.052,196.104,201.208
8.14,180.324,194.029,198.524
8.15,179.721,201.564,205.367
8.16,179.699,194.324,199.606
8.17,181.838,192.661,198.573
8.18,183.132,198.873,204.646
8.19,180.462,191.749,197.609
8.2,179.06,197.298,202.943
8.21,179.058,194.897,199.391
8.22,179.69,196.861,201.841
8.23,179.713,196.547,200.221
8.24,180.951,201.787,203.118
8.25,180.386,198.466,201.541
8.26,181.041,196.291,198.882
8.27,180.207,200.249,202.254
8.28,178.177,195.986,199.864
8.29,179.696,199.456,202.048
8.3,180.367,195.342,199.417
8.31,183.09,195.692,197.851
8.32,182.455,195.905,198.522
8.33,181.662,201.269,203.244
8.34,180.381,196.907,198.892
8.35,180.46,200.316,204.652
8.36,181.044,195.137,197.871
8.37,179.742,193.254,198.399
8.38,181.056,195.887,201
8.39,181.157,191.887,198.446
8.4,181.838,193.033,200.272
8.41,181.955,196.093,201.035
8.42,180.38,196.163,200.661
8.43,180.816,195.586,199.703
8.44,181.733,195.2,199.81
8.45,181.209,192.43,198.923
8.46,182.424,195.499,200.797
8.47,182.619,193.401,199.915
8.48,183.269,195.613,200.012
8.49,182.985,200.767,204.021
8.5,180.576,194.737,199.212
8.51,183.956,197.947,201.903
8.52,183.199,193.674,199.65
8.53,181.88,194.189,199.929
8.54,181.036,198.189,203.226
8.55,180.411,199.327,202.443
8.56,180.384,197.369,201.958
8.57,180.495,194.127,199.887
8.58,181.172,196.504,201.705
8.59,180.369,194.578,200.554
8.6,179.74,193.431,201.097
8.61,179.805,195.672,202.004
8.62,179.694,192.44,197.649
8.63,179.76,194.519,199.615
8.64,181.214,192.477,197.729
8.65,183.158,193.728,198.398
8.66,181.641,194.94,199.543
8.67,182.405,196.007,198.668
8.68,182.397,196.752,199.304
8.69,181.884,193.238,196.421
8.7,183.153,193.521,195.519
8.71,180.406,195.245,198.43
8.72,181.79,199.557,201.526
8.73,181.811,194.417,197.649
8.74,182.434,194.217,198.207
8.75,181.744,192.915,197.568
8.76,180.331,194.792,199.365
8.77,179.604,200.513,204.233
8.78,178.215,196.563,199.202
8.79,178.284,196.818,201.963
8.8,178.542,191.57,199.268
8.81,181.057,195.433,201.873
8.82,177.546,194.336,200.018
8.83,177.602,198.251,202.591
8.84,178.192,194.546,198.437
8.85,177.602,195.063,199.472
8.86,178.832,196.791,200.069
8.87,177.602,194.784,199.199
8.88,178.216,198.58,201.246
8.89,178.298,198.79,200.145
8.9,178.83,199.502,202.556
8.91,179.012,195.635,197.567
8.92,179.627,199.735,202.262
8.93,178.982,193.948,197.137
8.94,179.578,199.134,201.713
8.95,178.983,196.096,199.251
8.96,180.275,195.467,197.46
8.97,180.296,200.294,203.407
8.98,180.943,196.519,199.197
8.99,178.301,194.971,200.092
9,178.788,196.535,202.048
9.01,180.034,194.395,200.562
9.02,179.426,196.01,200.488
9.03,178.935,197.223,200.496
9.04,180.531,192.956,197.576
9.05,181.789,194.353,200.259
9.06,181.057,192.34,198.88
9.07,180.605,197.715,203.276
9.08,179.026,195.386,199.814
9.09,179.032,195.37,199.792
9.1,179.759,199.016,204
9.11,179.628,194.218,199.439
9.12,182.05,199.096,204.341
9.13,181.742,196.686,202.566
9.14,181.057,196.1,202.518
9.15,179.752,197.927,202.943
9.16,179.74,196.457,201.428
9.17,178.438,195.822,199.47
9.18,181.091,202.133,204.607
9.19,181.611,197.234,200.507
9.2,180.383,197.674,202.225
9.21,181.793,195.99,203.07
9.22,180.421,192.704,198.478
9.23,178.424,198.44,203.24
9.24,179.611,200.31,201.574
9.25,180.484,196.942,198.923
9.26,182.535,195.569,199.535
9.27,183.154,194.561,200.551
9.28,181.713,195.265,201.097
9.29,179.002,196.29,201.77
9.3,178.85,200.63,202.566
9.31,178.336,191.31,193.928
9.32,179.697,197.356,201.217
9.33,181.449,196.1,200.301
9.34,180.48,191.601,198.786
9.35,180.475,194.346,201.34
9.36,180.385,192.875,197.602
9.37,177.767,192.795,198.573
9.38,179.572,193.863,197.83
9.39,179.021,194.033,198.494
9.4,180.436,194.919,199.395
9.41,183.039,195.152,199.791
9.42,181.162,197.33,202.404
9.43,179.753,191.336,196.628
9.44,178.953,194.472,200.189
9.45,179.639,191.16,196.453
9.46,180.311,194.644,200.449
9.47,180.479,193.91,199.691
9.48,179.771,192.101,196.134
9.49,179.655,201.132,204.886
9.5,179.627,193.258,195.869
9.51,179.627,198.754,201.294
9.52,177.717,195.179,199.483
9.53,180.267,193.981,198.526
9.54,180.366,194.694,200.449
9.55,181.053,194.567,199.81
9.56,179.753,193.332,198.571
9.57,178.97,194.83,199.423
9.58,178.822,195.813,199.117
9.59,178.241,199.255,203.014
9.6,176.925,194.333,199.361
9.61,178.966,194.291,198.797
9.62,179.629,196.684,199.352
9.63,180.269,196.921,198.904
9.64,179.627,198.811,201.35
9.65,180.177,196.692,198.761
9.66,178.138,194.653,200.874
9.67,179.008,193.534,199.008
9.68,178.377,199.579,203.335
9.69,177.574,198.582,201.668
9.7,178.27,193.752,196.285
9.71,181.589,201.788,204.894
9.72,181.125,195.308,199.151
9.73,180.27,196.588,201.175
9.74,180.49,198.004,202.363
9.75,178.966,193.982,198.494
9.76,178.869,196.16,200.621
9.77,180.322,193.909,198.406
9.78,179.626,193.764,198.876
9.79,180.49,197.302,202.977
9.8,179.744,190.485,197.039
9.81,178.945,199.178,204.872
9.82,180.213,195.43,198.786
9.83,180.347,196.723,199.937
9.84,181,197.496,201.285
9.85,181.135,190.573,194.5
9.86,181.833,199.629,205.229
9.87,181.838,194.985,200.829
9.88,179.699,193.698,198.997
9.89,180.235,196.756,200.071
9.9,180.377,196.926,201.29
9.91,179.011,192.65,198.471
9.92,180.354,197.799,203.455
9.93,180.359,194.994,200.852
9.94,180.07,197.16,201.913
9.95,178.655,195.485,200.586
9.96,177.553,195.886,200.321
9.97,179.449,199.103,204.064
9.98,179.082,190.236,196.194
9.99,179.067,198.247,205.146
10,179.595,196.506,200.65
10.01,177.455,194.009,197.401
10.02,179.975,206.293,207.205
10.03,178.349,189.602,192.244
10.04,180.239,201.354,205.615
10.05,181.794,193.849,198.435
10.06,180.491,190.599,196.467
10.07,179.197,197.619,204.426
10.08,178.285,187.368,192.8
10.09,180.31,198.674,203.054
10.1,179.037,193.81,198.389
10.11,178.829,194.321,198.822
10.12,179.609,196.559,202.913
10.13,179.678,189.583,196.228
10.14,179.067,193.902,200.95
10.15,177.857,194.641,201.557
10.16,178.194,190.333,196.836
10.17,178.331,195.925,202.254
10.18,179.133,193.56,200.562
10.19,179.678,193.99,200.489
10.2,179.81,195.192,201.535
10.21,179.659,194.631,198.631
10.22,180.908,201.918,205.731
10.23,181.451,194.514,198.074
10.24,181.554,196.888,199.005
10.25,180.347,199.944,203.107
10.26,181.069,192.348,196.3
10.27,180.315,200.904,205.356
10.28,178.966,197.017,201.462
10.29,178.949,193.874,197.786
10.3,178.73,196.837,201.075
10.31,179.743,189.805,195.039
10.32,180.371,198.297,204.05
10.33,181.057,196.001,201.111
10.34,178.918,193.219,197.792
10.35,179.055,196.501,202.082
10.36,179.147,193.054,197.423
10.37,177.648,193.546,199.251
10.38,180.38,196.883,201.365
10.39,180.383,193.858,198.507
10.4,181.794,197.631,202.131
10.41,181.651,197.204,200.433
10.42,180.325,197.027,198.959
10.43,179.557,197.334,198.766
10.44,180.403,196.797,200.061
10.45,180.327,198.924,203.409
10.46,180.217,198.349,202.943
10.47,179.798,193.399,199.81
10.48,181.104,198.24,203.242
10.49,180.38,195.498,200.012
10.5,179.691,195.36,200.404
10.51,178.918,196.43,200.93
10.52,176.915,194.27,199.308
10.53,180.297,200.412,203.525
10.54,179.014,194.192,197.348
10.55,178.966,193.772,198.29
10.56,181.788,194.041,198.433
10.57,181.684,197.401,201.903
10.58,181.069,198.238,202.075
10.59,180.298,194.002,197.305
10.6,179.676,196.895,199.415
10.61,180.993,197.283,199.905
10.62,180.993,198.268,200.878
10.63,180.973,199.036,202.943
10.64,179.109,191.341,197.205
10.65,180.28,196.117,201.922
10.66,177.748,194.368,201.262
10.67,179.06,197.185,202.833
10.68,179.114,193.758,200.77
10.69,178.425,193.747,200.061
10.7,180.237,198.203,202.784
10.71,179.058,193.287,199.048
10.72,179.165,194.27,201.309
10.73,181.157,194.863,201.325
10.74,180.38,195.497,200.01
10.75,180.298,197.635,200.878
10.76,179.605,197.448,201.226
10.77,179.067,194.191,198.701
10.78,181.713,199.387,202.627
10.79,180.38,193.241,197.806
10.8,181.021,199.966,203.813
10.81,179.705,197.609,201.472
10.82,179.744,193.315,198.547
10.83,180.472,196.086,201.811
10.84,182.474,196.913,202.129
10.85,180.378,194.798,201.778
10.86,179.014,197.514,201.905
10.87,178.873,197.469,202.076
10.88,178.425,193.263,199.592
10.89,179.745,196.637,201.783
10.9,180.374,198.387,204.045
10.91,179.788,192.023,197.157
10.92,182.437,199.826,203.793
10.93,181.75,192.779,197.35
10.94,181.643,198.25,200.272
10.95,182.359,203.086,205.696
10.96,181.117,195.194,199.047
10.97,182.523,201.667,204.383
10.98,182.472,197.114,202.428
10.99,181.322,192.019,199.764
11,181.676,200.692,206.418
11.01,176.97,192.082,198.436
11.02,177.763,198.634,205.471
11.03,180.48,194.664,201.74
11.04,179.857,190.503,198.294
11.05,180.589,195.194,202.256
11.06,181.836,192.911,200.053
11.07,182.755,194.3,200.779
11.08,183.247,196.367,202.117
11.09,182.52,191.559,196.846
11.1,181.794,196.736,201.256
11.11,181.851,194.024,198.659
11.12,183.146,195.099,201.079
11.13,183.195,195.139,200.971
11.14,183.737,198.753,202.785
11.15,182.464,192.961,198.185
11.16,181.707,194.672,197.994
11.17,181.163,200.003,205.108
11.18,181.928,195.361,201.021
11.19,181.746,197.741,202.282
11.2,179.648,196.943,203.286
11.21,180.479,192.053,198.073
11.22,183.213,198.817,205.94
11.23,179.801,190.545,198.293
11.24,179.741,201.065,206.015
11.25,178.966,197.71,202.139
11.26,178.933,193.9,197.135
11.27,180.206,201.48,205.709
11.28,179.694,193.231,198.42
11.29,180.868,196.386,200.44
11.3,179.697,196.322,201.519
11.31,179.791,192.512,198.957
11.32,181.061,196.279,201.47
11.33,178.331,199.477,205.697
11.34,177.84,193.047,199.905
11.35,179.79,194.905,200.052
11.36,181.844,194.436,199.054
11.37,183.155,193.628,199.554
11.38,181.057,196.057,201.167
11.39,181.155,196.153,201.264
11.4,181.838,193.954,199.828
11.41,180.526,193.498,200.574
11.42,181.788,194.058,199.883
11.43,180.237,196.8,201.324
11.44,178.969,200.661,205.11
11.45,180.432,194.452,200.443
11.46,181.381,192.753,201.754
11.47,181.473,193.372,202.263
11.48,181.744,198.292,202.733
11.49,178.824,199.152,203.676
11.5,177.75,194.953,201.913
11.51,180.48,193.857,200.962
11.52,179.974,191.463,200.539
11.53,181.33,194.525,203.403
11.54,181.154,193.025,199.456
11.55,181.108,204.216,209.171
11.56,179.226,195.079,199.333
11.57,177.149,192.225,197.106
11.58,177.714,195.833,200.125
11.59,179.282,192.636,199.536
11.6,178.472,194.932,202.47
11.61,180.474,198.101,204.936
11.62,179.75,190.106,196.798
11.63,181.069,204.789,208.505
11.64,178.895,197.797,202.161
11.65,180.863,196.052,199.989
11.66,179.145,192.623,198.325
11.67,181.108,194.92,200.104
11.68,181.223,192.876,199.342
11.69,180.416,196.75,203.81
11.7,181.026,194.86,201.44
11.71,181.017,192.994,199.511
11.72,181.108,194.001,199.209
11.73,179.726,192.315,196.302
11.74,178.344,197.45,202.311
11.75,181.628,197.732,203.428
11.76,179.799,189.686,197.431
11.77,182.425,197.597,205.334
11.78,183.239,187.47,194.984
11.79,181.044,192.572,198.009
11.8,179.105,195.353,199.838
11.81,177.62,193.959,198.376
11.82,176.913,196.005,202.16
11.83,181.558,194.949,200.785
11.84,183.111,195.117,200.997
11.85,181.838,193.923,199.798
11.86,179.904,190.58,195.908
11.87,177.557,195.239,199.812
11.88,176.734,200.267,202.927
11.89,175.981,197.708,200.83
11.9,177.38,200.172,203.28
11.91,180.93,193.422,197.349
11.92,181.176,191.08,196.303
11.93,181.726,197.901,202.456
11.94,180.467,196.741,198.805
11.95,178.284,197.564,200.162
11.96,178.128,195.572,196.918
11.97,179.556,194.489,197.019
11.98,180.42,193.968,199.672
11.99,180.48,192.827,199.968
12,179.805,197.541,205.11
12.01,179.706,194.843,200.326
12.02,176.939,191.867,197.074
12.03,178.895,197.644,202.012
12.04,179.655,193.554,197.451
12.05,178.31,201.25,204.913
12.06,178.241,196.772,200.577
12.07,179.623,194.528,199.618
12.08,181.108,198.42,203.516
12.09,181.14,196.479,200.414
12.1,181.858,201.909,206.133
12.11,180.517,194.659,199.194
12.12,181.137,200.597,204.329
12.13,179.072,199.34,202.49
12.14,178.981,196.95,198.931
12.15,178.375,196.574,200.137
12.16,180.217,192.152,198.091
12.17,180.614,193.711,200.7
12.18,178.534,201.129,207.247
12.19,177.624,197.331,201.796
12.2,178.31,196.758,200.503
12.21,179.601,193.577,199.901
12.22,182.491,191.532,199.445
12.23,182.498,194.326,202.254
12.24,179.823,195.153,201.745
12.25,178.245,197.501,201.417
12.26,178.31,197.463,201.195
12.27,179.652,192.606,196.394
12.28,181.103,198.405,203.376
12.29,183.188,195.256,201.079
12.3,182.023,192.562,199.65
12.31,180.686,194.026,202.395
12.32,180.977,191.972,197.487
12.33,181.001,201.803,205.634
12.34,179.795,194.063,197.954
12.35,179.156,195.793,201.098
12.36,179.247,191.074,198.06
12.37,180.797,191.641,198.537
12.38,181.844,199.298,205.166
12.39,180.357,192.766,198.691
12.4,179.694,196.937,202.03
12.41,177.142,191.737,196.766
12.42,176.935,191.928,197.009
12.43,178.871,193.124,198.927
12.44,179.604,195.314,201.707
12.45,181.753,195.239,202.344
12.46,181.163,192.605,199.267
12.47,178.538,193.392,199.746
12.48,176.296,192.327,198.071
12.49,178.241,193.84,197.702
12.5,177.02,195.729,199.47
12.51,175.577,193.983,198.922
12.52,177.531,193.357,199.054
12.53,179.124,193.757,200.64
12.54,181.05,190.949,196.415
12.55,181.635,197.877,201.212
12.56,179.752,196.969,198.382
12.57,177.416,196.428,197.129
12.58,176.867,199.832,202.259
12.59,177.519,196.66,199.825
12.6,178.276,195.824,200.782
12.61,181.655,197.661,202.157
12.62,181.072,190.993,195.102
12.63,180.35,198.523,201.834
12.64,178.268,197.507,198.969
12.65,176.853,201.322,202.622
12.66,176.151,200.137,201.935
12.67,177.516,197.23,200.263
12.68,179.622,196.311,201.356
12.69,179.814,193.574,199.965
12.7,179.683,197.484,203.868
12.71,179.016,196.34,202.17
12.72,180.004,198.848,200.051
12.73,179.605,200.621,200.947
12.74,179.605,200.185,200.185
12.75,180.323,199.249,201.042
12.76,180.344,199.817,202.868
12.77,178.406,193.891,198.91
12.78,179.631,197.673,202.804
12.79,181.688,197.413,202.013
12.8,182.327,197.885,200.592
12.81,182.311,200.762,202.159
12.82,181.09,197.377,198.73
12.83,179.563,197.439,200.054
12.84,180.597,202.636,204.275
12.85,180.358,201.411,203.272
12.86,178.729,194.235,198.528
12.87,182.574,190.695,197.432
12.88,184.084,195.578,203.271
12.89,182.48,193.723,197.574
12.9,181.024,202.253,203.426
12.91,181.689,200.62,198.735
12.92,181.066,200.241,200.199
12.93,181.776,197.154,198.023
12.94,183.984,192.7,198.069
12.95,184.719,192.453,199.773
12.96,183.84,197.269,203.705
12.97,181.148,195.569,200.524
12.98,180.36,200.418,200.926
12.99,179.658,198.767,197.528
13,178.852,199.345,200.021
13.01,178.384,196.561,200.415
13.02,180.424,195.998,201.768
13.03,182.017,192.698,199.846
13.04,184.346,196.827,202.996
13.05,181.067,189.074,193.004
13.06,180.83,202.17,202.17
13.07,177.438,197.288,196.693
13.08,176.899,196.284,196.321
13.09,180.11,201.855,203.551
13.1,181.135,194.925,198.634
13.11,181.133,196.162,200.096
13.12,179.793,194.745,198.494
13.13,179.627,195.85,198.427
13.14,179.465,197.007,197.479
13.15,178.567,198.734,198.734
13.16,177.399,203.2,202.657
13.17,177.445,195.206,198.204
13.18,179.483,194.771,199.851
13.19,180.406,193.349,200.406
13.2,180.345,192.758,200.023
13.21,179.005,199.474,202.801
13.22,176.212,194.771,195.537
13.23,177.345,197.688,197.178
13.24,178.909,197.326,199.112
13.25,180.9,198.218,200.783
13.26,179.793,196.987,200.695
13.27,178.966,192.593,197.138
13.28,179.586,193.247,197.214
13.29,180.932,196.44,200.436
13.3,180.863,196.531,200.586
13.31,181.069,198.89,202.714
13.32,179.699,199.746,202.337
13.33,178.981,198.181,200.15
13.34,176.966,199.425,203.031
13.35,176.935,191.766,196.851
13.36,176.974,193.103,200.596
13.37,179.595,195.408,203.111
13.38,180.225,192.338,198.529
13.39,182.415,200.235,204.125
13.4,181.74,196.553,198.623
13.41,182.437,200.241,199.187
13.42,181.663,200.468,199.767
13.43,181.084,199.61,199.552
13.44,180.437,193.471,197.734
13.45,183.268,194.633,199.056
13.46,183.369,195.9,199.121
13.47,183.918,195.508,196.894
13.48,181.934,193.907,195.826
13.49,181.728,200.511,201.151
13.5,178.197,197.701,198.972
13.51,179.434,202.768,204.067
13.52,178.215,191.987,197.003
13.53,180.498,187.963,197.762
13.54,184.923,189.374,202.035
13.55,181.468,185.699,194.028
13.56,181.104,201.058,203.748
13.57,176.249,192.255,191.66
13.58,178.198,203.35,202.002
13.59,180.906,195.901,194.591
13.6,182.393,195.643,198.098
13.61,183.838,192.264,196.334
13.62,184.568,197.276,199.361
13.63,181.81,198.536,200.533
13.64,178.97,194.05,193.595
13.65,178.482,200.793,199.279
13.66,178.409,196.673,195.321
13.67,179.042,197.59,196.819
13.68,177.618,199.425,203.598
13.69,179.586,196.798,200.695
13.7,177.593,192.082,197.749
13.71,180.931,197.521,201.496
13.72,179.605,191.497,191.763
13.73,176.142,204.827,205.615
13.74,174.727,196.241,195.673
13.75,175.367,200.766,201.875
13.76,178.305,199.868,203.305
13.77,180.208,189.956,193.413
13.78,180.449,201.144,205.473
13.79,178.435,191.519,195.603
13.8,178.563,196.702,200.223
13.81,178.731,203.842,204.758
13.82,177.485,196.45,195.94
13.83,179.399,199.303,200.509
13.84,180.515,192.969,197.284
13.85,181.28,189.322,197.076
13.86,181.843,196.562,202.489
13.87,179.662,195.108,199.23
13.88,177.588,198.958,202.026
13.89,177.658,195.428,198.488
13.9,180.308,194.232,198.708
13.91,182.424,198.573,204.836
13.92,180.548,193.335,200.396
13.93,180.633,195.036,200.777
13.94,180.279,199.934,203.287
13.95,180.101,200.734,201.559
13.96,180.252,198.977,200.826
13.97,181.066,195.397,199.16
13.98,181.069,196.103,199.981
13.99,181.764,200.937,204.235
14,181.041,198.127,200.695
14.01,180.347,198.81,201.991
14.02,179.053,195.784,197.715
14.03,178.238,198.564,202.211
14.04,179.698,191.737,194.304
14.05,178.493,195.032,200.076
14.06,178.04,196.949,202.985
14.07,178.869,189.99,194.886
14.08,178.49,201.724,206.606
14.09,178.933,193.848,197.084
14.1,179.573,196.928,199.54
14.11,178.964,195.898,197.777
14.12,178.76,198.409,200.447
14.13,179.618,196.725,198.65
14.14,182.678,199.469,201.838
14.15,181.099,197.487,200.01
14.16,180.345,193.966,197.119
14.17,180.21,194.442,196.399
14.18,179.667,202.653,203.75
14.19,180.323,201.09,199.284
14.2,179.792,198.321,198.265
14.21,181.025,198.654,199.938
14.22,181.704,194.829,198.152
14.23,181.066,193.014,196.846
14.24,178.29,194.189,198
14.25,178.305,195.586,198.228
14.26,176.888,197.457,199.895
14.27,180.045,198.485,199.206
14.28,180.984,196.299,198.942
14.29,181.874,196.19,199.335
14.3,182.324,198.086,199.383
14.31,179.569,197.781,200.281
14.32,180.257,195.277,195.981
14.33,180.967,199.497,200.828
14.34,180.267,195.595,197.593
14.35,180.383,197.497,199.477
14.36,181.739,198.073,200.01
14.37,178.99,194.607,197.779
14.38,180.461,199.226,202.299
14.39,181.099,197.801,200.321
14.4,178.212,199.202,201.614
14.41,176.14,197.796,199.625
14.42,178.841,198.863,198.382
14.43,179.553,198.609,199.935
14.44,180.968,196.625,198.081
14.45,181.012,198.689,202.568
14.46,181.759,196.136,199.281
14.47,180.314,200.829,201.463
14.48,178.899,198.662,199.298
14.49,181.019,198.54,198.644
14.5,181.556,197.856,198.662
14.51,178.935,196.121,199.404
14.52,178.374,195.102,200.204
14.53,181.041,194.668,197.28
14.54,180.903,203.157,205.619
14.55,178.338,194.676,195.925
14.56,180.979,197.881,199.212
14.57,180.371,194.471,196.47
14.58,181.089,199.905,202.493
14.59,179.617,198.975,204.085
14.6,179.452,192.789,197.087
14.61,182.96,203.707,206.857
14.62,178.917,193.052,197.541
14.63,178.349,197.163,199.582
14.64,180.359,201.048,201.64
14.65,179.611,196.817,198.103
14.66,179.675,199.328,201.903
14.67,180.996,196.473,199.103
14.68,181.579,195.623,198.961
14.69,181.669,198.113,201.328
14.7,180.376,193.181,196.427
14.71,181.082,200.956,202.174
14.72,181.025,198.174,199.461
14.73,179.627,197.52,200.075
14.74,179.786,195.988,199.721
14.75,181.739,195.931,197.889
14.76,178.933,193.948,197.182
14.77,179.565,195.757,197.091
14.78,179.565,199.822,201.212
14.79,179.021,195.312,198.359
14.8,182.44,201.18,202.542
14.81,182.455,195.631,198.251
14.82,183.096,199.361,199.968
14.83,180.927,201.139,201.222
14.84,178.863,196.392,198.272
14.85,178.9,195.651,196.465
14.86,181.599,202.795,204.727
14.87,180.979,194.312,195.582
14.88,181.026,198.132,199.503
14.89,181.805,194.306,197.457
14.9,181.692,193.201,195.142
14.91,178.909,206.51,208.258
14.92,178.334,193.095,194.354
14.93,180.369,199.531,201.316
14.94,181.689,198.135,198.89
14.95,179.253,194.324,197.46
14.96,182.13,198.457,200.938
14.97,181.07,193.648,194.923
14.98,180.325,196.098,198.039
14.99,181.025,197.158,198.453
15,180.927,199.34,199.34
15.01,178.993,199.07,199.705
15.02,181.116,199.595,200.791
15.03,180.973,196.031,196.158
15.04,181.636,202.231,202.948
15.05,180.892,197.759,199.169
15.06,180.28,199.036,200.989
15.07,178.348,193.403,195.869
15.08,180.314,199.092,199.731
15.09,178.197,197.428,198.783
15.1,179.627,198.724,201.264
15.11,179.835,199.288,202.917
15.12,180.436,198.427,201.534
15.13,181.085,195.315,197.794
15.14,181.682,198.915,199.518
15.15,179.55,199.263,199.313
15.16,179.656,194.461,195.722
15.17,182.434,200.281,200.365
15.18,181.649,194.84,196.891
15.19,181.647,197.989,200.01
15.2,182.352,197.872,199.251
15.21,180.996,195.091,197.74
15.22,182.455,199.662,202.229
15.23,182.4,196.605,197.949
15.24,181.133,199.612,200.988
15.25,180.325,198.204,200.125
15.26,178.9,197.218,198.054
15.27,180.951,198.588,201.148
15.28,180.371,192.486,194.506
15.29,181.087,204.175,206.628
15.3,181.737,198.622,200.438
15.31,182.324,198.426,197.228
15.32,180.313,202.801,202.271
15.33,181.025,197.95,199.239
15.34,181.626,198.553,200.587
15.35,178.391,194.29,199.312
15.36,179.076,192.911,197.348
15.37,180.289,198.097,201.238
15.38,179.569,195.38,197.91
15.39,180.362,198.939,199.535
15.4,180.472,199.705,199.705
15.41,179.608,200.891,201.845
15.42,179.605,197.242,197.242
15.43,180.842,198.189,199.476
15.44,182.332,199.289,201.86
15.45,182.455,197.505,200.101
15.46,180.436,197.373,198.129
15.47,180.436,200.864,200.117
15.48,180.374,198.392,198.979
15.49,180.964,197.809,199.044
15.5,182.3,200.049,202.472
15.51,180.928,194.202,198.245
15.52,178.847,193.064,198.061
15.53,181.596,196.646,198.727
15.54,181.583,199.646,200.419
15.55,179.605,198.231,198.231
15.56,180.313,196.922,197.436
15.57,181.11,194.051,196.474
15.58,183.51,198.983,201.771
15.59,181.978,197.565,200.729
15.6,181.654,195.615,196.478
15.61,183.142,200.188,200.834
15.62,182.927,191.792,192.671
15.63,182.453,200.748,203.173
15.64,181.904,194.739,197.879
15.65,180.553,195.692,197.709
15.66,179.611,202.31,203.561
15.67,179.54,194.768,196.133
15.68,180.894,197.573,200.014
15.69,180.967,195.898,198.427
15.7,180.47,197.499,199.428
15.71,179.745,201.843,201.843
15.72,179.681,199.422,200.499
15.73,179.627,193.039,195.653
15.74,179.76,195.582,200.518
15.75,179.694,193.369,198.553
15.76,179.041,192.518,197.131
15.77,180.314,203.661,204.412
15.78,178.409,198.494,198.429
15.79,178.899,198.073,197.434
15.8,180.947,198.109,198.043
15.81,181.033,195.392,197.476
15.82,179.627,196.124,198.697
15.83,179.672,197.611,200.125
15.84,179.7,196.133,197.424
15.85,180.279,199.56,201.508
15.86,181.07,197.356,198.69
15.87,183.015,203.526,205.384
15.88,180.235,199.87,201.855
15.89,178.977,194.559,197.743
15.9,180.233,195.151,198.494
15.91,178.287,194.849,198.65
15.92,178.966,195.337,199.819
15.93,180.391,194.009,197.227
15.94,180.279,199.456,201.324
15.95,179.746,195.654,196.908
15.96,180.325,198.008,199.931
15.97,181.026,197.413,198.788
15.98,180.998,199.329,202.001
15.99,182.5,194.449,197.044
16,181.738,196.633,198.501
16.01,180.973,198.724,198.766
16.02,179.661,195.844,197.182
16.03,180.347,200.734,203.885
16.04,180.281,196.632,198.689
16.05,181.157,198.278,202.035
16.06,182.349,195.693,197.175
16.07,180.378,196.528,200.936
16.08,181.131,195.711,198.228
16.09,180.936,199.572,200.85
16.1,177.651,198.527,201.547
16.11,178.956,196.026,197.993
16.12,181.132,198.047,200.617
16.13,183.199,195.014,197.038
16.14,183.735,199.303,201.934
16.15,181.04,197.23,199.727
16.16,181.653,197.999,198.647
16.17,180.91,199.383,199.482
16.18,181.618,198.907,198.361
16.19,182.546,197.745,198.745
16.2,180.256,197.954,201.067
16.21,179.716,199.36,201.893
16.22,181.694,197.836,199.816
16.23,181.739,197.113,199.059
16.24,182.394,199.538,200.868
16.25,180.28,195.092,197.084
16.26,179.02,195.086,198.223
16.27,182.35,203.011,204.277
16.28,181.069,196.679,197.936
16.29,181.638,203.745,203.194
16.3,182.434,199.906,199.906
16.31,181.739,196.591,198.542
16.32,181.119,198.942,202.72
16.33,181.087,191.018,193.722
16.34,180.977,198.346,202.098
16.35,180.314,199.563,200.201
16.36,180.314,197.55,198.194
16.37,181.778,202.237,202.916
16.38,183.854,197.043,198.44
16.39,183.853,194.462,198.472
16.4,182.392,195.661,199.575
16.41,181.067,196.361,200.152
16.42,180.93,199.385,199.304
16.43,180.325,202.331,200.431
16.44,181.068,197.848,196.672
16.45,182.53,197.952,199.334
16.46,182.572,197.522,201.405
16.47,183.778,198.724,201.322
16.48,181.111,200.031,203.716
16.49,180.324,197.425,199.273
16.5,178.859,197.696,199.653
16.51,180.314,199.551,200.189
16.52,179.658,198.824,200.14
16.53,181.74,199.476,201.479
16.54,182.526,195.841,199.715
16.55,183.175,197.644,200.893
16.56,181.04,198.031,200.531
16.57,180.423,197.601,198.345
16.58,180.91,200.032,200.131
16.59,181.025,198.697,199.981
16.6,181.827,199.642,200.374
16.61,182.526,196.56,200.419
16.62,182.565,192.437,197.687
16.63,182.475,198.247,203.345
16.64,179.699,191.689,195.584
16.65,181.04,198.969,201.445
16.66,179.567,197.49,198.812
16.67,179.726,198.239,199.551
16.68,182.007,198.842,201.014
16.69,183.208,196.372,200.935
16.7,183.208,194.552,199.157
16.71,181.851,192.285,195.682
16.72,181.026,197.177,198.59
16.73,179.677,199.11,200.322
16.74,179.611,197.273,198.557
16.75,180.37,198.059,200.021
16.76,182.412,199.476,202.085
16.77,183.109,195.964,197.977
16.78,181.715,197.816,200.997
16.79,179.673,194.018,196.66
16.8,179.538,198.11,200.656
16.81,179.671,199.065,201.561
16.82,180.369,199.596,201.464
16.83,180.358,193.226,193.926
16.84,181,200.061,202.722
16.85,180.38,194.472,199.008
16.86,179.056,191.236,195.813
16.87,179.648,199.734,204.717
16.88,179.697,191.203,195.027
16.89,179.611,199.752,201.02
16.9,178.345,196.717,199.145
16.91,181.026,198.274,199.642
16.92,181.031,197.367,201.254
16.93,181.573,193.097,197.695
16.94,181.215,196.434,201.483
16.95,179.874,196.088,199.941
16.96,178.3,197.065,199.529
16.97,179.655,198.196,199.434
16.98,179.611,196.001,197.374
16.99,180.437,197.461,200.665
17,181.115,193.917,197.879
17.01,181.063,198.448,203.503
17.02,180.954,196.721,199.305
17.03,180.236,198.841,200.754
17.04,179.61,197.378,198.58
17.05,179.655,197.861,199.101
17.06,179.716,199.794,202.322
17.07,180.392,195.208,198.488
17.08,181.065,200.663,205.74
17.09,179.054,193.34,199.103
17.1,179.074,198.878,203.187
17.11,178.931,196.154,199.268
17.12,180.26,198.259,198.949
17.13,180.936,202.39,203.729
17.14,179.054,193.973,198.488
17.15,182.483,197.722,201.598
17.16,181.718,199.33,202.566
17.17,181.083,193.313,195.822
17.18,180.98,200.143,201.377
17.19,180.981,197.315,198.648
17.2,181.782,196.63,198.541
17.21,181.761,201.941,205.098
17.22,181.848,194.595,197.789
17.23,182.412,197.936,200.566
17.24,181.621,195.811,200.428
17.25,180.335,190.314,194.906
17.26,181.024,202.007,205.734
17.27,180.338,197.533,202.039
17.28,180.466,193.544,198.023
17.29,181.16,198.237,202.076
17.3,180.38,194.52,199.056
17.31,181.069,194.057,197.975
17.32,181.065,201.104,204.732
17.33,180.98,195.125,196.474
17.34,181.696,199.573,201.534
17.35,180.39,193.764,196.987
17.36,181.739,197.403,199.346
17.37,181.761,197.243,200.474
17.38,181.761,195.804,199.058
17.39,180.391,194.772,197.978
17.4,179.655,195.197,199.062
17.41,178.971,193.487,196.763
17.42,179.631,200.05,202.77
17.43,178.236,196.046,199.67
17.44,180.714,196.109,198.798
17.45,179.655,198.254,202.061
17.46,177.64,194.408,198.878
17.47,178.978,194.76,198.022
17.48,179.655,197.62,201.439
17.49,178.922,196.263,200.685
17.5,179.627,197.473,200.029
17.51,178.977,198.585,201.707
17.52,179.655,194.079,195.424
17.53,178.846,199.639,202.86
17.54,179.04,195.673,198.881
17.55,180.238,195.148,197.178
17.56,178.966,197.535,201.968
17.57,179.652,191.775,197.04
17.58,181.041,198.493,201.056
17.59,179.585,200.545,203.025
17.6,178.912,196.082,198.087
17.61,179.715,196.74,199.307
17.62,181.806,198.009,201.269
17.63,181.751,193.112,197.755
17.64,179.103,192.107,199.109
17.65,179.607,197.787,202.856
17.66,178.199,195.445,199.314
17.67,178.241,196.994,200.795
17.68,180.306,195.994,199.339
17.69,180.122,197.87,202.56
17.7,179.74,192.694,199.068
17.71,179.273,194.007,200.868
17.72,179.087,191.802,197.717
17.73,180.309,196.794,201.342
17.74,178.966,194.407,198.91
17.75,177.595,199.737,202.921
17.76,177.549,202.947,207.104
17.77,177.447,196.327,199.562
17.78,179.789,202.634,204.984
17.79,179.997,195.557,200.06
17.8,181.913,193.194,197.324
17.81,179.361,194.946,200.553
17.82,178.766,195.582,197.78
17.83,178.213,203.3,205.764
17.84,176.327,197.013,200.086
17.85,178.71,198.806,201.892
17.86,179.119,189.361,197.588
17.87,182.56,189.551,197.615
17.88,183.4,196.746,202.588
17.89,179.857,191.972,195.967
17.9,177.498,196.305,198.346
17.91,178.688,197.262,199.108
17.92,178.933,190.837,194.123
17.93,181.496,199.4,203.854
17.94,181.876,193.355,201.61
17.95,182.114,191.216,202.185
17.96,182.417,191.326,200.284
17.97,181.912,190.658,198.341
17.98,179.409,189.033,192.793
17.99,177.44,202.342,201.76
18,178.191,193.185,193.265
18.01,181.131,201.698,204.301
18.02,182.673,191.475,199.358
18.03,181.835,188.409,194.369
18.04,179.561,199.063,204.06
18.05,175.41,186.922,190.701
18.06,175.362,200.498,200.498
18.07,176.033,203.239,202.659
18.08,178.276,195.597,195.675
18.09,178.977,202.73,205.864
18.1,176.311,188.428,194.169
18.11,176.91,196.135,201.131
18.12,175.501,193.477,199.707
18.13,176.277,189.178,192.364
18.14,179.671,202.046,204.507
18.15,178.866,194.725,196.624
18.16,179.654,202.794,201.499
18.17,179.517,201.417,201.417
18.18,177.583,192.477,194.18
18.19,179.543,195.185,197.927
18.2,178.896,192.999,200.15
18.21,178.415,192.454,198.818
18.22,178.88,199.311,203.703
18.23,177.593,194.108,198.467
18.24,180.365,202.016,201.43
18.25,179.611,200.338,201.602
18.26,178.301,194.847,197.418
18.27,181.677,204.28,207.553
18.28,180.472,195.088,201.991
18.29,179.119,192.592,198.318
18.3,178.966,195.902,200.371
18.31,178.287,193.298,197.038
18.32,179.569,202.35,203.717
18.33,178.891,198.078,201.283
18.34,179.026,199.174,203.623
18.35,181.595,197.79,199.95
18.36,180.327,196.724,202.47
18.37,178.919,193.702,198.263
18.38,177.597,194.054,198.402
18.39,178.339,195.9,199.723
18.4,180.325,195.239,197.189
18.41,180.347,199.685,202.852
18.42,181.713,195.906,199.203
18.43,183.055,199.119,201.059
18.44,180.296,199.289,202.417
18.45,177.605,193.296,196.517
18.46,178.281,194.81,199.917
18.47,179.609,193.322,198.585
18.48,178.287,194.685,201.014
18.49,178.413,191.431,197.83
18.5,179.05,190.408,194.926
18.51,180.216,197.396,200.636
18.52,177.519,193.982,197.19
18.53,177.603,194.481,197.606
18.54,178.911,199.76,201.651
18.55,178.284,193.878,197.701
18.56,179.629,194.013,196.693
18.57,179.53,197.13,201.071
18.58,177.636,187.775,193.579
18.59,177.475,197.187,200.305
18.6,176.781,201.325,202.412
18.61,177.451,201.273,199.511
18.62,177.442,195.082,195.843
18.63,177.555,190.806,195.435
18.64,180.299,192.476,197.213
18.65,178.841,195.427,201.241
18.66,175.451,190.17,195.24
18.67,176.69,202.013,201.938
18.68,175.411,196.703,195.476
18.69,178.277,195.273,195.352
18.7,180.326,195.765,197.788
18.71,180.895,197.462,200.17
18.72,178.199,196.037,199.893
18.73,178.195,198.553,202.21
18.74,176.147,192.075,195.251
18.75,176.884,196.976,199.423
18.76,177.548,195.004,196.972
18.77,177.561,199.984,203.06
18.78,178.891,197.631,200.844
18.79,178.851,196.095,199.447
18.8,178.233,193.245,198.275
18.81,176.798,197.818,200.256
18.82,175.496,196.026,197.173
18.83,176.82,196.694,196.656
18.84,178.9,202.796,203.571
18.85,179.053,194.982,199.474
18.86,180.979,198.882,202.705
18.87,180.154,197.505,199.507
18.88,178.771,196.315,197.074
18.89,177.496,195.436,197.353
18.9,178.215,196.363,198.99
18.91,178.288,195.523,199.31
18.92,179.713,199.2,202.938
18.93,179.655,198.301,202.107
18.94,177.682,190.483,195.004
18.95,180.913,197.123,199.74
18.96,180.22,198.084,201.312
18.97,176.912,192.114,195.903
18.98,179.611,202.825,204.073
18.99,179.611,195.721,197.092
19,182.397,195.816,197.168
19.01,181.635,199.214,202.527
19.02,178.967,191.989,197.79
19.03,178.849,195.453,198.739
19.04,178.157,200.512,204.246
19.05,178.24,193.377,194.636
19.06,179.527,202.279,203.605
19.07,176.911,190.433,194.256
19.08,178.954,193.955,195.941
19.09,179.53,195.954,199.918
19.1,178.236,191.755,196.901
19.11,178.393,197.037,199.902
19.12,175.553,194.206,196.894
19.13,176.61,192.265,195.021
19.14,179.362,195.721,197.83
19.15,179.481,196.181,200.024
19.16,178.241,191.59,195.496
19.17,176.875,198.741,201.308
19.18,176.179,192.116,195.263
19.19,177.496,194.783,196.706
19.2,178.198,198.195,199.598
19.21,176.155,195.517,197.353
19.22,177.345,199.66,201.536
19.23,177.443,193.982,197.122
19.24,178.657,198.563,201.479
19.25,177.264,195.301,198.716
19.26,176.344,194.647,198.032
19.27,176.027,195.398,196.073
19.28,176.083,198.526,200.473
19.29,176.91,197.14,200.836
19.3,178.931,194.12,197.273
19.31,178.129,198.413,200.935
19.32,176.782,195.436,196.711
19.33,178.154,199.53,200.827
19.34,177.496,198.583,200.47
19.35,175.7,193.677,197.227
19.36,176.935,193.881,198.774
19.37,179.004,197.52,200.497
19.38,177.699,194.012,198.358
19.39,178.365,195.953,198.51
19.4,178.14,197.568,200.168
19.41,178.687,199.006,201.102
19.42,178.139,196.013,198.634
19.43,177.519,196.677,199.842
19.44,179.248,195.328,198.255
19.45,179.122,195.703,198.739
19.46,178.394,196.64,199.189
19.47,179.536,196.678,198.034
19.48,180.314,201.076,201.709
19.49,179.536,198.055,199.401
19.5,178.315,195.351,199.117
19.51,178.241,197.874,201.658
19.52,178.216,196.873,199.549
19.53,178.213,196.857,199.401
19.54,177.519,193.538,196.754
19.55,180.103,196.288,198.292
19.56,179.551,193.888,196.42
19.57,178.319,195.616,199.512
19.58,178.139,193.779,196.431
19.59,179.627,199.622,202.151
19.6,178.362,192.014,194.485
19.61,178.933,195.307,198.52
19.62,180.895,195.844,198.574
19.63,177.741,193.872,197.018
19.64,178.273,202.168,203.478
19.65,178.346,193.464,192.155
19.66,178.984,199.091,200.787
19.67,178.213,192.478,195.079
19.68,177.549,193.945,198.287
19.69,178.168,196.411,200.288
19.7,178.153,195.907,198.517
19.71,177.496,199.106,200.988
19.72,176.883,193.656,196.146
19.73,178.827,194.903,196.917
19.74,178.898,198.782,198.449
19.75,178.069,200.084,200.193
19.76,176.922,195.08,197.628
19.77,178.974,195.201,197.303
19.78,178.966,191.872,196.433
19.79,179.688,193.78,196.329
19.8,180.316,197.255,198.356
19.81,178.362,198.307,198.256
19.82,176.128,197.904,198.582
19.83,176.071,200.597,201.217
19.84,177.438,199.078,200.81
19.85,176.968,191.682,194.224
19.86,178.82,195.153,198.366
19.87,179.459,195.8,198.426
19.88,178.326,198.172,200.701
19.89,177.552,200.772,202.589
19.9,177.542,197.404,197.988
19.91,178.196,199.174,200.333
19.92,178.909,195.495,197.323
19.93,178.297,194.558,198.356
19.94,177.553,191.987,196.51
19.95,177.553,195.499,199.942
19.96,176.686,193.264,197.736
19.97,178.211,196.487,198.925
19.98,177.485,196.093,196.731
19.99,178.259,197.503,198.83
20,179.629,198.358,201.013
20.01,180.321,195.268,199.84
20.02,180.38,195.389,199.905
20.03,179.509,194.366,199.465
20.04,177.578,192.959,196.016
20.05,178.137,198.039,198.087
20.06,177.539,196.856,197.541
20.07,179.247,198.616,199.888
20.08,179.627,200.327,202.847
20.09,179.626,197.026,199.489
20.1,178.197,197.57,198.842
20.11,178.248,196.145,196.197
20.12,178.134,198.801,198.852
20.13,179.491,198.739,198.842
20.14,179.611,200.867,202.128
20.15,178.384,198.598,201.071
20.16,179.611,196.207,197.498
20.17,178.829,199.549,201.441
20.18,177.1,194.8,197.08
20.19,176.828,193.037,196.884
20.2,177.906,194.485,199.59
20.21,177.625,192.422,197
20.22,178.241,194.825,198.668
20.23,178.966,196.015,197.891
20.24,179.038,198.98,198.342
20.25,178.334,198.609,199.626
20.26,180.865,197.798,197.798
20.27,180.954,196.543,197.776
20.28,181.022,195.056,198.997
20.29,181.706,190.835,194.224
20.3,181.041,198.894,201.452
20.31,179.584,192.915,195.491
20.32,177.495,194.897,196.74
20.33,176.926,198.591,201.057
20.34,177.562,191.806,195.011
20.35,178.171,199.48,202.029
20.36,176.828,194.511,198.329
20.37,177.45,192.528,194.516
20.38,178.756,197.356,198.125
20.39,177.823,196.665,198.277
20.4,180.314,199.756,199.116
20.41,179.562,200.979,201.017
20.42,180.254,198.154,197.564
20.43,178.853,199.565,200.324
20.44,178.213,193.899,196.481
20.45,178.813,193.89,195.836
20.46,177.962,198.125,199.518
20.47,175.368,195.659,196.85
20.48,175.42,199.871,199.921
20.49,176.965,194.99,196.187
20.5,179.605,199.728,199.728
20.51,179.223,197.853,199.482
20.52,177.932,196.265,197.783
20.53,177.076,194.714,197.269
20.54,179.288,199.378,201.905
20.55,178.416,195.298,198.975
20.56,180.237,200.36,199.928
20.57,178.271,197.193,198.4
20.58,179.382,198.455,197.379
20.59,179.61,197.316,198.46
20.6,179.703,195.159,197.676
20.61,180.959,196.482,197.841
20.62,178.289,199.197,201.777
20.63,178.121,194.338,195.699
20.64,179.535,202.995,204.309
20.65,179.004,196.381,199.374
20.66,179.552,197.944,200.561
20.67,179.078,198.092,201.131
20.68,178.213,191.861,194.47
20.69,181.518,199.243,202.438
20.7,179.775,189.783,193.645
20.71,180.961,198.573,199.916
20.72,179.8,199.658,199.6
20.73,177.691,200.656,198.827
20.74,179.671,202.931,201.517
20.75,181.093,195.371,196.486
20.76,181.622,192.255,195.566
20.77,182.316,192.472,195.264
20.78,179.84,196.63,199.263
20.79,176.854,193.925,195.274
20.8,177.618,201.78,201.156
20.81,178.265,196.998,198.086
20.82,178.909,200.746,202.503
20.83,180.214,197.962,202.272
20.84,179.125,192.722,196.151
20.85,179.117,197.834,200.841
20.86,179.522,191.326,191.562
20.87,179.545,202.496,201.296
20.88,179.557,199.596,197.099
20.89,180.997,199.085,195.256
20.9,181.026,203.804,202.418
20.91,180.314,195.705,196.356
20.92,181.616,199.13,202.201
20.93,179.836,190.743,196.001
20.94,179.479,193.948,196.827
20.95,176.236,195.616,197.653
20.96,176.081,195.064,193.278
20.97,176.632,200.278,198.892
20.98,179.529,201.494,201.426
20.99,179.625,196.178,198.612
21,180.991,200.617,204.34
21.01,178.469,190.858,194.714
21.02,180.4,197.17,199.032
21.03,178.42,196.817,196.886
21.04,176.853,198.414,198.346
21.05,178.118,199.802,200.857
21.06,180.248,196.747,198.612
21.07,179.703,193.711,196.247
21.08,179.778,197.019,199.445
21.09,177.85,190.706,194.987
21.1,178.141,196.996,199.741
21.11,176.871,199.997,202.544
21.12,176.712,198.124,199.444
21.13,178.197,197.298,198.571
21.14,179.687,194.855,196.084
21.15,181.025,197.908,199.198
21.16,180.899,199.43,200.822
21.17,178.12,199.471,199.66
21.18,178.268,199.599,198.268
21.19,179.553,195.397,197.786
21.2,180.955,194.273,195.65
21.21,180.971,200.851,203.321
21.22,177.553,193.119,197.616
21.23,176.784,197.962,199.348
21.24,176.152,201.402,203.187
21.25,177.485,193.112,193.761
21.26,178.909,197.48,199.267
21.27,179.002,198.324,201.427
21.28,177.011,193.106,195.616
21.29,178.759,206.375,207.109
21.3,178.97,195.502,196.084
21.31,180.253,199.286,201.132
21.32,180.495,197.424,200.353
21.33,181.739,194.938,196.905
21.34,178.498,204.937,204.937
21.35,177.419,198.503,196.667
21.36,179.451,198.073,197.934
21.37,180.809,196.427,198.944
21.38,182.329,194.98,198.906
21.39,181.044,197.116,199.835
21.4,177.719,196.952,197.659
21.41,177.964,200.178,199.123
21.42,181.496,196.691,197.271
21.43,182.226,197.084,199.751
21.44,181.685,195.744,199.069
21.45,180.392,197.237,198.094
21.46,180.313,198.13,197.627
21.47,180.159,197.715,197.07
21.48,181.575,197.882,198.53
21.49,182.453,195.009,197.495
21.5,181.11,193.675,196.237
21.51,179.485,197.368,199.288
21.52,180.221,199.881,200.435
21.53,179.611,193.506,194.814
21.54,180.325,199.768,201.673
21.55,180.325,194.622,196.578
21.56,179.065,197.471,199.385
21.57,178.746,197.003,196.499
21.58,180.314,198.368,197.724
21.59,179.605,197.74,197.74
21.6,179.186,197.091,197.473
21.61,179.605,199.042,199.042
21.62,179.605,200.134,200.134
21.63,179.053,197.824,198.324
21.64,178.899,195.382,196.029
21.65,179.076,196.358,198.132
21.66,179.225,197.563,199.193
21.67,178.385,198.34,198.514
21.68,176.931,197.624,197.486
21.69,178.899,197.223,196.581
21.7,178.273,198.655,199.712
21.71,179.548,196.627,199.123
21.72,180.16,199.994,200.768
21.73,178.135,197.547,200.013
21.74,180.162,195.207,195.999
21.75,178.977,198.12,198.827
21.76,179.528,198.087,198.157
21.77,180.79,197.977,198.048
21.78,179.611,200.022,201.288
21.79,179.452,198.352,198.491
21.8,178.918,197.808,200.201
21.81,178.933,195.892,199.095
21.82,179.964,198.224,200.468
21.83,178.983,199.007,199.567
21.84,178.273,193.867,193.867
21.85,180.355,200.98,201.65
21.86,181.686,197.824,198.51
21.87,179.668,197.607,200.125
21.88,179.571,200.36,201.659
21.89,177.537,191.857,193.846
21.9,180.325,203.341,205.213
21.91,180.243,196.716,198.65
21.92,178.357,199.186,200.377
21.93,181.065,197.344,198.6
21.94,182.515,193.579,193.502
21.95,183.142,200.134,199.412
21.96,180.9,199.331,198.081
21.97,178.858,198.751,198.076
21.98,178.98,198.973,198.409
21.99,181.108,197.895,199.26
22,180.501,191.127,195.706
22.01,182.455,197.35,199.948
22.02,180.903,197.051,198.307
22.03,178.859,198.204,198.805
22.04,178.899,198.842,198.204
22.05,178.284,194.956,194.872
22.06,179.609,196.896,197.971
22.07,180.325,195.381,197.329
22.08,181.761,197.389,200.617
22.09,181.841,194.445,197.649
22.1,182.979,197.766,198.419
22.11,179.57,195.183,193.839
22.12,178.892,203.626,200.532
22.13,178.295,200.242,197.708
22.14,179.022,197.432,196.827
22.15,180.446,198.197,200.155
22.16,181.082,191.381,194
22.17,181.645,198.73,199.451
22.18,179.605,197.979,197.905
22.19,178.238,200.457,199.087
22.2,178.212,200.433,197.976
22.21,179.544,198.944,196.523
22.22,180.355,198.931,199.608
22.23,180.365,195.891,197.798
22.24,179.626,196.745,199.239
22.25,178.253,195.557,198.082
22.26,176.919,192.417,194.89
22.27,178.332,199.43,201.836
22.28,178.98,193.86,194.437
22.29,179.605,199.523,199.523
22.3,178.94,201.159,200.565
22.31,180.314,199.461,200.099
22.32,180.322,196.003,197.735
22.33,180.325,198.977,200.891
22.34,180.429,195.502,196.046
22.35,179.605,197.978,197.905
22.36,180.273,198.679,198.073
22.37,180.364,195.997,196.692
22.38,181.025,200.253,201.527
22.39,181.648,197.16,197.884
22.4,180.284,197.434,199.325
22.41,179.571,195.905,197.234
22.42,179.534,196.515,197.946
22.43,179.013,192.52,195.705
22.44,179.013,196.833,199.949
22.45,180.365,198.285,200.169
22.46,180.314,195.824,196.474
22.47,180.979,198.679,198.716
22.48,180.234,199.41,200.12
22.49,178.99,196.789,198.709
22.5,180.325,198.802,200.717
22.51,179.627,196.113,198.686
