186.807995 146
186.815000 145
186.817991 152
186.825188 150
186.828195 149
186.835398 150
186.838201 151
186.844997 152
186.848025 155
186.855148 157
186.858126 153
186.865140 148
186.868129 156
186.875138 153
186.878128 146
186.885136 147
186.888132 153
186.895149 150
186.897973 150
186.906027 155
186.909032 152
186.916076 152
186.919009 153
186.926081 155
186.929017 151
186.935003 154
186.938007 152
186.945013 147
186.948012 150
186.955015 153
186.958017 154
186.965013 153
186.968007 148
186.975015 151
186.978008 153
186.985013 152
186.988010 150
186.995009 148
186.998012 149
187.005013 152
187.008007 154
187.015008 152
187.018013 148
187.025013 153
187.028008 154
187.035012 152
187.038004 153
187.045009 148
187.048014 151
187.055015 153
187.058011 149
187.065013 144
187.068007 149
187.075016 154
187.078006 148
187.085014 150
187.090014 150
187.093013 148
187.100014 152
187.103005 154
187.109985 153
187.113015 151
187.120014 151
187.123004 154
187.130009 155
187.133015 153
187.140012 154
187.143008 153
187.150015 153
187.154015 150
187.161010 155
187.164013 156
187.171013 155
187.174015 155
187.181014 153
187.183006 153
187.190017 158
187.193014 160
187.200001 152
187.203001 147
187.210080 155
187.213087 158
187.220092 154
187.223082 151
187.230091 151
187.233092 150
187.240031 152
187.246091 158
187.249091 151
187.253113 147
187.260101 151
187.263082 154
187.270092 153
187.273096 151
187.280090 152
187.283081 148
187.290088 152
187.293097 161
187.300096 155
187.303082 146
187.310091 148
187.316092 151
187.319083 152
187.323091 152
187.330093 151
187.333083 149
187.340035 152
187.343082 156
187.350092 158
187.353092 155
187.360092 152
187.363078 151
187.370092 153
187.373095 151
187.380089 149
187.386090 149
187.389090 148
187.393090 150
187.400031 151
187.403374 154
187.410119 155
187.413126 152
187.420058 154
187.423123 156
187.430138 151
187.433142 154
187.440081 155
187.443132 148
187.450136 144
187.453139 149
187.460141 152
187.463131 151
187.470141 150
187.473138 150
187.480082 151
187.483129 155
187.490143 156
187.493140 152
187.501139 147
187.504133 151
187.511147 156
187.514140 153
187.521142 147
187.524132 150
187.530130 150
187.533133 152
187.540034 152
187.543119 151
187.550123 152
187.554138 154
187.564136 155
187.567131 155
187.569141 156
187.580137 155
187.582131 153
187.584139 157
187.587985 156
187.595024 154
187.598001 158
187.605088 156
187.608092 151
187.615093 151
187.618092 159
187.625091 153
187.628026 143
187.635092 145
187.638093 151
187.645039 152
187.648405 153
187.655094 153
187.658093 152
187.665094 156
187.668088 159
187.675098 155
187.678137 148
187.687093 144
187.690092 148
187.695011 154
187.698097 151
187.705093 146
187.708087 152
187.715093 152
187.719091 149
187.723091 153
187.730089 153
187.733093 153
187.740093 149
187.743083 147
187.750086 152
187.753087 155
187.760092 152
187.763085 151
187.770092 151
187.773088 147
187.780090 151
187.783084 155
187.790093 151
187.793092 146
187.800093 152
187.803084 157
187.810093 155
187.813140 149
187.820142 147
187.826143 150
187.828136 149
187.835144 150
187.838142 151
187.845143 148
187.848134 151
187.855138 153
187.859142 156
187.866142 157
187.869140 158
187.876142 155
187.879136 150
187.885140 152
187.888136 150
187.895136 149
187.898134 146
187.905139 147
187.908049 149
187.915138 151
187.918140 154
187.925142 154
187.928137 152
187.935141 152
187.938144 151
187.945140 151
187.948140 150
187.955139 148
187.958137 152
187.965143 150
187.968139 150
187.975137 150
187.978141 152
187.985142 152
187.988136 151
187.995141 153
187.998394 153
188.005130 152
188.015134 149
188.016034 149
188.018123 150
188.025139 152
188.028147 154
188.035143 152
188.038142 152
188.045146 155
188.048137 155
188.055141 150
188.058143 151
188.065145 154
188.068135 151
188.075145 153
188.078142 154
188.085143 151
188.088137 150
188.095362 156
188.097938 158
188.105018 152
188.107995 149
188.115015 152
188.118015 153
188.125019 155
188.128001 154
188.135020 152
188.138019 150
188.145020 152
188.148016 151
188.155055 155
188.158053 155
188.165054 153
188.168047 154
188.175049 153
188.178053 152
188.185018 153
188.188066 155
188.195053 155
188.198045 154
188.205057 154
188.208048 154
188.215049 151
188.221053 146
188.223044 148
188.230056 153
188.234054 156
188.241053 150
188.244048 153
188.251054 159
188.254049 159
188.260054 156
188.263048 153
188.270054 152
188.273039 150
188.280038 152
188.283048 150
188.290055 145
188.293054 147
188.300054 153
188.303044 157
188.310055 151
188.313055 151
188.320053 150
188.323045 155
188.330064 158
188.333054 154
188.340054 152
188.343044 153
188.350054 155
188.352966 152
188.360023 151
188.363015 151
188.370022 156
188.373006 157
188.380069 155
188.383015 151
188.390022 153
188.393021 155
188.400019 152
188.403015 150
188.410023 151
188.413021 155
188.420021 153
188.423014 151
188.430022 152
188.433022 150
188.440022 152
188.443015 154
188.452023 148
188.455015 144
188.460022 147
188.463015 152
188.470023 149
188.473022 147
188.480026 150
188.483007 150
188.490022 149
188.493024 153
188.499986 152
188.503016 153
188.510023 152
188.513022 150
188.520022 152
188.523015 155
188.530085 151
188.533085 147
188.540045 143
188.546096 147
188.548090 154
188.555088 157
188.558112 152
188.565096 154
188.568104 154
188.575095 156
188.578100 158
188.585099 154
188.588090 146
188.595097 146
188.598090 152
188.605156 149
188.608084 153
188.615051 152
188.618054 149
188.625056 149
188.628088 155
188.635144 159
188.638147 153
188.645148 151
188.648151 148
188.655151 145
188.658141 149
188.665139 155
188.668148 153
188.675144 147
188.678148 148
188.685145 158
188.688140 157
188.695149 150
188.698153 149
188.705149 151
188.708139 156
188.715143 159
188.718146 154
188.725148 148
188.728142 154
188.735147 160
188.738145 154
188.745147 148
188.748079 152
188.755157 154
188.758141 153
188.765148 152
188.768141 153
188.775146 154
188.778149 155
188.785146 154
188.788141 155
188.795145 153
188.798123 151
188.805146 155
188.808140 156
188.815152 151
188.818151 146
188.827146 153
188.830147 156
188.842148 149
188.846147 147
188.848151 151
188.849137 153
188.859144 152
188.861141 149
188.863139 152
188.870145 152
188.873147 151
188.880153 155
188.883139 154
188.890148 150
188.893147 153
188.900153 152
188.903137 147
188.910147 144
188.916143 147
188.918141 151
188.925150 150
188.928141 149
188.935150 148
188.938150 150
188.945149 155
188.948145 153
188.955149 151
188.958143 151
188.965156 148
188.970146 144
188.973148 145
188.980154 151
188.983140 149
188.990150 149
188.993148 152
189.000086 152
189.003141 152
189.010142 152
189.013142 151
189.020150 149
189.023141 149
189.032094 149
189.035141 152
189.040154 154
189.043139 154
189.050141 150
189.054149 153
189.061144 154
189.064148 151
189.071149 149
189.074147 145
189.080152 151
189.083138 152
189.090148 147
189.093151 147
189.100042 154
189.103141 159
189.110152 155
189.113150 155
189.120157 153
189.123139 154
189.130142 154
189.133145 150
189.140152 151
189.143141 152
189.150146 151
189.153149 156
189.160089 154
189.163140 150
189.170149 152
189.173146 156
189.180152 156
189.183138 151
189.190146 151
189.196148 153
189.198141 150
189.205804 158
189.208227 155
189.215090 148
189.221094 150
189.223082 153
189.230094 155
189.233096 152
189.240102 150
189.243090 151
189.250095 154
189.253101 155
189.260010 153
189.263092 150
189.270102 148
189.273099 150
189.280107 152
189.283103 151
189.290103 147
189.293104 147
189.300105 151
189.304103 152
189.311102 151
189.314103 149
189.321104 155
189.324098 158
189.330104 158
189.333040 161
189.340105 156
189.343094 156
189.350095 157
189.353099 152
189.360431 157
189.363093 153
189.370101 147
189.373100 147
189.380105 149
189.383033 143
189.390103 145
189.393101 156
189.400106 160
189.406103 152
189.409101 153
189.413101 157
189.420102 163
189.423092 165
189.430102 161
189.433095 149
189.440102 148
189.443092 159
189.450040 157
189.453101 149
189.460138 150
189.463093 151
189.470102 150
189.473102 151
189.480106 155
189.483136 154
189.490102 156
189.493102 168
189.500034 164
189.503093 156
189.510102 156
189.513102 160
189.520102 158
189.523092 154
189.530051 153
189.533103 146
189.540101 144
189.543093 147
189.550101 153
189.553102 149
189.560104 151
189.563098 156
189.570099 152
189.573103 150
189.580109 155
189.583096 156
189.590106 147
189.593105 148
189.600151 151
189.603096 151
189.610107 150
189.613104 157
189.620105 148
189.623095 143
189.630100 155
189.633104 161
189.640103 153
189.643092 152
189.650107 155
189.653103 156
189.660106 157
189.663038 156
189.670103 150
189.673102 149
189.680110 147
189.683095 153
189.690104 160
189.693105 150
189.699983 146
189.703101 148
189.710106 152
189.713105 155
189.720100 158
189.723095 151
189.730105 145
189.733104 148
189.740103 150
189.743096 152
189.750103 156
189.753104 150
189.760103 143
189.763116 145
189.770107 154
189.773104 150
189.780107 146
189.783094 144
189.791102 149
189.794102 150
189.803252 152
189.805043 154
189.810145 148
189.813132 147
189.820097 153
189.823148 151
189.830153 147
189.833150 149
189.840152 144
189.843146 145
189.850156 153
189.853153 153
189.860155 148
189.863155 146
189.870151 151
189.873153 151
189.880160 150
189.883145 147
189.890154 145
189.893152 147
189.900154 145
189.903143 148
189.910153 151
189.913156 149
189.920148 145
189.923136 150
189.930156 160
189.933154 152
189.940160 149
189.943144 153
189.950154 153
189.953152 151
189.960153 152
189.963148 159
189.970147 155
189.973155 150
189.980156 149
189.986150 153
189.988157 158
189.995154 151
189.998156 145
190.005152 144
190.008143 145
190.015147 154
190.018155 164
190.025156 163
190.028146 154
190.035144 150
190.038153 158
190.045154 161
190.048148 152
190.055153 150
190.058156 151
190.065646 152
190.068072 147
190.075152 145
190.078153 148
190.085063 153
190.088145 154
190.095154 154
190.098152 153
190.105157 155
190.108146 159
190.122162 157
190.126152 153
190.127134 149
190.129145 149
190.139157 154
190.141154 156
190.143143 152
190.150153 150
190.153153 157
190.160155 154
190.163149 152
190.170149 149
190.173153 149
190.180158 151
190.183148 152
190.190154 158
190.193155 154
190.200158 144
190.203147 151
190.210148 158
190.216158 153
190.219159 152
190.223156 156
190.230157 148
190.233156 145
190.240157 153
190.243149 153
190.250154 148
190.253149 152
190.260154 158
190.264157 160
190.271149 160
190.274157 160
190.281163 153
190.284149 151
190.290157 157
190.293156 155
190.300052 145
190.303147 146
190.310156 152
190.313153 152
190.320155 155
190.323144 160
190.330153 154
190.333156 154
190.340154 156
190.343149 154
190.350153 151
190.353147 153
190.360158 151
190.363146 156
190.370152 155
190.373155 149
190.380156 149
190.383147 151
190.390156 150
190.393154 150
190.400156 150
190.403972 150
190.410402 152
190.413009 152
190.420018 150
190.423013 152
190.430018 157
190.433017 156
190.440017 150
190.443012 151
190.450018 152
190.453022 154
190.460018 151
190.463013 146
190.470015 147
190.473014 152
190.480020 155
190.483012 151
190.490018 153
190.493018 156
190.500049 157
190.503068 153
190.510066 153
190.513065 150
190.520064 148
190.523058 155
190.530068 155
190.533066 152
190.540067 154
190.543058 158
190.550062 154
190.553052 149
190.560067 154
190.563058 153
190.570064 153
190.573015 152
190.580072 152
190.583058 151
190.590067 148
190.593067 151
190.600066 151
190.603043 151
190.610067 154
190.613067 154
190.620071 151
190.623058 151
190.630059 151
190.633067 152
190.640068 151
190.643058 149
190.650066 151
190.653089 151
190.660066 152
190.663059 154
190.670011 150
190.673060 148
190.680068 148
190.683059 155
190.690066 155
190.693066 147
190.700069 145
190.703058 146
190.710067 147
190.713067 150
190.720044 152
190.723059 147
190.729071 148
190.733066 152
190.740070 153
190.743059 159
190.750067 161
190.753066 153
190.761067 149
190.764066 154
190.771061 153
190.776067 150
190.779063 153
190.786067 147
190.788049 146
190.795067 152
190.801068 157
190.803060 154
190.810068 152
190.813067 158
190.820069 160
190.823059 158
190.830068 158
190.833068 155
190.840065 150
190.843058 157
190.849068 156
190.853068 148
190.860069 152
190.863060 158
190.870068 153
190.873059 145
190.880071 151
190.883061 154
190.890068 150
190.896068 155
190.898058 154
190.905067 151
190.908048 158
190.914066 158
190.918065 152
190.924069 152
190.931068 152
190.934068 150
190.939064 154
190.943069 153
190.950068 146
190.953068 143
190.959071 151
190.963069 153
190.969068 149
190.973061 149
190.980070 153
190.983061 153
190.989068 153
190.993068 157
190.999068 157
191.003154 149
191.009087 147
191.013020 150
191.019010 150
191.023018 146
191.032160 150
191.034148 145
191.038155 143
191.044161 145
191.048160 152
191.055155 150
191.059159 146
191.063158 150
191.069159 150
191.076060 152
191.078149 150
191.086164 148
191.089161 145
191.096159 145
191.099152 153
191.106157 158
191.109160 156
191.114160 147
191.118159 147
191.124150 150
191.128064 155
191.134158 154
191.138094 151
191.144163 147
191.148160 149
191.154155 152
191.158159 156
191.164159 159
191.168163 151
191.174154 148
191.178152 152
191.184166 156
191.188090 156
191.194157 154
191.198158 150
191.204157 151
191.211159 152
191.214161 151
191.218159 149
191.224155 146
191.228159 144
191.234160 151
191.238168 155
191.244158 151
191.248163 147
191.254160 147
191.258162 158
191.264162 159
191.268167 158
191.274031 157
191.278123 154
191.284172 152
191.288140 154
191.294162 156
191.298164 153
191.304161 151
191.308163 159
191.314165 154
191.318163 150
191.324157 148
191.331163 156
191.333161 156
191.339160 149
191.343159 148
191.349160 150
191.353164 151
191.359165 156
191.363158 151
191.369163 148
191.373153 151
191.379157 156
191.383159 156
191.389156 153
191.394160 146
191.404160 146
191.407154 152
191.409159 154
191.421166 152
191.424155 150
191.425151 151
191.429163 153
191.433161 152
191.439169 156
191.443162 153
191.449162 153
191.453161 154
191.460163 152
191.463152 148
191.469161 148
191.473156 154
191.479155 150
191.483158 149
191.489097 157
191.496168 161
191.498157 162
191.504060 154
191.508165 152
191.514165 150
191.518163 154
191.524161 157
191.528164 149
191.534165 147
191.538164 152
191.544165 155
191.548163 156
191.554164 156
191.558162 158
191.565164 153
191.569161 157
191.573157 157
191.579147 156
191.583161 153
191.589171 151
191.593165 151
191.599160 149
191.603164 152
191.609225 151
191.613321 152
191.619052 153
191.623059 150
191.629163 154
191.633162 151
191.639142 150
191.643166 147
191.649162 145
191.653157 150
191.659159 151
191.663164 151
191.669164 150
191.673166 150
191.679160 151
191.683164 154
191.689163 158
191.693162 156
191.701160 150
191.704165 149
191.711166 150
191.714163 152
191.721164 150
191.724158 149
191.729166 149
191.733165 148
191.739165 156
191.743164 152
191.749165 150
191.753164 151
191.759156 152
191.763162 153
191.769162 149
191.773075 148
191.779163 147
191.783158 151
191.789167 155
191.793164 150
191.799164 149
191.803163 148
191.809165 151
191.813168 149
191.820164 148
191.824167 151
191.828166 149
191.834166 150
191.838165 150
191.844166 151
191.848164 155
191.854165 155
191.858161 151
191.864164 154
191.868167 154
191.874159 151
191.878147 153
191.884167 152
191.888166 150
191.894167 152
191.898165 157
191.905166 156
191.909165 151
191.919164 152
191.920157 153
191.924164 151
191.928167 156
191.934169 153
191.938162 150
191.944167 148
191.953166 150
191.956160 154
191.958157 156
191.964166 151
191.968165 151
191.974160 149
191.981157 148
191.984165 150
191.988003 153
191.994169 149
191.998167 146
192.005168 152
192.009158 154
192.013158 151
192.019162 154
192.023157 152
192.029164 150
192.033159 155
192.039168 154
192.043159 149
192.049167 149
192.053165 149
192.059160 148
192.063165 150
192.069166 150
192.074170 151
192.081161 149
192.084169 151
192.091161 152
192.094164 153
192.099163 154
192.103158 157
192.109173 155
192.113167 150
192.119168 148
192.123166 153
192.129160 154
192.133166 153
192.139164 148
192.143157 149
192.149166 153
192.153164 155
192.159164 154
192.163164 153
192.169165 154
192.173167 158
192.179169 157
192.183164 155
192.189168 151
192.193167 150
192.199163 158
192.203163 158
192.209060 153
192.213065 151
192.219038 152
192.223040 152
192.229049 155
192.233045 158
192.239043 150
192.243038 151
192.249043 153
192.253045 154
192.259040 152
192.263042 155
192.269044 157
192.273043 151
192.279052 151
192.283044 156
192.289047 156
192.293044 151
192.299044 147
192.303081 153
192.309077 153
192.313078 151
192.319076 154
192.324077 150
192.331077 150
192.334077 153
192.341076 156
192.344072 157
192.349076 156
192.353081 151
192.359074 151
192.363078 155
192.369077 156
192.373078 154
192.379077 152
192.383073 150
192.389078 149
192.393077 151
192.399077 153
192.403079 152
192.409073 149
192.413077 153
192.419078 156
192.423077 156
192.429077 159
192.433079 153
192.439075 151
192.443073 152
192.449078 155
192.453077 154
192.459073 148
192.463079 151
192.469078 152
192.473078 152
192.479078 153
192.482990 148
192.489051 148
192.493081 152
192.499082 153
192.503078 152
192.509076 150
192.513076 153
192.519069 153
192.523079 150
192.529081 151
192.533076 150
192.539078 151
192.543073 147
192.549079 149
192.553079 152
192.559073 154
192.563078 148
192.569078 147
192.573078 148
192.579078 150
192.583070 155
192.589067 155
192.593066 149
192.599100 148
192.603080 149
192.611074 154
192.614079 155
192.621081 150
192.624073 146
192.631164 151
192.634172 156
192.639167 152
192.643166 146
192.649171 147
192.653171 149
192.659173 153
192.663171 152
192.669172 153
192.674171 152
192.683165 148
192.687168 147
192.689170 150
192.701171 153
192.704157 152
192.705148 150
192.709106 147
192.713168 149
192.719168 150
192.723171 152
192.729170 150
192.733170 147
192.739170 150
192.743164 153
192.749169 152
192.753173 152
192.759143 153
192.763168 152
192.769169 154
192.773170 156
192.779170 154
192.783123 149
192.789174 150
192.793164 154
192.799168 152
192.803166 150
192.809107 149
192.813052 149
192.819161 151
192.823153 153
192.829158 157
192.833168 154
192.839169 152
192.843169 157
192.849170 154
192.853173 152
192.859199 154
192.863172 155
192.869167 152
192.873176 153
192.879163 152
192.883072 146
192.889171 147
192.893163 153
192.899168 151
192.903172 153
192.909172 150
192.913171 148
192.919171 154
192.923170 156
192.929170 154
192.933170 152
192.939169 152
192.943110 152
192.949174 150
192.953173 149
192.959173 151
192.963170 154
192.969171 147
192.974171 149
192.981171 154
192.984168 150
192.991172 151
192.994037 152
192.999121 153
193.003121 153
193.009123 158
193.013114 159
193.019122 152
193.023122 149
193.029121 156
193.033122 153
193.039122 146
193.043116 144
193.049123 146
193.053123 147
193.059122 152
193.063115 152
193.069123 151
193.076123 155
193.078121 163
193.084128 163
193.088124 160
193.094060 154
193.098120 150
193.104125 153
193.108124 153
193.114125 154
193.118124 145
193.124124 148
193.128027 154
193.134125 150
193.138125 147
193.144123 155
193.148125 157
193.154124 158
193.158177 155
193.164170 160
193.168173 158
193.174173 157
193.178167 157
193.184122 153
193.188172 155
193.194168 154
193.198164 156
193.204173 153
193.208173 147
193.214172 151
193.218176 154
193.224172 150
193.228175 147
193.234175 147
193.238175 152
193.246174 153
193.249171 157
193.256172 151
193.259163 148
193.266173 154
193.269175 163
193.274175 153
193.278173 144
193.284121 145
193.288173 146
193.294106 147
193.298163 149
193.307114 149
193.309169 150
193.313176 152
193.319172 156
193.323175 151
193.329175 153
193.333174 156
193.339175 152
193.343173 153
193.349174 151
193.353173 150
193.359173 150
193.363171 150
193.369175 148
193.376167 151
193.378155 154
193.384180 154
193.388172 151
193.394181 152
193.398162 150
193.404176 150
193.408174 153
193.414091 154
193.418165 153
193.424076 148
193.428121 149
193.434169 152
193.438172 150
193.444155 149
193.448171 153
193.454172 153
193.458176 148
193.464172 152
193.468175 152
193.474175 151
193.478177 156
193.484173 154
193.488177 153
193.494173 154
193.498116 154
193.504172 150
193.508175 152
193.517173 155
193.520168 151
193.524174 152
193.528121 155
193.537182 152
193.544173 149
193.545166 156
193.549173 153
193.553171 145
193.562170 149
193.565177 154
193.569177 152
193.573175 146
193.579170 147
193.583174 150
193.589175 148
193.593174 151
193.599158 155
193.603176 152
193.609177 152
193.613174 152
193.619176 153
193.623174 150
193.629169 152
193.633178 151
193.639173 150
193.643177 149
193.649177 148
193.653176 155
193.659177 156
193.663170 151
193.669170 154
193.673174 156
193.682178 157
193.684166 153
193.688174 156
193.694174 150
193.698187 152
193.704183 157
193.708178 151
193.714174 150
193.718176 149
193.724177 150
193.728175 153
193.734177 152
193.738175 154
193.744176 150
193.748174 153
193.754174 156
193.758178 152
193.764173 155
193.768177 157
193.774178 156
193.778177 154
193.784177 155
193.788176 154
193.794176 151
193.798176 153
193.804176 149
193.808174 154
193.814169 152
193.818174 151
193.824175 149
193.828177 147
193.834176 152
193.838176 158
193.844176 158
193.848179 148
193.854174 145
193.858173 152
193.864173 159
193.874177 151
193.875166 147
193.879167 147
193.886169 148
193.889176 154
193.893176 155
193.899176 147
193.903171 150
193.909175 155
193.913174 153
193.919175 153
193.923177 153
193.929086 147
193.933176 149
193.939178 155
193.943175 151
193.949178 148
193.954169 148
193.963171 148
193.967175 155
193.969176 157
193.981178 150
193.984173 149
193.985168 155
193.989175 152
193.993178 150
193.999170 156
194.003171 153
194.009169 150
194.013125 154
194.020116 153
194.024073 153
194.031167 152
194.034174 150
194.041177 149
194.044172 152
194.049178 154
194.053180 151
194.059181 146
194.063184 149
194.069180 148
194.073178 154
194.079206 155
194.083175 147
194.089180 150
194.093179 152
194.099168 153
194.103174 153
194.109175 149
194.113182 151
194.119178 154
194.123177 154
194.129171 154
194.133176 155
194.139175 154
194.143174 148
194.149180 150
194.153178 152
194.159174 148
194.163120 145
194.169179 153
194.173177 155
194.179178 154
194.183179 157
194.189180 160
194.193179 153
194.199171 157
194.203106 160
194.209177 153
194.213187 152
194.219178 151
194.223182 151
194.229177 150
194.233179 153
194.239180 153
194.243174 150
194.249177 149
194.253177 150
194.259177 151
194.263190 155
194.269172 153
194.273180 151
194.279182 153
194.283172 156
194.289182 154
194.293180 153
194.299171 154
194.303182 154
194.309180 153
194.313205 151
194.319178 151
194.323177 149
194.329182 148
194.333182 148
194.339177 147
194.343180 150
194.349179 151
194.353178 153
194.359178 150
194.363176 148
194.369181 154
194.373180 155
194.379181 150
194.383172 151
194.389181 153
194.394180 151
194.401182 147
194.404046 149
194.411136 150
194.414140 152
194.421134 156
194.423123 157
194.429134 155
194.433132 157
194.439319 156
194.443136 152
194.449133 155
194.453133 152
194.459133 143
194.466133 139
194.468127 147
194.474131 156
194.478133 152
194.484132 150
194.488135 150
194.494132 148
194.498128 154
194.504081 154
194.508089 149
194.514076 147
194.518131 150
194.524138 150
194.528131 148
194.534128 150
194.538133 148
194.544134 149
194.548132 157
194.554133 157
194.558186 152
194.564161 147
194.568180 151
194.574181 151
194.578179 149
194.584177 150
194.588181 155
194.594182 156
194.598174 153
194.604181 155
194.608076 158
194.614064 156
194.618030 157
194.624027 154
194.628041 151
194.634055 150
194.638131 159
194.644034 155
194.648137 148
194.654134 153
194.658134 154
194.664134 150
194.668134 150
194.683131 152
194.686134 150
194.687123 150
194.689139 155
194.693134 154
194.699129 155
194.703135 155
194.709129 155
194.713134 157
194.719135 155
194.723133 151
194.729122 144
194.733123 147
194.739122 152
194.743129 149
194.749131 150
194.753188 149
194.759182 147
194.763181 150
194.770180 157
194.774179 159
194.778181 152
194.784177 151
194.788182 155
194.796185 157
194.799174 154
194.806183 153
194.809173 150
194.816175 148
194.819159 152
194.824181 158
194.831183 152
194.833180 149
194.840181 155
194.844184 154
194.851176 160
194.854184 157
194.858181 152
194.865116 149
194.869182 153
194.873181 152
194.879182 148
194.883174 149
194.889179 151
194.893182 151
194.899177 149
194.903181 151
194.909176 155
194.913191 151
194.919182 151
194.923185 151
194.929186 152
194.933180 154
194.939180 149
194.943184 151
194.949178 154
194.953182 157
194.959183 155
194.963182 152
194.969182 151
194.973181 151
194.979181 156
194.983179 154
194.989181 155
194.993184 151
194.999182 154
195.003173 155
195.009111 154
195.013175 158
195.019182 155
195.023185 153
195.029180 153
195.033176 152
195.039185 151
195.043183 150
195.049187 155
195.053186 150
195.059181 144
195.063176 153
195.069184 155
195.074184 151
195.081181 149
195.084176 151
195.093183 152
195.095175 150
195.099119 150
195.103186 147
195.109158 147
195.113180 152
195.119185 151
195.123183 149
195.129176 153
195.133177 156
195.139182 154
195.143181 153
195.149123 153
195.153181 156
195.162183 152
195.165181 151
195.169182 156
195.173185 150
195.179182 144
195.183179 148
195.194179 153
195.195172 151
195.199187 152
195.203182 155
195.209195 148
195.213174 147
195.219068 152
195.223134 155
195.232055 156
195.235062 153
195.246067 148
195.249062 149
195.250052 153
195.261062 150
195.264055 146
195.265053 145
195.269062 145
195.273060 148
195.279061 149
195.283066 153
195.289046 153
195.293061 151
195.302061 150
195.305062 158
195.309061 153
195.313058 145
195.319054 148
195.326061 146
195.328058 147
195.334058 153
195.338061 150
195.344062 145
195.348062 148
195.354064 156
195.358059 155
195.364061 151
195.368061 153
195.374062 151
195.378060 153
195.384058 155
195.388061 152
195.394064 151
195.398053 147
195.404060 151
195.408061 154
195.414057 152
195.418057 152
195.424061 152
195.428061 153
195.436059 153
195.441064 153
195.444055 152
195.451058 155
195.454061 156
195.459063 153
195.463061 153
195.469061 153
195.473060 151
195.479063 148
195.483060 149
195.489061 151
195.493067 149
195.499062 154
195.506063 156
195.509063 150
195.513055 152
195.519057 154
195.523070 155
195.529064 153
195.533062 156
195.539064 154
195.543062 151
195.549063 157
195.553064 156
195.559063 151
195.563062 151
195.569064 155
195.573062 151
195.579062 146
195.583063 150
195.589063 154
195.593089 154
195.599062 151
195.606067 149
195.608058 149
195.614052 152
195.618052 152
195.624710 148
195.628052 152
195.634067 155
195.638061 151
195.644063 148
195.648062 151
195.654062 154
195.658062 156
195.664061 159
195.668064 153
195.674063 146
195.678064 156
195.687058 154
195.689064 155
195.696066 158
195.699056 150
195.703060 154
195.709064 159
195.713060 158
195.719132 152
195.723055 154
195.729064 160
195.733063 158
195.740064 155
195.744064 157
195.751069 154
195.754063 153
195.761064 156
195.769066 156
195.770057 149
195.774062 147
195.778062 152
195.784084 152
195.788063 150
195.794068 152
195.798064 154
195.804060 153
195.808063 153
195.814065 153
195.818071 148
195.824031 151
195.828037 151
195.834045 151
195.838056 150
195.844049 148
195.848050 153
195.854049 152
195.858049 153
195.864049 156
195.868060 152
195.874049 150
195.878050 149
195.887046 150
195.890044 149
195.894050 149
195.898050 151
195.904048 147
195.908050 149
195.914052 150
195.918055 152
195.924051 155
195.928050 154
195.934050 153
195.938050 154
195.944050 153
195.948049 152
195.954051 151
195.958051 152
195.964050 145
195.968040 149
195.974047 151
195.978049 149
195.984051 147
195.988049 148
195.994053 151
195.998051 148
196.004052 149
196.008050 150
196.014094 149
196.021245 152
196.023181 154
196.029188 153
196.033187 150
196.039187 152
196.043190 156
196.049190 154
196.053189 153
196.059190 147
196.063189 145
196.069183 149
196.073188 150
196.079188 147
196.083187 151
196.092186 153
196.095180 152
196.099191 151
196.103184 155
196.109188 154
196.116191 153
196.118180 155
196.124183 156
196.128119 154
196.134192 152
196.138192 154
196.144188 157
196.148192 151
196.154184 154
196.158188 153
196.164187 155
196.168187 152
196.174188 150
196.178191 155
196.184191 153
196.188190 154
196.194191 156
196.198189 157
196.204195 155
196.208188 156
196.214189 161
196.218188 156
196.224186 150
196.231192 149
196.233189 148
196.239190 150
196.243189 150
196.249190 150
196.253181 151
196.259185 153
196.263185 152
196.269194 155
196.273189 155
196.279189 151
196.283187 151
196.289188 152
196.293192 150
196.299192 150
196.303185 150
196.309191 150
196.313185 149
196.319120 154
196.323192 154
196.329184 149
196.333193 156
196.339190 151
196.343193 149
196.349189 153
196.353180 149
196.359194 147
196.363192 152
196.369182 153
196.373192 151
196.379192 148
196.386195 151
196.389192 152
196.393192 150
196.399191 151
196.403185 150
196.409191 149
196.416192 151
196.419188 153
196.423300 153
196.429076 149
196.433082 152
196.440097 154
196.447097 155
196.450095 155
196.457096 152
196.459088 149
196.463095 150
196.469097 152
196.473094 152
196.479095 149
196.483094 147
196.492096 152
196.494088 151
196.498093 152
196.504095 153
196.511094 149
196.514096 150
196.523095 151
196.527095 148
196.533097 152
196.542096 156
196.545096 157
196.546083 152
196.548089 152
196.554093 153
196.558097 150
196.564097 149
196.568099 152
196.577097 149
196.580094 147
196.584098 150
196.588097 152
196.594100 155
196.598095 152
196.604103 155
196.608100 157
196.614100 156
196.618099 153
196.624099 151
196.628070 152
196.634192 153
196.639189 149
196.645195 147
196.649194 153
196.655189 156
196.659193 152
196.665193 153
196.668188 146
196.674193 149
196.678196 156
196.684195 156
196.688186 149
196.694105 150
196.698196 150
196.704190 154
196.708193 156
196.714194 154
196.718192 151
196.724193 150
196.728187 155
196.734193 156
196.738189 152
196.744195 147
196.748193 142
196.754189 143
196.758194 152
196.764194 153
196.768193 146
196.774194 146
196.778193 154
196.784193 156
196.788191 163
196.794187 161
196.798195 148
196.804190 150
196.808194 153
196.814195 157
196.818193 155
196.824194 147
196.828060 155
196.835150 154
196.839138 149
196.843146 156
196.849146 157
196.853146 154
196.859146 153
196.863146 156
196.869147 154
196.873146 151
196.879146 158
196.883146 157
196.889146 152
196.893142 153
196.899146 152
196.903148 156
196.909147 154
196.913087 151
196.919138 151
196.923142 154
196.929140 152
196.933142 147
196.939144 151
196.943147 154
196.950146 150
196.954072 151
196.958146 158
196.964146 156
196.968145 159
196.974147 158
196.978145 150
196.984200 148
196.988193 146
196.994188 147
196.998197 151
197.004202 147
197.008191 141
197.014191 146
197.018192 155
197.025313 152
197.029048 151
197.035048 161
197.039108 152
197.045101 147
197.049106 152
197.054104 149
197.058103 146
197.064105 147
197.068103 145
197.074104 145
197.078105 147
197.084106 150
197.088113 155
197.094101 154
197.098104 147
197.107100 147
197.109108 154
197.113105 153
197.119105 149
197.123098 153
197.129098 156
197.133099 152
197.139098 158
197.143106 158
197.149105 149
197.153103 141
197.159105 143
197.166104 148
197.170103 154
197.174103 151
197.178104 153
197.187105 152
197.190096 151
197.194103 155
197.198106 163
197.204105 156
197.208104 146
197.214105 152
197.218108 158
197.224101 150
197.228107 150
197.234099 150
197.238114 150
197.244106 157
197.248105 160
197.254103 155
197.258104 151
197.264105 153
197.268104 155
197.274105 157
197.281104 155
197.284100 147
197.288128 148
197.294101 153
197.298105 157
197.304104 159
197.308105 152
197.314118 153
197.318110 153
197.324102 151
197.328105 153
197.334100 149
197.338105 146
197.344105 151
197.348105 156
197.354104 156
197.361106 154
197.364099 152
197.368105 152
197.374100 155
197.378104 155
197.384105 152
197.391101 149
197.394102 150
197.398105 152
197.404111 152
197.408106 157
197.415099 151
197.419105 147
197.425107 152
197.429104 155
197.435097 153
197.439116 150
197.444106 150
197.448107 148
197.454106 147
197.458106 154
197.464105 151
197.468105 147
197.474101 152
197.478106 153
197.485107 155
197.489109 153
197.493104 149
197.499107 149
197.503107 150
197.509109 152
197.513106 150
197.519097 148
197.523102 149
197.529109 151
197.533015 149
197.539061 148
197.543074 151
197.549075 152
197.553075 150
197.559073 152
197.563073 156
197.569076 151
197.573067 156
197.580073 159
197.584074 152
197.588073 147
197.594073 149
197.598076 152
197.604075 144
197.608074 144
197.614074 152
197.618074 154
197.624001 153
197.628095 156
197.634087 154
197.638182 154
197.644135 158
197.648191 156
197.654197 148
197.658192 147
197.664196 149
197.668199 147
197.674192 152
197.678201 153
197.684207 153
197.688200 157
197.694191 155
197.698190 158
197.704203 154
197.708198 150
197.714197 152
197.718206 151
197.724197 149
197.728197 152
197.734202 154
197.738200 149
197.744201 150
197.748200 158
197.754199 158
197.761206 152
197.764197 155
197.768199 151
197.774194 148
197.778202 149
197.784198 151
197.788135 150
197.802203 151
197.806201 151
197.807188 152
197.809199 154
197.819198 156
197.821199 151
197.824195 154
197.830198 152
197.834197 148
197.840191 156
197.844191 154
197.849200 152
197.858194 153
197.861201 155
197.863190 153
197.869205 152
197.873222 156
197.879199 152
197.883201 148
197.889204 152
197.893202 155
197.899200 158
197.906200 151
197.909201 148
197.913200 151
197.919198 154
197.923198 156
197.929198 153
197.933197 150
197.939197 153
197.943202 155
197.949202 152
197.953200 148
197.959196 148
197.966199 152
197.972200 152
197.973192 151
197.979200 149
197.983200 150
197.989195 154
197.993198 153
197.999200 152
198.003194 152
198.009195 151
198.013189 150
198.019193 151
198.023192 155
198.029202 151
198.033200 151
198.039200 150
198.043174 148
198.049200 152
198.053199 150
198.059194 149
198.063204 150
198.072202 150
198.075191 150
198.079198 156
198.083201 154
198.089202 150
198.093200 146
198.099202 150
198.103201 152
198.109200 152
198.113199 149
198.119210 151
198.123196 156
198.129194 151
198.133202 150
198.139199 153
198.143193 149
198.149196 150
198.156203 153
198.158191 152
198.163200 152
198.169200 156
198.173198 157
198.179200 151
198.183199 149
198.189199 153
198.193199 150
198.199192 151
198.204200 151
198.210200 148
198.214199 152
198.220204 157
198.224208 152
198.230199 150
198.234202 152
198.238201 151
198.244197 152
198.248195 157
198.254201 154
198.258205 148
198.264202 150
198.268145 152
198.274221 149
198.278193 152
198.284200 152
198.288199 152
198.294201 153
198.298201 150
198.304201 152
198.308213 153
198.314203 150
198.318201 152
198.324201 153
198.328201 150
198.334201 151
198.338204 152
198.344200 151
198.348142 148
198.354200 154
198.358136 153
198.364203 152
198.368202 157
198.374202 152
198.381203 148
198.383191 155
198.388199 154
198.394199 156
198.398203 152
198.404203 154
198.408187 151
198.417202 148
198.420196 153
198.424202 154
198.428202 153
198.434202 152
198.438201 151
198.444197 151
198.448195 150
198.454201 154
198.458209 158
198.464205 152
198.468203 153
198.474204 153
198.478208 157
198.484203 157
198.488202 151
198.494200 151
198.498197 151
198.507202 149
198.510196 150
198.514203 150
198.518206 152
198.524203 151
198.528204 152
198.534204 154
198.538202 155
198.544199 153
198.548107 154
198.554206 155
198.558205 147
198.564134 147
198.568204 152
198.575211 156
198.579205 152
198.585205 149
198.590205 148
198.594196 152
198.600206 157
198.603194 152
198.609198 148
198.613203 150
198.619203 149
198.623202 152
198.630198 153
198.634202 153
198.638205 150
198.644201 150
198.648133 155
198.654195 156
198.658198 151
198.664207 154
198.668205 155
198.674206 146
198.678205 147
198.684205 151
198.688204 152
198.694199 147
198.698198 150
198.704203 152
198.708206 153
198.714203 156
198.718206 156
198.724202 149
198.728206 152
198.734207 151
198.738205 146
198.744207 150
198.748205 153
198.754200 148
198.758204 151
198.764204 150
198.768213 151
198.774204 152
198.778203 154
198.784204 153
198.788206 147
198.794202 151
198.798202 151
198.804206 150
198.808205 149
198.814206 149
198.818204 151
198.824205 154
198.828204 152
198.834204 155
198.838208 148
198.844200 153
198.848200 156
198.854203 155
198.858206 157
198.864203 150
198.868207 152
198.874207 149
198.878197 150
198.884206 155
198.888205 152
198.894201 150
198.901209 151
198.903196 148
198.909206 155
198.913205 156
198.919200 149
198.923203 151
198.929204 155
198.933207 156
198.939207 152
198.943144 146
198.952200 150
198.953197 149
198.958205 148
198.964207 147
198.968207 145
198.974207 151
198.978198 153
198.984206 151
198.988205 153
198.997116 153
199.000146 156
199.004204 159
199.008200 159
199.014200 150
199.018205 144
199.024206 155
199.028204 160
199.034204 150
199.038207 150
199.044203 153
199.048207 153
199.054202 156
199.058207 155
199.064207 151
199.068206 153
199.082212 158
199.086205 155
199.087198 149
199.089208 154
199.098202 158
199.101210 155
199.103198 153
199.109207 154
199.113206 155
199.118205 151
199.124201 153
199.128140 148
199.134206 146
199.138201 151
199.144206 156
199.148204 149
199.154203 151
199.158202 159
199.164203 155
199.168209 153
199.174209 157
199.178204 152
199.187207 150
199.191210 153
199.193207 152
199.198198 152
199.204207 150
199.208210 153
199.214206 153
199.218209 150
199.224209 153
199.228207 153
199.234208 150
199.238207 150
199.244213 147
199.248211 155
199.254202 155
199.258200 152
199.264206 152
199.268209 148
199.276207 152
199.278201 155
199.283208 147
199.289209 147
199.293207 148
199.299203 154
199.303207 152
199.309208 150
199.313206 150
199.319207 148
199.323206 158
199.329206 157
199.333210 148
199.339209 150
199.343208 152
199.348208 151
199.354142 146
199.358200 147
199.364208 147
199.368211 152
199.374207 157
199.378205 150
199.384206 147
199.388210 156
199.394215 156
199.398114 153
199.404209 152
199.408208 144
199.414209 147
199.418207 153
199.425089 153
199.429072 147
199.435175 146
199.439158 151
199.445091 148
199.448087 147
199.454074 149
199.458086 152
199.464100 153
199.468082 152
199.474145 157
199.478064 154
199.484097 151
199.488097 160
199.494161 149
199.498159 148
199.505163 152
199.509158 154
199.513160 155
199.519158 149
199.523159 147
199.529155 148
199.533160 150
199.539161 153
199.543159 156
199.549161 151
199.553090 157
199.559202 157
199.563205 153
199.569210 154
199.573209 152
199.579205 154
199.583209 146
199.589210 149
199.593213 148
199.599205 146
199.603208 151
199.609208 155
199.613211 158
199.619207 157
199.623211 151
199.629207 158
199.633210 152
199.639215 153
199.643209 162
199.649210 153
199.653209 148
199.659191 152
199.663208 153
199.669213 152
199.673212 153
199.679202 155
199.683211 156
199.689211 153
199.693211 150
199.699206 147
199.703209 155
199.709210 155
199.716147 155
199.718202 155
199.723211 152
199.729205 155
199.733210 156
199.739210 157
199.743209 150
199.749209 151
199.753208 156
199.762217 153
199.765209 149
199.769209 146
199.773212 150
199.779207 153
199.783211 154
199.789211 156
199.793092 157
199.800219 156
