104.829563 204.12
104.835541 198.204
104.839528 194.371
104.845888 188.621
104.849665 195.256
104.855845 199.752
104.859847 195.898
104.865571 195.389
104.869554 196.797
104.875610 196.163
104.879661 202.714
104.885666 200.529
104.889666 196.543
104.895666 199.612
104.899556 202.566
104.905681 196.543
104.909599 195.021
104.915664 196.026
104.919662 198.073
104.925668 195.256
104.929667 198.977
104.935668 197.57
104.939658 193.507
104.945667 204.749
104.949661 204.749
104.955668 198.073
104.959659 197.19
104.965662 199.361
104.969672 202.181
104.975668 200.125
104.979662 199.482
104.985667 198.716
104.989666 195.898
104.995667 195.021
104.999661 195.898
105.005670 199.752
105.009641 198.346
105.016672 197.307
105.020669 195.389
105.026661 200.529
105.030660 202.089
105.036669 198.842
105.041669 199.279
105.044663 192.2
105.052668 195.133
105.054662 201.936
105.060666 197.434
105.064669 193.507
105.070664 192.961
105.074671 198.204
105.080667 195.898
105.084671 195.78
105.090667 198.204
105.094669 194.489
105.100665 196.665
105.104669 200.25
105.110538 198.977
105.114619 203.066
105.120623 199.752
105.124621 200.385
105.130613 191.343
105.134615 195.021
105.140620 197.307
105.144619 195.133
105.150628 193.724
105.154623 193.61
105.160624 196.543
105.164621 198.716
105.170622 197.307
105.174623 198.073
105.180625 195.673
105.184623 198.716
105.190623 200.385
105.194624 195.898
105.200671 193.61
105.204668 197.307
105.210634 200.684
105.214663 197.717
105.220672 192.315
105.224671 194.756
105.230666 195.256
105.234664 193.21
105.240673 197.717
105.244666 196.311
105.250658 196.163
105.254662 199.612
105.260671 199.752
105.264668 202.714
105.270670 197.434
105.274668 197.434
105.280664 195.898
105.284667 197.19
105.290669 196.163
105.294667 197.434
105.300664 199.902
105.304669 195.133
105.310665 194.489
105.314660 202.872
105.320621 202.872
105.324668 198.977
105.330667 197.434
105.334663 189.932
105.340671 196.665
105.344671 203.494
105.350666 193.507
105.354670 191.254
105.360671 196.543
105.364669 201.308
105.370669 203.199
105.374669 195.389
105.381670 198.204
105.385669 192.2
105.391670 193.61
105.395659 196.665
105.401668 195.898
105.404663 197.952
105.410671 195.673
105.414662 197.434
105.420541 198.977
105.424621 198.716
105.430532 195.021
105.434584 197.952
105.440576 197.307
105.444573 198.6
105.450575 197.841
105.454572 198.073
105.460572 199.482
105.464574 196.665
105.470576 198.977
105.474573 201.02
105.480575 197.307
105.484576 198.842
105.490572 192.852
105.494574 195.133
105.500571 197.307
105.504573 197.434
105.510574 201.936
105.514567 201.159
105.520575 196.543
105.524577 202.566
105.530579 201.936
105.534571 198.842
105.540571 198.073
105.544574 200.385
105.550576 196.543
105.554575 195.133
105.560575 198.073
105.564574 201.308
105.570574 198.073
105.574576 196.797
105.580580 200.529
105.584574 197.307
105.590576 196.543
105.594573 196.797
105.600572 201.308
105.604576 198.073
105.611581 197.434
105.616584 200.25
105.620575 198.842
105.624574 201.02
105.630567 201.159
105.634574 195.78
105.644577 195.78
105.648578 202.566
105.649568 198.716
105.661577 197.19
105.663569 199.361
105.664573 197.19
105.669573 195.673
105.675574 197.434
105.679578 200.385
105.685576 197.434
105.689574 201.02
105.695576 198.977
105.699577 196.665
105.705580 194.165
105.709576 197.19
105.715567 202.566
105.719664 195.576
105.725672 195.021
105.729676 195.898
105.735666 195.898
105.739663 197.952
105.745670 195.133
105.749670 200.385
105.755739 198.716
105.759665 194.263
105.766671 202.428
105.770674 203.973
105.776674 199.482
105.780674 195.673
105.786674 197.307
105.790672 194.918
105.795741 193.414
105.799665 200.125
105.805673 198.716
105.809677 196.329
105.815751 194.165
105.819669 199.361
105.825669 201.792
105.831665 200.125
105.834669 195.021
105.839741 196.543
105.844675 197.952
105.850685 197.19
105.854674 201.936
105.860674 203.342
105.864674 195.78
105.870671 194.371
105.874671 200.529
105.880681 200.25
105.884670 195.673
105.890675 198.716
105.894674 200.01
105.900527 199.251
105.904636 203.708
105.910629 203.066
105.914627 199.905
105.920626 200.771
105.924628 201.534
105.933626 197.952
105.935618 199.251
105.940627 198.6
105.944626 200.891
105.950626 197.307
105.954627 199.482
105.960627 199.361
105.964627 201.658
105.970627 203.199
105.974626 197.19
105.980629 199.251
105.984624 197.74
105.990628 196.987
105.994627 199.482
106.000621 198.842
106.004627 194.918
106.010627 194.263
106.014617 199.482
106.020565 201.792
106.024816 202.566
106.030574 199.482
106.034465 195.673
106.040561 197.952
106.044550 201.02
106.050549 198.6
106.054549 199.361
106.060551 200.891
106.064550 195.673
106.070546 202.428
106.074550 200.891
106.080555 199.482
106.084555 202.428
106.090552 198.842
106.094551 197.841
106.100549 200.891
106.104550 203.973
106.110550 201.658
106.114550 199.905
106.120546 202.943
106.124550 203.066
106.130583 203.066
106.136582 198.716
106.139574 200.661
106.144584 195.489
106.150588 197.841
106.154583 198.6
106.160585 198.073
106.164584 196.987
106.170580 197.084
106.174583 202.428
106.180580 203.199
106.184582 200.891
106.190584 202.428
106.194582 198.6
106.200583 198.6
106.204584 200.25
106.210583 199.482
106.214582 194.077
106.221580 195.576
106.225585 201.658
106.231584 198.073
106.235578 194.371
106.241584 197.307
106.244578 197.19
106.250582 198.6
106.254585 201.658
106.260584 198.6
106.264584 199.251
106.270578 198.494
106.274582 195.673
106.280582 197.841
106.284587 199.361
106.290584 199.251
106.294584 196.329
106.300585 195.673
106.304585 197.307
106.310582 197.434
106.314585 195.256
106.320580 195.78
106.324586 201.02
106.330586 198.842
106.334584 198.073
106.340585 198.073
106.347585 196.026
106.349585 197.841
106.355580 195.021
106.359583 199.361
106.365585 195.673
106.369576 194.263
106.375584 201.02
106.379584 198.204
106.385571 197.57
106.389585 200.385
106.395584 199.752
106.399577 196.665
106.405578 199.752
106.409584 198.073
106.415585 201.658
106.419572 197.74
106.425585 198.494
106.429586 197.74
106.435598 197.841
106.439585 197.649
106.445585 200.661
106.449585 202.83
106.455577 196.901
106.459587 196.237
106.465587 199.81
106.469582 199.251
106.475586 202.943
106.479585 201.658
106.485692 197.19
106.489680 200.125
106.495744 204.12
106.499667 204.749
106.505680 203.836
106.509678 196.543
106.515670 196.431
106.519762 197.952
106.525673 199.482
106.529676 198.204
106.535768 195.133
106.539667 196.665
106.545676 202.566
106.549680 202.566
106.555668 200.684
106.559669 201.159
106.565675 201.159
106.569681 199.482
106.575742 198.6
106.579658 197.952
106.585682 200.661
106.589675 196.825
106.595742 202.726
106.599710 203.59
106.605679 197.084
106.609678 199.81
106.615743 202.181
106.619555 199.251
106.625911 196.987
106.629537 201.658
106.635532 203.973
106.639542 197.841
106.645540 198.716
106.649540 202.943
106.655535 199.361
106.659540 197.649
106.665540 193.331
106.669532 196.329
106.675540 200.01
106.679539 197.952
106.685543 196.543
106.689542 197.434
106.695534 197.57
106.699539 204.443
106.705539 204.277
106.709539 197.307
106.715539 195.673
106.719545 197.307
106.725575 197.19
106.729576 196.543
106.735582 194.263
106.741587 194.371
106.744579 197.307
106.749587 200.385
106.755589 200.385
106.759588 199.482
106.765588 200.25
106.769587 198.716
106.775587 199.612
106.779587 200.25
106.785590 192.852
106.792589 195.133
106.794578 197.952
106.800588 196.665
106.804587 198.716
106.810587 194.371
106.814589 196.431
106.820583 197.952
106.824589 197.841
106.830502 199.361
106.834554 197.841
106.840558 197.307
106.844554 197.19
106.850555 199.482
106.854550 201.02
106.860555 198.204
106.864557 195.256
106.870559 193.724
106.874554 199.123
106.880555 196.797
106.884558 196.026
106.890559 197.57
106.894557 194.489
106.901555 195.78
106.905555 199.612
106.911555 198.716
106.915554 197.19
106.924557 198.716
106.928557 196.026
106.929549 197.434
106.940590 195.898
106.943580 195.898
106.944589 196.665
106.952587 198.204
106.954578 201.308
106.960590 195.389
106.964588 192.315
106.970571 193.982
106.974588 198.204
106.980583 196.665
106.984591 192.852
106.990589 196.543
106.994590 197.841
107.000583 199.361
107.004587 196.543
107.010586 196.797
107.014582 200.385
107.020559 202.714
107.024588 195.78
107.030590 191.442
107.034582 196.665
107.040586 199.612
107.044590 200.891
107.050591 194.918
107.054584 193.724
107.060590 196.543
107.064590 201.02
107.070609 197.19
107.074590 192.096
107.080592 197.952
107.084593 200.529
107.090591 196.543
107.094595 192.754
107.100593 195.133
107.104587 202.714
107.110589 198.716
107.114588 193.414
107.120584 197.19
107.124589 197.434
107.130583 197.19
107.134585 198.073
107.140590 198.204
107.144588 192.003
107.150587 193.507
107.154598 200.385
107.160598 197.307
107.164591 196.665
107.170590 199.902
107.174587 199.752
107.180589 201.159
107.184592 198.842
107.190586 199.612
107.194588 197.19
107.200592 195.898
107.206588 198.842
107.209589 197.952
107.214589 198.073
107.220518 198.073
107.224663 195.78
107.230540 201.02
107.235534 202.872
107.239541 196.665
107.245592 198.204
107.249590 197.434
107.258590 197.307
107.260584 198.842
107.265589 201.02
107.269580 202.566
107.275591 196.543
107.279591 197.434
107.285592 201.936
107.289583 198.977
107.295590 196.939
107.302591 194.489
107.304593 198.842
107.310590 198.716
107.314592 195.898
107.321582 200.385
107.325591 200.25
107.331590 197.307
107.335584 196.665
107.341590 195.898
107.345593 192.754
107.350593 196.431
107.354590 197.841
107.360591 195.021
107.364591 195.133
107.370591 196.797
107.374591 197.307
107.380591 200.125
107.384593 196.665
107.390586 194.371
107.395591 194.371
107.399593 197.434
107.405585 194.618
107.409591 192.315
107.415594 195.389
107.419592 197.57
107.425591 195.898
107.429591 193.61
107.435585 199.752
107.439584 199.482
107.445592 196.665
107.449591 195.133
107.455588 193.724
107.459591 199.123
107.465592 201.936
107.469595 195.256
107.475592 197.57
107.479593 192.315
107.485594 192.315
107.489586 198.497
107.495593 193.982
107.499591 194.371
107.505595 194.618
107.509592 193.08
107.515592 195.256
107.519592 200.529
107.525593 198.204
107.529591 195.898
107.535503 198.497
107.539586 198.204
107.545593 196.543
107.549591 199.612
107.555592 196.939
107.559586 191.672
107.565592 197.57
107.569592 194.756
107.575584 190.142
107.579592 196.797
107.585595 196.939
107.589584 200.684
107.595592 196.665
107.599592 190.032
107.605552 199.444
107.609591 202.872
107.615593 196.797
107.619593 195.256
107.625593 192.575
107.629584 196.163
107.635577 198.497
107.639583 200.684
107.645593 196.163
107.649592 189.275
107.655600 192.44
107.659594 199.752
107.665595 197.307
107.669592 195.021
107.675588 197.307
107.679593 196.665
107.685594 199.752
107.689589 199.752
107.695595 199.123
107.699594 199.612
107.705615 198.346
107.709593 195.898
107.715592 194.489
107.719591 199.279
107.725595 198.977
107.729596 192.315
107.735593 197.091
107.739586 195.389
107.745588 196.797
107.749593 208.216
107.755594 200.684
107.759586 193.08
107.765595 193.08
107.769593 200.684
107.775589 199.612
107.779593 196.026
107.785596 198.073
107.789595 199.612
107.795594 198.073
107.799594 197.434
107.805594 201.308
107.809593 200.684
107.816592 191.442
107.820594 192.961
107.826823 201.159
107.830540 202.714
107.836535 196.665
107.839467 190.591
107.845640 191.442
107.849629 201.308
107.855634 200.684
107.860636 198.346
107.864634 198.346
107.870635 192.2
107.874631 196.665
107.880635 202.872
107.884640 196.797
107.890630 193.61
107.894635 195.256
107.900635 194.263
107.907752 201.308
107.909673 201.936
107.915751 195.133
107.919720 194.489
107.925685 197.434
107.929685 195.133
107.935753 197.434
107.939653 199.612
107.945684 195.256
107.949684 195.133
107.955748 194.263
107.959761 198.204
107.965688 196.797
107.969687 198.977
107.975753 196.665
107.979722 193.848
107.985688 189.275
107.989685 193.21
107.995753 197.874
107.999728 197.717
108.005681 194.489
108.009680 197.952
108.015720 200.684
108.019749 200.529
108.025685 192.852
108.029683 194.371
108.035750 200.385
108.039589 201.02
108.045687 196.543
108.049686 195.78
108.055754 199.612
108.059720 195.898
108.065685 194.489
108.069684 193.848
108.075746 190.79
108.079748 193.982
108.085684 200.848
108.089682 197.717
108.095756 199.279
108.099722 195.389
108.104687 195.389
108.110687 200.684
108.114686 200.684
108.120686 195.133
108.124680 192.2
108.130665 198.204
108.135720 195.256
108.144685 195.133
108.145677 200.848
108.151753 199.123
108.156686 192.961
108.159719 195.256
108.164683 203.657
108.170684 198.204
108.174682 192.852
108.180687 195.898
108.184687 197.952
108.190595 201.159
108.194686 203.342
108.204691 196.797
108.208686 193.08
108.209678 191.672
108.220686 195.686
108.223777 196.311
108.224677 196.939
108.229685 197.57
108.235753 194.371
108.239784 199.752
108.245703 199.902
108.250688 195.78
108.254687 194.263
108.260682 197.307
108.264686 198.842
108.270686 196.543
108.274682 200.529
108.280688 199.902
108.284686 192.2
108.290712 193.724
108.294691 197.57
108.300691 196.026
108.304688 195.021
108.310687 196.543
108.314687 196.431
108.320683 199.482
108.324691 201.467
108.330687 201.467
108.334685 198.977
108.340654 198.842
108.344684 200.529
108.350689 192.315
108.354684 190.906
108.360685 194.371
108.364689 193.21
108.370690 193.724
108.375750 198.346
108.379750 198.346
108.388689 195.898
108.390678 197.434
108.395751 201.467
108.400685 195.256
108.406690 197.57
108.410688 194.618
108.416685 194.618
108.420683 194.489
108.426738 197.57
108.429680 196.163
108.435578 196.163
108.442597 197.874
108.444591 200.062
108.450593 193.848
108.454592 192.096
108.460589 197.307
108.464594 203.973
108.470591 199.361
108.474593 194.826
108.480595 198.6
108.484592 200.01
108.490594 197.19
108.494591 194.826
108.500594 192.754
108.504591 192.2
108.510589 192.315
108.514590 194.618
108.520591 196.797
108.524573 195.256
108.530597 195.256
108.534595 196.026
108.540595 201.792
108.544588 199.123
108.550592 196.543
108.554592 196.026
108.560590 201.308
108.567592 193.848
108.569591 195.133
108.575590 199.752
108.580594 195.533
108.584630 192.315
108.590593 190.906
108.594592 196.939
108.600596 197.717
108.604590 196.026
108.610591 198.073
108.614595 198.204
108.620594 201.02
108.624594 197.307
108.630592 199.752
108.634595 197.434
108.640594 193.08
108.644591 197.717
108.650594 200.232
108.657594 195.389
108.659587 195.389
108.665596 199.123
108.669594 198.346
108.675603 198.204
108.679596 198.204
108.685594 198.977
108.689592 198.716
108.695589 198.073
108.699594 198.204
108.705588 198.977
108.709586 198.204
108.715595 195.389
108.719593 197.434
108.725598 199.279
108.729594 197.254
108.735594 194.618
108.739593 198.977
108.744672 203.828
108.750684 195.389
108.754788 196.163
108.760687 200.062
108.764691 196.797
108.770691 196.665
108.774691 200.529
108.780691 202.089
108.784690 201.02
108.790691 197.952
108.794684 199.123
108.800693 201.02
108.804691 197.434
108.810686 195.78
108.814690 198.842
108.820690 194.618
108.824689 194.618
108.830691 198.497
108.834694 194.618
108.841690 195.133
108.845682 197.717
108.851759 196.797
108.855728 195.133
108.863757 195.898
108.865681 195.898
108.870689 196.797
108.874692 197.717
108.880692 194.618
108.884691 193.08
108.890693 195.898
108.894682 200.684
108.900691 196.163
108.904689 193.08
108.910686 193.724
108.914690 196.665
108.920685 198.842
108.924689 195.898
108.930690 190.591
108.934688 192.961
108.940689 196.026
108.944753 195.256
108.957692 198.977
108.959757 195.256
108.962683 198.073
108.964688 199.902
108.970689 199.752
108.974692 197.307
108.980692 197.952
108.984691 198.716
108.990693 195.389
108.994678 194.489
109.000686 196.797
109.004689 193.08
109.010680 190.032
109.014685 194.618
109.020694 196.939
109.025054 193.21
109.030854 191.442
109.034583 193.08
109.040683 196.797
109.044692 196.163
109.050687 196.026
109.054691 198.497
109.060686 198.497
109.064690 198.658
109.070690 198.497
109.077687 196.939
109.082692 195.533
109.084686 194.756
109.090689 196.163
109.094688 199.279
109.100693 190.142
109.104692 190.032
109.110687 198.716
109.114691 203.494
109.120692 202.714
109.124685 196.026
109.130685 200.25
109.134690 201.792
109.140691 195.898
109.144694 192.961
109.150688 191.552
109.154692 190.79
109.160689 193.848
109.164691 199.902
109.170692 198.977
109.174690 199.902
109.180691 195.256
109.184690 195.133
109.190692 204.277
109.197685 201.308
109.199762 193.724
109.205697 195.78
109.209691 193.08
109.215758 198.204
109.219757 202.714
109.225695 201.022
109.229695 199.902
109.235759 193.08
109.239729 198.204
109.245694 204.9
109.249684 198.842
109.255765 195.256
109.259729 192.2
109.268691 192.315
109.270684 196.431
109.275757 201.936
109.279756 199.123
109.285685 192.961
109.289696 197.434
109.295758 203.657
109.299729 201.159
109.305694 198.842
109.309692 201.159
109.315757 199.482
109.319727 193.414
109.325702 199.612
109.329693 205.061
109.335761 198.497
109.339758 195.78
109.345693 196.163
109.349683 198.346
109.355760 189.381
109.361687 193.08
109.364691 196.163
109.369695 195.133
109.375757 196.797
109.379727 196.163
109.385695 201.159
109.389695 199.482
109.395759 199.612
109.400690 198.073
109.404698 196.163
109.410632 194.281
109.414693 191.943
109.420693 191.442
109.424691 199.752
109.430693 199.123
109.434697 193.08
109.440693 192.096
109.444690 197.307
109.450689 198.716
109.454692 196.987
109.460703 200.661
109.464697 203.708
109.470698 194.077
109.474697 193.507
109.484693 202.872
109.488693 199.902
109.489684 192.44
109.500693 192.961
109.503770 184.946
109.508695 197.307
109.509688 196.163
109.514695 195.256
109.520693 195.133
109.524689 195.256
109.530695 196.543
109.534694 201.02
109.540695 201.936
109.544700 200.529
109.550689 197.307
109.554685 192.315
109.560694 197.57
109.564693 201.159
109.570689 197.307
109.574685 191.343
109.580693 191.442
109.584691 193.724
109.590693 196.797
109.594628 199.752
109.600692 198.842
109.604694 197.434
109.610696 199.752
109.614694 198.204
109.620694 201.936
109.624693 198.346
109.630869 192.575
109.634682 195.389
109.640687 197.434
109.644589 192.315
109.650568 193.349
109.654693 203.404
109.660695 199.444
109.664695 196.797
109.670695 196.026
109.674694 201.308
109.680689 200.385
109.684692 193.724
109.693697 195.78
109.694694 193.848
109.699778 196.026
109.705702 193.982
109.709697 198.977
109.715758 198.497
109.720697 198.346
109.726698 204.805
109.730687 203.217
109.736697 195.898
109.740695 195.133
109.745690 204.277
109.749694 201.159
109.755601 187.11
109.759761 192.961
109.765694 195.533
109.769696 196.939
109.775761 197.091
109.779730 194.905
109.785696 196.665
109.789695 200.385
109.795761 207.87
109.799728 202.428
109.805694 200.125
109.809698 200.25
109.815759 202.299
109.819760 201.658
109.825698 198.842
109.829688 198.497
109.835761 192.44
109.839730 192.2
109.845691 197.57
109.849694 203.657
109.855771 196.797
109.859736 193.724
109.865698 195.133
109.869693 199.482
109.875759 200.385
109.879759 198.04
109.885697 190.536
109.889688 188.733
109.895762 194.489
109.899731 201.636
109.905697 194.756
109.909695 195.133
109.915761 201.02
109.919730 195.021
109.925695 192.961
109.929686 204.9
109.935769 198.073
109.940689 197.74
109.944697 200.01
109.950693 201.159
109.954689 204.12
109.960703 195.673
109.966699 191.846
109.969697 191.846
109.974696 203.199
109.980696 201.658
109.984695 195.133
109.990691 197.717
109.994699 193.21
110.000694 193.08
110.004698 206.206
110.010689 194.756
110.014688 189.932
110.020691 195.256
110.024699 193.982
110.030690 193.08
110.034697 193.982
110.040699 195.256
110.044698 197.57
110.050698 196.163
110.054691 197.091
110.060698 197.717
110.064698 195.533
110.070698 193.848
110.074697 190.032
110.080688 196.543
110.084635 196.026
110.090693 194.618
110.094695 191.552
110.100696 194.618
110.104698 197.57
110.110695 192.961
110.114690 197.434
110.120691 197.57
110.124688 195.256
110.130692 190.79
110.134696 193.21
110.140698 197.091
110.144692 194.126
110.150691 189.497
110.154560 193.499
110.160652 193.349
110.164648 196.163
110.170649 198.204
110.174648 195.533
110.180645 197.57
110.184647 194.371
110.190647 198.073
110.194648 198.497
110.201648 194.756
110.205648 191.672
110.211648 199.902
110.215640 196.797
110.221649 196.163
110.225648 200.848
110.230756 197.57
110.234649 201.159
110.240636 198.716
110.244637 200.125
110.250654 201.792
110.254584 201.02
110.260650 193.724
110.264649 189.275
110.270647 195.533
110.275653 199.752
110.279658 194.489
110.285651 197.434
110.289647 201.467
110.295652 200.385
110.299644 197.307
110.305651 200.529
110.309652 198.716
110.315647 196.431
110.319653 195.898
110.325652 196.026
110.329655 195.133
110.335651 196.026
110.341652 201.308
110.344695 197.57
110.349700 201.792
110.355756 203.066
110.361703 199.361
110.364692 198.716
110.369699 205.526
110.375764 201.658
110.379757 195.489
110.385699 191.919
110.389693 195.78
110.395764 200.25
110.399734 199.752
110.405704 197.307
110.409698 193.724
110.415760 199.612
110.419761 204.12
110.425698 196.543
110.429697 198.716
110.435772 196.797
110.439731 196.939
110.445702 196.026
110.449701 197.434
110.455749 198.204
110.460695 199.752
110.466701 199.612
110.470701 197.717
110.475767 198.6
110.481695 192.666
110.485697 200.771
110.490698 201.658
110.494701 197.307
110.500696 202.089
110.504699 202.872
110.510700 197.57
110.514694 193.08
110.520700 198.204
110.524698 196.543
110.530704 195.133
110.534697 196.543
110.540703 194.489
110.544701 196.163
110.550702 196.311
110.555767 197.091
110.559746 196.163
110.565701 199.902
110.569699 201.467
110.575759 200.684
110.579735 200.684
110.585700 197.434
110.589624 193.61
110.595763 196.543
110.599760 200.684
110.605699 197.874
110.609702 187.211
110.615761 191.031
110.619738 199.279
110.625704 200.848
110.629694 200.684
110.635762 192.315
110.639738 195.898
110.645703 195.898
110.650701 197.57
110.654699 195.389
110.660694 193.848
110.666695 193.08
110.669703 198.346
110.674697 205.412
110.680712 201.636
110.684702 192.961
110.690697 193.61
110.694700 199.482
110.700696 199.123
110.704700 193.08
110.710700 190.032
110.714703 192.315
110.720694 192.315
110.724682 194.618
110.730719 199.444
110.734701 195.686
110.740701 188.621
110.744700 200.062
110.750702 203.217
110.763745 193.21
110.768696 194.489
110.769693 197.57
110.771733 193.724
110.780701 196.939
110.783762 201.636
110.784692 197.717
110.789700 194.489
110.795762 199.123
110.801701 199.279
110.804696 194.489
110.809703 192.961
110.815764 196.797
110.819736 194.371
110.829095 198.204
110.830692 199.279
110.835879 193.08
110.839737 193.61
110.848703 197.57
110.850692 197.717
110.855766 193.848
110.859735 195.389
110.865695 194.618
110.869700 197.091
110.875759 199.902
110.880705 196.163
110.886703 198.346
110.890700 191.672
110.899763 193.848
110.900692 197.434
110.905700 197.434
110.909703 195.133
110.915763 192.315
110.919737 193.349
110.925703 196.311
110.929701 196.311
110.935761 195.533
110.939734 190.263
110.945701 197.57
110.949692 196.026
110.955767 192.961
110.959771 196.543
110.965695 197.434
110.972702 193.507
110.974695 195.78
110.980704 196.797
110.984703 194.489
110.990642 193.982
110.994702 197.091
111.000697 198.497
111.004701 199.752
111.010697 197.57
111.014692 199.123
111.020702 194.618
111.024704 193.848
111.030706 195.133
111.034704 193.848
111.040704 195.898
111.044702 195.256
111.050698 196.797
111.054702 194.489
111.060703 198.346
111.064593 198.346
111.070699 198.497
111.074702 199.123
111.080703 195.78
111.084702 195.898
111.090661 201.467
111.094706 196.797
111.100701 196.797
111.104704 197.717
111.110701 196.797
111.114704 197.874
111.120703 198.04
111.124698 194.756
111.130696 195.256
111.134695 199.902
111.140701 201.308
111.144704 199.612
111.150700 195.898
111.157702 197.434
111.159843 195.133
111.165571 199.752
111.169650 205.061
111.175653 197.952
111.179645 195.133
111.185654 202.714
111.189652 200.529
111.195657 199.902
111.199644 199.752
111.205663 193.982
111.209656 197.57
111.216654 193.848
111.220656 191.552
111.226655 193.982
111.230656 195.533
111.236656 190.142
111.240657 198.346
111.245656 202.252
111.249652 196.665
111.255656 200.25
111.259649 205.412
111.265643 198.842
111.269648 196.543
111.275656 198.204
111.281657 196.026
111.284651 194.489
111.289656 196.797
111.295660 198.658
111.299647 195.533
111.305656 193.08
111.309658 196.939
111.315656 198.204
111.319765 196.543
111.325702 198.073
111.329697 195.78
111.338704 196.543
111.340698 202.714
111.345705 196.163
111.349709 194.756
111.355766 195.533
111.359738 192.44
111.365703 193.08
111.369700 195.533
111.375765 196.163
111.379770 192.315
111.385703 192.852
111.389706 194.371
111.395765 200.529
111.399639 198.204
111.405706 192.852
111.409704 198.073
111.415766 203.494
111.419738 195.389
111.425704 198.842
111.429727 204.12
111.436054 192.961
111.439745 187.683
111.445686 193.848
111.449731 200.684
111.455750 191.442
111.459738 190.142
111.465705 201.022
111.469698 201.467
111.475759 194.618
111.479735 198.04
111.485711 196.163
111.489703 199.902
111.495767 199.123
111.499722 192.2
111.505703 196.665
111.509702 198.497
111.515773 188.854
111.519737 192.44
111.525702 196.469
111.529705 195.064
111.535765 194.445
111.539734 195.849
111.545704 194.618
111.549679 197.434
111.555766 200.25
111.559766 198.716
111.565715 201.02
111.569699 195.133
111.575714 189.18
111.579763 201.159
111.585701 201.467
111.589696 193.349
111.595769 197.874
111.599734 200.602
111.605704 198.829
111.609707 190.591
111.615713 201.936
111.619763 205.061
111.625707 193.61
111.629698 195.898
111.638705 200.062
111.640699 194.756
111.645706 189.275
111.649704 194.756
111.655768 195.686
111.659740 196.311
111.665708 198.977
111.669699 197.57
111.675764 198.977
111.680708 198.073
111.686709 200.529
111.690708 202.089
111.696708 196.026
111.700715 193.61
111.705704 191.552
111.709707 199.123
111.715711 193.848
111.719771 192.961
111.725707 198.346
111.729706 196.026
111.735759 198.977
111.739759 196.939
111.745705 196.311
111.749709 193.982
111.755766 194.905
111.759737 202.252
111.765709 193.848
111.769687 196.026
111.775793 194.489
111.779774 192.852
111.785703 195.898
111.789706 193.982
111.795763 193.61
111.799762 198.716
111.805706 204.277
111.809709 195.021
111.815718 198.6
111.819765 205.847
111.825711 195.898
111.829711 192.754
111.835763 197.952
111.839738 196.543
111.845708 194.371
111.849706 193.61
111.855769 198.497
111.859759 197.434
111.865707 190.906
111.869705 193.724
111.875783 199.279
111.879742 198.204
111.885704 195.898
111.889707 199.279
111.895763 196.939
111.899744 194.489
111.905707 199.612
111.909706 198.204
111.915768 197.57
111.919759 196.163
111.925705 196.163
111.929696 196.163
111.935762 196.939
111.939735 198.977
111.945708 192.852
111.949707 195.673
111.955712 199.612
111.959760 198.073
111.965717 193.61
111.969705 198.977
111.975769 202.566
111.979768 192.961
111.985699 192.096
111.989708 196.163
111.995767 199.123
111.999745 196.665
112.005708 196.026
112.009703 201.467
112.015762 198.204
112.019739 198.073
112.025706 198.073
112.029710 200.529
112.043605 195.133
112.047589 196.026
112.048608 202.872
112.050603 195.256
112.059622 194.489
112.062610 198.497
112.064608 201.308
112.070604 201.308
112.074607 197.307
112.080611 194.263
112.084615 200.385
112.090612 196.665
112.094613 193.507
112.100619 203.494
112.109613 201.308
112.110606 197.57
112.115610 202.252
112.119605 198.658
112.125606 192.315
112.129601 196.163
112.135605 205.232
112.139611 201.159
112.145611 196.431
112.149607 196.026
112.155610 192.096
112.159611 193.507
112.165701 202.714
112.171770 198.977
112.174700 197.19
112.181705 198.204
112.188706 195.021
112.189699 200.385
112.194703 211.206
112.200706 200.062
112.204865 194.489
112.210584 198.204
112.214583 198.073
112.220584 192.44
112.224584 195.389
112.230584 191.672
112.234583 192.2
112.240584 201.814
112.244584 199.279
112.250583 190.032
112.254584 195.389
112.260583 197.717
112.264583 199.612
112.270584 204.749
112.275583 198.977
112.279584 191.254
112.285592 187.545
112.289585 195.133
112.295588 198.842
112.299584 194.263
112.305585 194.165
112.309584 195.898
112.315584 194.263
112.319583 195.898
112.325583 203.494
112.329584 196.797
112.335582 192.666
112.339584 193.507
112.345583 201.159
112.349583 198.977
112.355584 198.842
112.359584 197.434
112.365592 196.939
112.369585 192.2
112.375583 196.163
112.379584 201.936
112.385577 193.982
112.389584 189.623
112.395590 194.126
112.399585 200.062
112.405585 196.797
112.409585 189.932
112.415592 198.716
112.419585 201.658
112.425586 194.077
112.429586 193.08
112.435577 203.342
112.441585 195.256
112.445586 202.714
112.451586 201.159
112.455584 197.57
112.461585 199.279
112.464586 195.686
112.470585 195.256
112.476585 199.612
112.479582 195.389
112.484585 193.724
112.490586 196.665
112.494590 194.371
112.500585 194.618
112.504585 193.848
112.510585 198.346
112.514585 204.619
112.520586 200.062
112.524585 193.499
112.530592 198.658
112.540526 205.602
112.540535 199.279
112.544591 194.371
112.550587 195.673
112.554580 196.543
112.560586 196.237
112.564594 194.165
112.570581 199.482
112.574587 200.25
112.580588 195.576
112.584582 203.836
112.590587 208.655
112.594586 201.658
112.600543 202.943
112.604511 207.251
112.610587 194.489
112.614587 191.254
112.620584 198.204
112.624586 203.494
112.630653 189.18
112.634664 190.686
112.640573 197.57
112.644573 196.797
112.650577 199.123
112.654664 202.872
112.660603 199.123
112.664551 197.434
112.670583 196.543
112.674585 207.087
112.680583 204.749
112.684582 195.021
112.690584 193.414
112.694579 192.852
112.700586 197.841
112.704585 197.307
112.710585 197.57
112.714585 195.898
112.720583 197.307
112.724542 204.749
112.730538 203.199
112.734616 204.353
112.741708 197.74
112.745712 193.414
112.751717 197.084
112.755613 197.952
112.761707 192.754
112.764721 194.263
112.770711 197.307
112.774714 194.918
112.780715 197.19
112.784694 202.089
112.790589 202.566
112.794548 201.02
112.800715 202.566
112.804711 196.797
112.810711 199.612
112.814714 199.612
112.820710 195.78
112.824704 194.918
112.830711 192.096
112.834713 189.021
112.840714 194.263
112.844713 200.125
112.850704 196.329
112.854614 200.125
112.860587 207.087
112.864717 206.787
112.870705 203.836
112.874714 205.38
112.880714 199.482
112.884694 195.133
112.892711 194.371
112.895721 191.442
112.900714 191.343
112.904713 192.961
112.910713 189.275
112.914707 192.754
112.920617 201.792
112.924586 204.749
112.930717 206.015
112.934714 204.607
112.940710 205.244
112.944713 199.151
112.950713 198.399
112.954706 200.771
112.960713 198.494
112.964713 193.331
112.970654 191.175
112.974712 197.952
112.980590 198.204
112.984588 195.78
112.990711 199.752
112.994710 206.814
113.000714 199.752
113.004709 196.665
113.010711 203.494
113.014704 199.361
113.020658 194.263
113.024708 199.361
113.030708 199.905
113.034716 193.933
113.040708 191.254
113.044580 200.771
113.050555 198.842
113.054712 199.361
113.060717 199.612
113.064715 196.665
113.070721 205.682
113.074714 201.159
113.080709 194.371
113.087649 195.898
113.089705 200.529
113.095721 196.163
113.099768 194.371
113.105711 195.256
113.109583 193.61
113.115559 195.021
113.119622 201.792
113.125617 207.251
113.129707 201.308
113.135765 199.482
113.139719 203.066
113.145710 206.932
113.149714 203.836
113.155714 195.673
113.159716 195.576
113.165719 193.724
113.169718 195.133
113.175579 195.133
113.179559 194.618
113.185713 197.434
113.189708 198.073
113.195654 201.636
113.199716 198.497
113.205706 193.982
113.209709 198.346
113.215719 197.57
113.219716 197.434
113.225713 195.021
113.229716 197.952
113.236606 198.073
113.240640 194.263
113.246604 193.61
113.250598 199.361
113.256674 200.771
113.259660 198.6
113.265668 197.19
113.269670 201.159
113.275658 196.431
113.282668 196.329
113.284661 197.841
113.290661 195.673
113.294665 194.918
113.300606 197.434
113.304554 196.665
113.310671 194.489
113.314668 196.797
113.330719 197.57
113.332705 196.026
113.342719 199.612
113.344711 198.346
113.345708 198.842
113.350715 198.073
113.354691 196.431
113.360714 201.02
113.365590 200.385
113.370519 201.02
113.374620 200.25
113.380619 197.307
113.384626 198.716
113.390621 198.204
113.394618 198.716
113.400631 197.307
113.404625 201.792
113.410626 195.78
113.414625 195.021
113.420626 201.936
113.424624 199.482
113.430626 197.307
113.434624 203.494
113.440622 203.342
113.444626 198.716
113.450626 198.977
113.455621 198.842
113.459625 198.842
113.465625 200.891
113.469624 201.658
113.475618 197.084
113.479627 198.6
113.485626 199.361
113.489538 200.125
113.495593 200.25
113.499594 204.607
113.505599 199.482
113.509593 199.612
113.515593 200.385
113.519594 197.952
113.525593 198.842
113.529677 200.891
113.535595 199.482
113.539589 202.428
113.545596 196.431
113.549594 194.918
113.555596 200.25
113.559593 196.543
113.565595 196.543
113.569594 200.385
113.575587 201.467
113.579593 195.78
113.585594 197.19
113.589582 205.38
113.595587 201.534
113.599592 197.841
113.605571 202.943
113.609595 200.01
113.616594 197.74
113.620595 196.329
113.626593 200.25
113.630588 200.385
113.636595 195.898
113.640594 198.977
113.645637 202.714
113.649626 199.612
113.655634 201.02
113.660627 202.714
113.664626 197.434
113.670625 195.021
113.674618 195.78
113.680627 198.842
113.684626 194.263
113.690628 195.133
113.694619 197.434
113.700632 195.78
113.704631 200.25
113.710626 199.612
113.714627 196.543
113.720629 197.649
113.724633 198.494
113.730627 198.6
113.734710 195.673
113.740713 195.576
113.744717 196.329
113.750718 200.01
113.754716 200.125
113.760717 197.307
113.764715 197.434
113.770717 194.489
113.774711 195.133
113.780715 195.898
113.784719 198.204
113.790723 195.898
113.794701 194.371
113.800722 199.752
113.804717 203.494
113.810718 198.977
113.814716 198.073
113.820717 200.529
113.824716 198.842
113.830716 198.842
113.834715 202.566
113.840600 198.716
113.844590 195.021
113.850579 197.307
113.854668 194.371
113.860684 195.133
113.864674 200.385
113.870671 196.026
113.874668 194.165
113.880672 198.716
113.884672 201.792
113.890668 196.431
113.894714 198.716
113.900725 202.566
113.904719 198.073
113.910720 193.507
113.914719 197.434
113.920719 200.25
113.924718 196.431
113.930718 198.073
113.934717 200.25
113.940717 198.716
113.944716 200.125
113.950717 196.431
113.954720 202.299
113.962718 206.932
113.969728 199.482
113.970712 195.256
113.975720 195.389
113.979718 192.2
113.985720 190.507
113.989719 197.434
113.995730 198.073
113.999735 191.442
114.005720 198.842
114.012714 202.566
114.014709 201.534
114.020721 201.792
114.026719 198.204
114.030718 194.165
114.036718 192.754
114.039721 197.084
114.045721 194.165
114.049720 196.329
114.057712 188.351
114.060712 191.919
114.065719 200.771
114.069718 203.708
114.075717 200.25
114.079717 198.842
114.085718 199.482
114.089721 202.714
114.095725 201.159
114.099725 194.263
114.105722 194.371
114.112719 196.026
114.114713 190.79
114.120720 192.315
114.124716 201.467
114.130715 196.665
114.134720 194.165
114.140726 200.891
114.144607 205.38
114.150726 201.42
114.154718 201.42
114.160646 199.151
114.164604 195.412
114.170593 199.251
114.174590 199.612
114.180782 196.431
114.184669 194.371
114.190599 195.898
114.194667 196.665
114.200670 194.489
114.204670 197.307
114.210669 198.073
114.214670 194.263
114.220671 193.724
114.224666 201.308
114.230670 198.204
114.234672 194.165
114.240670 195.898
114.244671 198.842
114.250597 196.026
114.254609 197.952
114.260677 199.612
114.264675 202.428
114.270666 201.02
114.274670 201.02
114.280671 197.307
114.284671 195.673
114.290669 197.19
114.294585 201.02
114.302009 198.842
114.304553 195.021
114.310679 195.898
