104.829563 127
104.835541 128
104.839528 129
104.845888 130
104.849665 132
104.855845 133
104.859847 133
104.865571 131
104.869554 130
104.875610 128
104.879661 127
104.885666 127
104.889666 126
104.895666 127
104.899556 129
104.905681 130
104.909599 132
104.915664 132
104.919662 131
104.925668 131
104.929667 130
104.935668 130
104.939658 128
104.945667 127
104.949661 126
104.955668 126
104.959659 127
104.965662 128
104.969672 129
104.975668 130
104.979662 131
104.985667 131
104.989666 131
104.995667 131
104.999661 131
105.005670 131
105.009641 130
105.016672 129
105.020669 127
105.026661 126
105.030660 126
105.036669 125
105.041669 126
105.044663 127
105.052668 129
105.054662 131
105.060666 131
105.064669 132
105.070664 132
105.074671 132
105.080667 131
105.084671 129
105.090667 129
105.094669 127
105.100665 126
105.104669 126
105.110538 126
105.114619 127
105.120623 128
105.124621 130
105.130613 130
105.134615 132
105.140620 132
105.144619 132
105.150628 131
105.154623 130
105.160624 129
105.164621 128
105.170622 126
105.174623 126
105.180625 126
105.184623 127
105.190623 129
105.194624 130
105.200671 131
105.204668 131
105.210634 132
105.214663 131
105.220672 131
105.224671 130
105.230666 129
105.234664 127
105.240673 127
105.244666 126
105.250658 125
105.254662 126
105.260671 126
105.264668 128
105.270670 128
105.274668 129
105.280664 129
105.284667 130
105.290669 130
105.294667 130
105.300664 129
105.304669 127
105.310665 126
105.314660 126
105.320621 127
105.324668 127
105.330667 128
105.334663 128
105.340671 129
105.344671 129
105.350666 128
105.354670 129
105.360671 129
105.364669 128
105.370669 127
105.374669 128
105.381670 129
105.385669 129
105.391670 129
105.395659 130
105.401668 130
105.404663 130
105.410671 130
105.414662 129
105.420541 129
105.424621 129
105.430532 129
105.434584 130
105.440576 130
105.444573 130
105.450575 130
105.454572 129
105.460572 129
105.464574 128
105.470576 128
105.474573 128
105.480575 129
105.484576 130
105.490572 130
105.494574 131
105.500571 131
105.504573 131
105.510574 131
105.514567 129
105.520575 127
105.524577 126
105.530579 125
105.534571 125
105.540571 127
105.544574 129
105.550576 130
105.554575 131
105.560575 131
105.564574 130
105.570574 128
105.574576 128
105.580580 128
105.584574 128
105.590576 128
105.594573 128
105.600572 128
105.604576 128
105.611581 128
105.616584 128
105.620575 129
105.624574 128
105.630567 128
105.634574 128
105.644577 128
105.648578 129
105.649568 129
105.661577 129
105.663569 129
105.664573 130
105.669573 129
105.675574 129
105.679578 129
105.685576 128
105.689574 128
105.695576 128
105.699577 128
105.705580 128
105.709576 129
105.715567 131
105.719664 130
105.725672 131
105.729676 131
105.735666 130
105.739663 129
105.745670 128
105.749670 128
105.755739 127
105.759665 126
105.766671 128
105.770674 129
105.776674 129
105.780674 129
105.786674 130
105.790672 130
105.795741 130
105.799665 130
105.805673 130
105.809677 130
105.815751 129
105.819669 129
105.825669 128
105.831665 128
105.834669 127
105.839741 127
105.844675 127
105.850685 127
105.854674 129
105.860674 130
105.864674 130
105.870671 131
105.874671 131
105.880681 130
105.884670 129
105.890675 129
105.894674 128
105.900527 127
105.904636 127
105.910629 128
105.914627 129
105.920626 130
105.924628 131
105.933626 132
105.935618 132
105.940627 132
105.944626 132
105.950626 131
105.954627 131
105.960627 129
105.964627 129
105.970627 129
105.974626 129
105.980629 129
105.984624 130
105.990628 130
105.994627 131
106.000621 131
106.004627 131
106.010627 131
106.014617 131
106.020565 131
106.024816 131
106.030574 131
106.034465 131
106.040561 131
106.044550 131
106.050549 131
106.054549 131
106.060551 132
106.064550 132
106.070546 132
106.074550 131
106.080555 131
106.084555 132
106.090552 131
106.094551 130
106.100549 130
106.104550 131
106.110550 130
106.114550 130
106.120546 131
106.124550 131
106.130583 132
106.136582 133
106.139574 133
106.144584 133
106.150588 133
106.154583 134
106.160585 133
106.164584 132
106.170580 131
106.174583 130
106.180580 129
106.184582 129
106.190584 130
106.194582 130
106.200583 131
106.204584 133
106.210583 134
106.214582 134
106.221580 134
106.225585 133
106.231584 132
106.235578 131
106.241584 131
106.244578 130
106.250582 130
106.254585 131
106.260584 131
106.264584 131
106.270578 132
106.274582 132
106.280582 133
106.284587 133
106.290584 133
106.294584 132
106.300585 132
106.304585 131
106.310582 131
106.314585 129
106.320580 129
106.324586 128
106.330586 128
106.334584 129
106.340585 129
106.347585 130
106.349585 131
106.355580 131
106.359583 132
106.365585 132
106.369576 132
106.375584 132
106.379584 131
106.385571 130
106.389585 130
106.395584 129
106.399577 128
106.405578 128
106.409584 127
106.415585 128
106.419572 129
106.425585 130
106.429586 130
106.435598 130
106.439585 129
106.445585 130
106.449585 130
106.455577 130
106.459587 130
106.465587 130
106.469582 129
106.475586 129
106.479585 129
106.485692 129
106.489680 129
106.495744 130
106.499667 131
106.505680 132
106.509678 133
106.515670 134
106.519762 134
106.525673 134
106.529676 133
106.535768 132
106.539667 131
106.545676 130
106.549680 130
106.555668 129
106.559669 130
106.565675 132
106.569681 133
106.575742 135
106.579658 137
106.585682 137
106.589675 135
106.595742 134
106.599710 132
106.605679 131
106.609678 130
106.615743 129
106.619555 129
106.625911 129
106.629537 131
106.635532 131
106.639542 131
106.645540 132
106.649540 134
106.655535 136
106.659540 137
106.665540 138
106.669532 139
106.675540 138
106.679539 135
106.685543 133
106.689542 132
106.695534 131
106.699539 130
106.705539 131
106.709539 132
106.715539 134
106.719545 136
106.725575 138
106.729576 139
106.735582 139
106.741587 138
106.744579 137
106.749587 136
106.755589 135
106.759588 133
106.765588 133
106.769587 132
106.775587 134
106.779587 134
106.785590 134
106.792589 136
106.794578 137
106.800588 138
106.804587 138
106.810587 137
106.814589 136
106.820583 135
106.824589 134
106.830502 133
106.834554 133
106.840558 132
106.844554 133
106.850555 134
106.854550 134
106.860555 135
106.864557 135
106.870559 135
106.874554 135
106.880555 135
106.884558 135
106.890559 135
106.894557 134
106.901555 134
106.905555 134
106.911555 133
106.915554 132
106.924557 132
106.928557 133
106.929549 134
106.940590 134
106.943580 134
106.944589 134
106.952587 134
106.954578 134
106.960590 134
106.964588 134
106.970571 135
106.974588 135
106.980583 133
106.984591 133
106.990589 133
106.994590 133
107.000583 133
107.004587 132
107.010586 133
107.014582 134
107.020559 136
107.024588 136
107.030590 136
107.034582 136
107.040586 135
107.044590 134
107.050591 133
107.054584 133
107.060590 133
107.064590 133
107.070609 132
107.074590 132
107.080592 133
107.084593 134
107.090591 134
107.094595 133
107.100593 134
107.104587 135
107.110589 135
107.114588 134
107.120584 134
107.124589 133
107.130583 132
107.134585 133
107.140590 134
107.144588 133
107.150587 134
107.154598 134
107.160598 132
107.164591 132
107.170590 131
107.174587 131
107.180589 131
107.184592 132
107.190586 133
107.194588 133
107.200592 133
107.206588 134
107.209589 134
107.214589 134
107.220518 134
107.224663 132
107.230540 131
107.235534 131
107.239541 131
107.245592 131
107.249590 132
107.258590 132
107.260584 132
107.265589 133
107.269580 133
107.275591 133
107.279591 134
107.285592 134
107.289583 134
107.295590 134
107.302591 133
107.304593 132
107.310590 132
107.314592 131
107.321582 132
107.325591 131
107.331590 132
107.335584 135
107.341590 136
107.345593 137
107.350593 138
107.354590 137
107.360591 136
107.364591 134
107.370591 133
107.374591 132
107.380591 132
107.384593 133
107.390586 133
107.395591 134
107.399593 134
107.405585 135
107.409591 135
107.415594 136
107.419592 136
107.425591 135
107.429591 134
107.435585 135
107.439584 134
107.445592 134
107.449591 134
107.455588 133
107.459591 133
107.465592 133
107.469595 132
107.475592 134
107.479593 134
107.485594 133
107.489586 134
107.495593 134
107.499591 133
107.505595 133
107.509592 132
107.515592 132
107.519592 132
107.525593 132
107.529591 132
107.535503 132
107.539586 132
107.545593 132
107.549591 132
107.555592 132
107.559586 133
107.565592 134
107.569592 134
107.575584 133
107.579592 134
107.585595 134
107.589584 134
107.595592 132
107.599592 131
107.605552 132
107.609591 132
107.615593 133
107.619593 133
107.625593 133
107.629584 133
107.635577 133
107.639583 134
107.645593 133
107.649592 133
107.655600 133
107.659594 133
107.665595 132
107.669592 132
107.675588 132
107.679593 132
107.685594 133
107.689589 133
107.695595 134
107.699594 134
107.705615 134
107.709593 133
107.715592 133
107.719591 133
107.725595 133
107.729596 133
107.735593 133
107.739586 132
107.745588 132
107.749593 133
107.755594 132
107.759586 132
107.765595 132
107.769593 133
107.775589 133
107.779593 134
107.785596 135
107.789595 134
107.795594 132
107.799594 132
107.805594 133
107.809593 133
107.816592 132
107.820594 132
107.826823 132
107.830540 132
107.836535 133
107.839467 133
107.845640 134
107.849629 135
107.855634 134
107.860636 135
107.864634 135
107.870635 135
107.874631 134
107.880635 134
107.884640 133
107.890630 133
107.894635 133
107.900635 133
107.907752 133
107.909673 133
107.915751 132
107.919720 133
107.925685 134
107.929685 134
107.935753 135
107.939653 134
107.945684 134
107.949684 134
107.955748 134
107.959761 133
107.965688 133
107.969687 134
107.975753 135
107.979722 135
107.985688 132
107.989685 132
107.995753 132
107.999728 132
108.005681 132
108.009680 133
108.015720 134
108.019749 134
108.025685 133
108.029683 133
108.035750 133
108.039589 133
108.045687 132
108.049686 132
108.055754 132
108.059720 132
108.065685 132
108.069684 133
108.075746 132
108.079748 133
108.085684 133
108.089682 133
108.095756 132
108.099722 131
108.104687 131
108.110687 132
108.114686 132
108.120686 131
108.124680 131
108.130665 132
108.135720 132
108.144685 131
108.145677 132
108.151753 132
108.156686 132
108.159719 132
108.164683 133
108.170684 133
108.174682 132
108.180687 132
108.184687 132
108.190595 131
108.194686 132
108.204691 132
108.208686 131
108.209678 131
108.220686 132
108.223777 131
108.224677 131
108.229685 131
108.235753 130
108.239784 130
108.245703 131
108.250688 132
108.254687 133
108.260682 134
108.264686 133
108.270686 132
108.274682 132
108.280688 132
108.284686 131
108.290712 131
108.294691 131
108.300691 132
108.304688 132
108.310687 132
108.314687 132
108.320683 132
108.324691 131
108.330687 131
108.334685 131
108.340654 130
108.344684 132
108.350689 132
108.354684 133
108.360685 133
108.364689 133
108.370690 132
108.375750 133
108.379750 132
108.388689 131
108.390678 131
108.395751 131
108.400685 130
108.406690 131
108.410688 132
108.416685 133
108.420683 133
108.426738 134
108.429680 133
108.435578 132
108.442597 132
108.444591 132
108.450593 131
108.454592 130
108.460589 131
108.464594 132
108.470591 131
108.474593 130
108.480595 131
108.484592 132
108.490594 132
108.494591 133
108.500594 133
108.504591 132
108.510589 131
108.514590 131
108.520591 131
108.524573 131
108.530597 130
108.534595 130
108.540595 131
108.544588 131
108.550592 131
108.554592 131
108.560590 131
108.567592 131
108.569591 131
108.575590 132
108.580594 133
108.584630 132
108.590593 132
108.594592 132
108.600596 132
108.604590 132
108.610591 130
108.614595 129
108.620594 129
108.624594 130
108.630592 130
108.634595 130
108.640594 129
108.644591 130
108.650594 130
108.657594 130
108.659587 131
108.665596 131
108.669594 130
108.675603 130
108.679596 130
108.685594 131
108.689592 131
108.695589 131
108.699594 130
108.705588 131
108.709586 131
108.715595 132
108.719593 132
108.725598 132
108.729594 131
108.735594 130
108.739593 130
108.744672 129
108.750684 129
108.754788 131
108.760687 132
108.764691 132
108.770691 131
108.774691 132
108.780691 133
108.784690 131
108.790691 131
108.794684 131
108.800693 131
108.804691 131
108.810686 131
108.814690 132
108.820690 133
108.824689 133
108.830691 134
108.834694 133
108.841690 133
108.845682 134
108.851759 134
108.855728 133
108.863757 133
108.865681 132
108.870689 132
108.874692 132
108.880692 132
108.884691 132
108.890693 133
108.894682 133
108.900691 134
108.904689 134
108.910686 134
108.914690 134
108.920685 134
108.924689 134
108.930690 134
108.934688 134
108.940689 134
108.944753 133
108.957692 133
108.959757 132
108.962683 131
108.964688 130
108.970689 130
108.974692 130
108.980692 130
108.984691 130
108.990693 131
108.994678 131
109.000686 132
109.004689 132
109.010680 132
109.014685 133
109.020694 135
109.025054 134
109.030854 134
109.034583 133
109.040683 133
109.044692 131
109.050687 130
109.054691 130
109.060686 129
109.064690 130
109.070690 129
109.077687 129
109.082692 130
109.084686 131
109.090689 132
109.094688 133
109.100693 133
109.104692 132
109.110687 132
109.114691 131
109.120692 130
109.124685 128
109.130685 129
109.134690 129
109.140691 130
109.144694 131
109.150688 131
109.154692 131
109.160689 131
109.164691 131
109.170692 130
109.174690 130
109.180691 129
109.184690 129
109.190692 130
109.197685 131
109.199762 130
109.205697 131
109.209691 131
109.215758 131
109.219757 131
109.225695 131
109.229695 131
109.235759 130
109.239729 130
109.245694 131
109.249684 131
109.255765 131
109.259729 131
109.268691 132
109.270684 132
109.275757 133
109.279756 133
109.285685 132
109.289696 131
109.295758 131
109.299729 130
109.305694 130
109.309692 130
109.315757 129
109.319727 128
109.325702 130
109.329693 130
109.335761 130
109.339758 131
109.345693 132
109.349683 134
109.355760 135
109.361687 135
109.364691 135
109.369695 133
109.375757 132
109.379727 130
109.385695 130
109.389695 130
109.395759 130
109.400690 130
109.404698 131
109.410632 131
109.414693 131
109.420693 131
109.424691 132
109.430693 132
109.434697 131
109.440693 131
109.444690 132
109.450689 133
109.454692 132
109.460703 133
109.464697 132
109.470698 130
109.474697 129
109.484693 130
109.488693 130
109.489684 130
109.500693 131
109.503770 131
109.508695 132
109.509688 132
109.514695 132
109.520693 131
109.524689 131
109.530695 130
109.534694 130
109.540695 130
109.544700 129
109.550689 129
109.554685 128
109.560694 129
109.564693 130
109.570689 131
109.574685 131
109.580693 131
109.584691 131
109.590693 130
109.594628 131
109.600692 131
109.604694 130
109.610696 129
109.614694 129
109.620694 129
109.624693 129
109.630869 129
109.634682 130
109.640687 130
109.644589 129
109.650568 129
109.654693 129
109.660695 129
109.664695 128
109.670695 129
109.674694 130
109.680689 130
109.684692 131
109.693697 131
109.694694 132
109.699778 132
109.705702 131
109.709697 130
109.715758 129
109.720697 128
109.726698 127
109.730687 127
109.736697 127
109.740695 128
109.745690 131
109.749694 131
109.755601 132
109.759761 133
109.765694 134
109.769696 133
109.775761 132
109.779730 132
109.785696 130
109.789695 129
109.795761 129
109.799728 128
109.805694 128
109.809698 128
109.815759 128
109.819760 129
109.825698 131
109.829688 132
109.835761 133
109.839730 133
109.845691 133
109.849694 132
109.855771 131
109.859736 131
109.865698 131
109.869693 131
109.875759 131
109.879759 132
109.885697 133
109.889688 132
109.895762 132
109.899731 132
109.905697 132
109.909695 131
109.915761 131
109.919730 130
109.925695 130
109.929686 131
109.935769 130
109.940689 129
109.944697 130
109.950693 131
109.954689 132
109.960703 132
109.966699 132
109.969697 132
109.974696 133
109.980696 131
109.984695 130
109.990691 129
109.994699 129
110.000694 128
110.004698 130
110.010689 130
110.014688 131
110.020691 132
110.024699 131
110.030690 131
110.034697 131
110.040699 130
110.044698 129
110.050698 128
110.054691 128
110.060698 128
110.064698 128
110.070698 130
110.074697 131
110.080688 132
110.084635 133
110.090693 132
110.094695 132
110.100696 131
110.104698 131
110.110695 130
110.114690 130
110.120691 129
110.124688 129
110.130692 129
110.134696 130
110.140698 131
110.144692 131
110.150691 130
110.154560 131
110.160652 131
110.164648 131
110.170649 130
110.174648 129
110.180645 128
110.184647 128
110.190647 128
110.194648 129
110.201648 129
110.205648 130
110.211648 131
110.215640 130
110.221649 130
110.225648 130
110.230756 128
110.234649 128
110.240636 127
110.244637 128
110.250654 129
110.254584 129
110.260650 129
110.264649 131
110.270647 132
110.275653 131
110.279658 131
110.285651 130
110.289647 129
110.295652 128
110.299644 128
110.305651 129
110.309652 129
110.315647 130
110.319653 132
110.325652 133
110.329655 132
110.335651 132
110.341652 132
110.344695 131
110.349700 131
110.355756 130
110.361703 129
110.364692 128
110.369699 130
110.375764 131
110.379757 131
110.385699 132
110.389693 134
110.395764 134
110.399734 133
110.405704 132
110.409698 131
110.415760 130
110.419761 130
110.425698 129
110.429697 129
110.435772 130
110.439731 131
110.445702 132
110.449701 133
110.455749 132
110.460695 132
110.466701 131
110.470701 131
110.475767 131
110.481695 132
110.485697 132
110.490698 132
110.494701 131
110.500696 130
110.504699 130
110.510700 130
110.514694 131
110.520700 132
110.524698 132
110.530704 132
110.534697 132
110.540703 131
110.544701 131
110.550702 130
110.555767 130
110.559746 129
110.565701 129
110.569699 129
110.575759 130
110.579735 131
110.585700 131
110.589624 131
110.595763 132
110.599760 133
110.605699 133
110.609702 131
110.615761 131
110.619738 131
110.625704 131
110.629694 131
110.635762 131
110.639738 132
110.645703 132
110.650701 133
110.654699 132
110.660694 132
110.666695 130
110.669703 130
110.674697 130
110.680712 129
110.684702 128
110.690697 129
110.694700 129
110.700696 131
110.704700 132
110.710700 133
110.714703 134
110.720694 135
110.724682 134
110.730719 135
110.734701 133
110.740701 131
110.744700 131
110.750702 130
110.763745 129
110.768696 129
110.769693 129
110.771733 128
110.780701 129
110.783762 131
110.784692 130
110.789700 129
110.795762 131
110.801701 131
110.804696 131
110.809703 131
110.815764 132
110.819736 131
110.829095 132
110.830692 131
110.835879 131
110.839737 130
110.848703 130
110.850692 131
110.855766 130
110.859735 131
110.865695 130
110.869700 130
110.875759 130
110.880705 130
110.886703 131
110.890700 131
110.899763 131
110.900692 132
110.905700 132
110.909703 132
110.915763 132
110.919737 132
110.925703 132
110.929701 132
110.935761 132
110.939734 131
110.945701 132
110.949692 132
110.955767 132
110.959771 132
110.965695 132
110.972702 132
110.974695 132
110.980704 132
110.984703 131
110.990642 131
110.994702 131
111.000697 130
111.004701 130
111.010697 129
111.014692 129
111.020702 128
111.024704 129
111.030706 131
111.034704 132
111.040704 133
111.044702 133
111.050698 133
111.054702 131
111.060703 131
111.064593 130
111.070699 129
111.074702 128
111.080703 128
111.084702 128
111.090661 128
111.094706 129
111.100701 129
111.104704 129
111.110701 130
111.114704 131
111.120703 131
111.124698 130
111.130696 130
111.134695 131
111.140701 131
111.144704 130
111.150700 130
111.157702 130
111.159843 130
111.165571 130
111.169650 131
111.175653 130
111.179645 129
111.185654 130
111.189652 129
111.195657 129
111.199644 130
111.205663 130
111.209656 131
111.216654 131
111.220656 132
111.226655 133
111.230656 134
111.236656 133
111.240657 133
111.245656 133
111.249652 130
111.255656 129
111.259649 129
111.265643 128
111.269648 129
111.275656 130
111.281657 131
111.284651 132
111.289656 132
111.295660 133
111.299647 133
111.305656 133
111.309658 133
111.315656 133
111.319765 133
111.325702 132
111.329697 131
111.338704 130
111.340698 130
111.345705 129
111.349709 130
111.355766 130
111.359738 130
111.365703 130
111.369700 132
111.375765 132
111.379770 132
111.385703 132
111.389706 132
111.395765 133
111.399639 132
111.405706 131
111.409704 132
111.415766 132
111.419738 130
111.425704 130
111.429727 130
111.436054 129
111.439745 129
111.445686 131
111.449731 132
111.455750 131
111.459738 131
111.465705 133
111.469698 131
111.475759 129
111.479735 130
111.485711 129
111.489703 128
111.495767 129
111.499722 128
111.505703 129
111.509702 130
111.515773 130
111.519737 130
111.525702 131
111.529705 131
111.535765 130
111.539734 131
111.545704 131
111.549679 131
111.555766 131
111.559766 131
111.565715 130
111.569699 129
111.575714 129
111.579763 130
111.585701 129
111.589696 128
111.595769 128
111.599734 128
111.605704 129
111.609707 129
111.615713 132
111.619763 131
111.625707 130
111.629698 131
111.638705 132
111.640699 131
111.645706 130
111.649704 131
111.655768 130
111.659740 129
111.665708 129
111.669699 129
111.675764 128
111.680708 128
111.686709 128
111.690708 128
111.696708 129
111.700715 130
111.705704 132
111.709707 133
111.715711 133
111.719771 132
111.725707 132
111.729706 131
111.735759 130
111.739759 129
111.745705 128
111.749709 128
111.755766 129
111.759737 130
111.765709 130
111.769687 131
111.775793 132
111.779774 133
111.785703 132
111.789706 132
111.795763 130
111.799762 130
111.805706 129
111.809709 128
111.815718 128
111.819765 129
111.825711 128
111.829711 129
111.835763 131
111.839738 131
111.845708 131
111.849706 131
111.855769 132
111.859759 131
111.865707 131
111.869705 131
111.875783 131
111.879742 130
111.885704 129
111.889707 129
111.895763 129
111.899744 129
111.905707 129
111.909706 128
111.915768 128
111.919759 128
111.925705 129
111.929696 130
111.935762 130
111.939735 131
111.945708 130
111.949707 130
111.955712 130
111.959760 129
111.965717 129
111.969705 129
111.975769 129
111.979768 129
111.985699 130
111.989708 130
111.995767 130
111.999745 129
112.005708 129
112.009703 129
112.015762 128
112.019739 129
112.025706 129
112.029710 130
112.043605 129
112.047589 130
112.048608 131
112.050603 130
112.059622 129
112.062610 130
112.064608 130
112.070604 129
112.074607 129
112.080611 129
112.084615 130
112.090612 130
112.094613 129
112.100619 130
112.109613 129
112.110606 128
112.115610 129
112.119605 129
112.125606 128
112.129601 128
112.135605 129
112.139611 129
112.145611 130
112.149607 131
112.155610 131
112.159611 131
112.165701 132
112.171770 132
112.174700 131
112.181705 131
112.188706 130
112.189699 129
112.194703 129
112.200706 127
112.204865 126
112.210584 128
112.214583 129
112.220584 131
112.224584 133
112.230584 133
112.234583 133
112.240584 134
112.244584 133
112.250583 131
112.254584 131
112.260583 129
112.264583 128
112.270584 129
112.275583 130
112.279584 130
112.285592 131
112.289585 132
112.295588 132
112.299584 132
112.305585 131
112.309584 131
112.315584 130
112.319583 129
112.325583 130
112.329584 130
112.335582 129
112.339584 130
112.345583 131
112.349583 131
112.355584 130
112.359584 129
112.365592 129
112.369585 129
112.375583 129
112.379584 129
112.385577 128
112.389584 129
112.395590 130
112.399585 130
112.405585 130
112.409585 130
112.415592 131
112.419585 131
112.425586 129
112.429586 128
112.435577 128
112.441585 126
112.445586 126
112.451586 125
112.455584 125
112.461585 126
112.464586 127
112.470585 128
112.476585 130
112.479582 131
112.484585 132
112.490586 132
112.494590 131
112.500585 131
112.504585 130
112.510585 129
112.514585 128
112.520586 126
112.524585 124
112.530592 124
112.540526 125
112.540535 126
112.544591 127
112.550587 129
112.554580 130
112.560586 131
112.564594 131
112.570581 132
112.574587 130
112.580588 129
112.584582 128
112.590587 126
112.594586 124
112.600543 123
112.604511 125
112.610587 126
112.614587 129
112.620584 131
112.624586 133
112.630653 132
112.634664 132
112.640573 131
112.644573 129
112.650577 128
112.654664 128
112.660603 127
112.664551 126
112.670583 126
112.674585 129
112.680583 130
112.684582 131
112.690584 131
112.694579 131
112.700586 130
112.704585 129
112.710585 128
112.714585 128
112.720583 127
112.724542 128
112.730538 128
112.734616 129
112.741708 129
112.745712 129
112.751717 130
112.755613 130
112.761707 130
112.764721 130
112.770711 130
112.774714 129
112.780715 127
112.784694 126
112.790589 126
112.794548 125
112.800715 125
112.804711 126
112.810711 127
112.814714 128
112.820710 129
112.824704 131
112.830711 131
112.834713 132
112.840714 132
112.844713 131
112.850704 128
112.854614 126
112.860587 124
112.864717 121
112.870705 120
112.874714 122
112.880714 124
112.884694 127
112.892711 129
112.895721 130
112.900714 131
112.904713 132
112.910713 131
112.914707 130
112.920617 128
112.924586 125
112.930717 123
112.934714 122
112.940710 123
112.944713 123
112.950713 126
112.954706 128
112.960713 129
112.964713 130
112.970654 129
112.974712 129
112.980590 128
112.984588 126
112.990711 125
112.994710 124
113.000714 124
113.004709 125
113.010711 127
113.014704 128
113.020658 129
113.024708 131
113.030708 131
113.034716 131
113.040708 129
113.044580 128
113.050555 124
113.054712 123
113.060717 122
113.064715 124
113.070721 127
113.074714 128
113.080709 129
113.087649 130
113.089705 131
113.095721 130
113.099768 130
113.105711 130
113.109583 128
113.115559 126
113.119622 125
113.125617 124
113.129707 124
113.135765 124
113.139719 125
113.145710 127
113.149714 128
113.155714 129
113.159716 130
113.165719 130
113.169718 130
113.175579 129
113.179559 128
113.185713 127
113.189708 126
113.195654 126
113.199716 126
113.205706 126
113.209709 127
113.215719 128
113.219716 129
113.225713 130
113.229716 131
113.236606 131
113.240640 130
113.246604 130
113.250598 129
113.256674 127
113.259660 125
113.265668 125
113.269670 126
113.275658 128
113.282668 130
113.284661 131
113.290661 131
113.294665 131
113.300606 130
113.304554 128
113.310671 127
113.314668 127
113.330719 126
113.332705 126
113.342719 127
113.344711 127
113.345708 127
113.350715 129
113.354691 128
113.360714 127
113.365590 126
113.370519 125
113.374620 125
113.380619 125
113.384626 126
113.390621 127
113.394618 129
113.400631 129
113.404625 129
113.410626 128
113.414625 127
113.420626 126
113.424624 124
113.430626 124
113.434624 125
113.440622 126
113.444626 126
113.450626 128
113.455621 128
113.459625 128
113.465625 128
113.469624 127
113.475618 127
113.479627 127
113.485626 127
113.489538 126
113.495593 127
113.499594 127
113.505599 127
113.509593 127
113.515593 127
113.519594 127
113.525593 127
113.529677 128
113.535595 127
113.539589 128
113.545596 128
113.549594 129
113.555596 130
113.559593 129
113.565595 128
113.569594 127
113.575587 127
113.579593 126
113.585594 127
113.589582 127
113.595587 127
113.599592 128
113.605571 129
113.609595 129
113.616594 129
113.620595 129
113.626593 129
113.630588 127
113.636595 127
113.640594 127
113.645637 127
113.649626 127
113.655634 127
113.660627 128
113.664626 128
113.670625 129
113.674618 130
113.680627 130
113.684626 129
113.690628 129
113.694619 128
113.700632 127
113.704631 127
113.710626 128
113.714627 127
113.720629 128
113.724633 129
113.730627 129
113.734710 129
113.740713 129
113.744717 129
113.750718 129
113.754716 128
113.760717 128
113.764715 128
113.770717 128
113.774711 128
113.780715 129
113.784719 129
113.790723 129
113.794701 128
113.800722 128
113.804717 128
113.810718 128
113.814716 127
113.820717 126
113.824716 125
113.830716 125
113.834715 126
113.840600 127
113.844590 127
113.850579 128
113.854668 127
113.860684 127
113.864674 126
113.870671 126
113.874668 126
113.880672 127
113.884672 127
113.890668 127
113.894714 127
113.900725 128
113.904719 127
113.910720 126
113.914719 127
113.920719 126
113.924718 126
113.930718 127
113.934717 128
113.940717 127
113.944716 127
113.950717 128
113.954720 128
113.962718 127
113.969728 127
113.970712 128
113.975720 130
113.979718 130
113.985720 130
113.989719 131
113.995730 129
113.999735 128
114.005720 127
114.012714 124
114.014709 123
114.020721 123
114.026719 125
114.030718 127
114.036718 129
114.039721 132
114.045721 133
114.049720 134
114.057712 132
114.060712 130
114.065719 128
114.069718 126
114.075717 124
114.079717 123
114.085718 124
114.089721 126
114.095725 128
114.099725 130
114.105722 131
114.112719 131
114.114713 130
114.120720 130
114.124716 129
114.130715 127
114.134720 125
114.140726 124
114.144607 124
114.150726 124
114.154718 126
114.160646 127
114.164604 127
114.170593 128
114.174590 128
114.180782 127
114.184669 126
114.190599 127
114.194667 127
114.200670 127
114.204670 127
114.210669 128
114.214670 128
114.220671 128
114.224666 128
114.230670 128
114.234672 128
114.240670 128
114.244671 128
114.250597 128
114.254609 127
114.260677 127
114.264675 127
114.270666 126
114.274670 126
114.280671 126
114.284671 126
114.290669 126
114.294585 128
114.302009 129
114.304553 129
114.310679 130
