200.443213 236.867
200.449125 245.316
200.453076 235.493
200.462205 221.761
200.465275 230.445
200.467255 237.947
200.473077 253.01
200.477075 238.682
200.483082 236.373
200.487089 239.637
200.493086 232.914
200.497018 246.118
200.503083 241.114
200.507093 241.114
200.513086 234.071
200.517087 230.532
200.523086 247.861
200.527087 239.502
200.533086 239.842
200.539094 233.679
200.542077 237.926
200.547080 238.411
200.553162 238.002
200.557169 245.351
200.563160 235.869
200.567166 240.736
200.573169 240.844
200.577168 239.754
200.583158 244.203
200.587165 230.705
200.593166 234.866
200.597165 242.975
200.603163 240.377
200.607165 235.953
200.613167 237.12
200.617166 236.502
200.623166 232.306
200.627165 240.289
200.633166 241.588
200.637165 235.519
200.643165 236.683
200.647165 240.601
200.653173 243.553
200.657168 237.247
200.663157 236.535
200.667070 243.405
200.676171 242.786
200.678160 234.713
200.683164 236.459
200.690168 241.481
200.692164 236.459
200.698173 235.23
200.702167 241.963
200.708170 240.869
200.712170 234.216
200.718168 238.508
200.722171 242.905
200.728170 239.679
200.732170 236.565
200.738169 239.604
200.742169 242.704
200.748106 239.637
200.752168 236.535
200.758163 240.844
200.762168 243.957
200.768168 233.568
200.772169 234.806
200.778168 240.535
200.782165 238.692
200.788104 237.977
200.792171 239.779
200.799165 237.977
200.803168 236.565
200.809169 240.339
200.813168 243.59
200.819170 239.679
200.822168 237.813
200.828170 239.541
200.832169 243.871
200.838169 240.869
200.842170 237.784
200.848168 239.779
200.852170 244.855
200.858170 237.344
200.862170 236.78
200.868104 241.093
200.872168 239.892
200.878169 236.713
200.882163 239.604
200.888168 241.506
200.892167 237.876
200.898166 239.604
200.902167 242.066
200.908168 242.819
200.912168 240.452
200.918113 237.977
200.922170 241.06
200.928171 242.351
200.932179 239.071
200.938171 238.975
200.942169 243.957
200.948171 239.675
200.952171 234.139
200.958170 241.431
200.962170 246.028
200.968164 241.506
200.972172 237.725
200.978170 242.26
200.982108 239.779
200.991171 237.851
200.993171 240.927
200.998169 238.244
201.002110 235.843
201.008171 238.866
201.012109 240.289
201.018171 241.481
201.022170 237.762
201.028056 235.953
201.032007 239.021
201.038090 240.485
201.042104 237.462
201.048171 236.738
201.052171 237.834
201.058170 239.1
201.062170 237.834
201.068163 239.579
201.072171 239.008
201.078171 235.323
201.082167 234.713
201.088173 238.95
201.092172 243.43
201.098173 241.035
201.102157 237.474
201.108177 240.585
201.112177 239.222
201.118171 240.31
201.122171 242.761
201.128109 239.729
201.132211 235.391
201.138172 233.474
201.142171 237.75
201.148170 241.01
201.152172 236.182
201.158166 236.65
201.162171 238.002
201.168164 236.106
201.174171 236.755
201.177171 242.014
201.182170 238.33
201.188173 231.465
201.192172 232.495
201.198170 240.585
201.202171 239.502
201.208177 232.487
201.212172 234.293
201.218167 238.103
201.222173 236.916
201.228172 236.186
201.232171 238.969
201.238171 240.705
201.242169 234.459
201.248171 235.637
201.252171 236.823
201.258173 236.738
201.262172 236.186
201.269168 236.818
201.273171 235.637
201.279172 239.389
201.283178 236.916
201.289174 237.668
201.292165 233.382
201.298173 235.198
201.302172 238.743
201.308176 237.021
201.312171 234.557
201.318167 231.478
201.322172 237.017
201.328178 238.969
201.332174 235.296
201.338171 235.402
201.342173 236.592
201.348173 237.363
201.352172 234.107
201.358172 237.135
201.362172 237.135
201.368079 235.977
201.372169 234.685
201.378174 235.858
201.382172 238.439
201.388173 234.009
201.392174 234.549
201.398175 239.502
201.402173 235.943
201.408178 233.739
201.412174 233.382
201.418169 237.257
201.422174 238.029
201.428174 238.556
201.432172 238.168
201.438175 235.665
201.442172 236.307
201.448172 235.771
201.452174 233.268
201.458173 233.583
201.462174 232.848
201.468191 234.6
201.472171 235.799
201.478173 230.274
201.482175 234.715
201.488175 238.619
201.492174 235.427
201.498480 236.715
201.502174 236.829
201.508177 237.489
201.512174 238.82
201.518169 234.881
201.522174 230.308
201.528171 232.693
201.532181 236.36
201.538171 236.402
201.542171 232.088
201.548173 232.714
201.552172 231.728
201.558172 234.192
201.562171 236.757
201.568181 235.805
201.572166 232.108
201.578172 229.486
201.582171 236.595
201.588172 234.083
201.592173 231.484
201.598171 231.948
201.604176 233.947
201.607161 232.644
201.612172 231.918
201.618167 237.196
201.622173 237.859
201.628112 234.367
201.632227 235.398
201.646215 238.256
201.648150 233.208
201.650201 232.938
201.655212 237.493
201.665222 233.268
201.668212 231.311
201.670200 235.648
201.672148 237.323
201.678215 232.989
201.682218 229.116
201.688219 238
201.692222 234.881
201.698218 234.97
201.702213 231.746
201.708228 227.59
201.712221 230.434
201.718217 233.114
201.722221 232.433
201.728217 229.98
201.734129 229.017
201.737224 229.061
201.742223 229.578
201.748224 235.366
201.752226 234.755
201.758223 227.126
201.762221 230.193
201.768221 233.294
201.772214 232.785
201.778221 231.35
201.782219 232.785
201.788219 232.28
201.792218 229.456
201.798224 230.063
201.802218 236.11
201.807216 235.987
201.813219 229.709
201.817222 228.373
201.823224 232.323
201.827222 238.416
201.833223 238
201.837221 232.248
201.843222 228.537
201.849222 229.316
201.853222 235.724
201.857220 237.133
201.863220 232.108
201.867223 227.879
201.873216 228.661
201.877220 236.381
201.883225 236.916
201.887216 230.224
201.896222 227.484
201.898214 233.028
201.903219 235.767
201.909225 230.786
201.912215 227.901
201.917222 229.196
201.923220 230.415
201.927225 233.026
201.933225 231.041
201.937223 232.906
201.944224 232.794
201.948223 230.224
201.954223 230.224
201.958223 232.082
201.963222 233.439
201.967226 232.134
201.973217 230.254
201.977216 228.399
201.983222 229.682
201.990225 235.259
201.992215 237.086
201.998223 231.432
202.002213 227.655
202.008219 230.454
202.012159 233.214
202.018223 230.454
202.022212 230.358
202.028221 230.358
202.035228 230.141
202.037225 236.425
202.043220 235.767
202.047224 230.838
202.053225 230.708
202.057224 232.644
202.063224 236.08
202.067223 233.538
202.073229 230.358
202.077222 230.502
202.083222 232.833
202.087216 232.138
202.093222 232.833
202.097219 232.833
202.103220 230.872
202.107216 232.082
202.113223 234.862
202.117222 234.152
202.123219 232.323
202.127204 231.817
202.133222 232.691
202.137222 231.666
202.143221 231.571
202.147221 230.786
202.153216 231.948
202.157225 231.571
202.163224 231.011
202.170221 231.262
202.172223 233.979
202.178218 231.925
202.182223 232.177
202.188219 235.202
202.192222 235.087
202.198222 228.469
202.202159 231.123
202.208222 229.97
202.215223 231.123
202.217224 234.254
202.225224 230.714
202.227102 229.996
202.232570 229.436
202.238095 234.6
202.242086 237.807
202.248097 232.641
202.252074 231.214
202.258096 227.451
202.262096 231.123
202.268094 232.134
202.272098 234.254
202.278096 232.88
202.282098 228.983
202.288095 231.158
202.292099 233.142
202.298098 230.502
202.302116 234.361
202.308100 231.063
202.312097 228.342
202.318097 232.734
202.322099 237.365
202.328098 234.977
202.332098 229.665
202.338098 228.635
202.342097 231.314
202.348099 229.904
202.352100 232.534
202.358098 233.756
202.362100 229.822
202.368105 229.105
202.372099 233
202.378096 233.658
202.382101 230.976
202.388099 231.718
202.392098 230.714
202.398098 227.901
202.402099 232.833
202.408100 235.527
202.412099 230.358
202.418098 229.626
202.422097 232.28
202.428099 232.936
202.432098 231.484
202.438095 231.484
202.442098 234.156
202.448100 229.682
202.452098 231.571
202.458097 232.983
202.462098 231.11
202.468098 232.138
202.472099 230.315
202.478173 231.523
202.482175 230.786
202.489180 229.114
202.493178 232.134
202.499178 233.947
202.503182 232.134
202.509184 230.976
202.513181 231.571
202.523179 232.88
202.526178 235.366
202.528173 233.645
202.534180 227.425
202.538173 229.761
202.544179 234.267
202.548179 234.31
202.554176 227.39
202.558179 226.806
202.564178 228.024
202.568180 228.744
202.574178 237.92
202.578170 232.504
202.584180 226.674
202.588179 232.28
202.592179 235.746
202.598175 235.869
202.602180 232.441
202.608181 230.523
202.612180 229.109
202.618180 231.389
202.622181 235.366
202.628115 239.084
202.632180 231.484
202.638176 225.235
202.642180 226.74
202.648189 234.254
202.652181 235.527
202.658181 230.872
202.662178 228.688
202.671176 227.853
202.673180 231.071
202.679169 236.241
202.682166 233.568
202.687168 230.933
202.692174 231.623
202.698180 231.976
202.702181 232.375
202.708181 234.096
202.712181 235.417
202.718183 230.708
202.722170 228.795
202.728184 231.484
202.732181 231.407
202.738175 229.889
202.742180 225.819
202.748179 226.281
202.752180 230.098
202.758180 239.309
202.762179 235.735
202.768182 230.204
202.772180 234.776
202.778180 233.602
202.782181 235.835
202.788174 239.977
202.792182 237.685
202.798182 229.273
202.802181 225.757
202.808188 226.892
202.812182 231.978
202.818181 234.602
202.822173 229.578
202.828115 228.429
202.832120 232.779
202.838135 231.087
202.842124 232.166
202.848168 234.233
202.852229 230.098
202.858228 233.673
202.862230 238.046
202.868231 236.29
202.872226 234.423
202.878226 228.851
202.882221 231.303
202.888225 237.83
202.892228 238.128
202.898229 228.46
202.902228 223.459
202.908229 227.853
202.912227 230.185
202.926224 235.174
202.928222 231.389
202.930220 229.98
202.944230 229.456
202.946223 232.558
202.947220 234.465
202.948228 237.112
202.954167 235.665
202.958228 235.427
202.964228 235.24
202.968227 229.741
202.973231 233.36
202.977228 234.235
202.983229 232.385
202.987116 232.989
202.993186 231.858
202.997181 229.865
203.003174 235.705
203.007182 236.216
203.013177 233.525
203.017182 230.02
203.023178 233.178
203.027182 242.448
203.033184 235.58
203.037182 227.269
203.043182 227.833
203.047181 236.563
203.053183 242.103
203.060184 235.174
203.062173 231.329
203.068184 231.679
203.072182 236.191
203.078182 236.865
203.082182 236.047
203.088304 236.833
203.092184 231.556
203.098183 234.779
203.102182 235.977
203.108187 233.028
203.112183 231.633
203.118180 231.435
203.124181 233.206
203.128121 237.034
203.132182 234.651
203.138119 233.583
203.142184 237.493
203.148182 232.39
203.152183 234.647
203.158183 233.036
203.162182 236.846
203.168183 234.762
203.174176 233.283
203.177181 237.034
203.182181 236.411
203.188113 235.359
203.192173 235.215
203.198181 237.828
203.202197 233.403
203.208189 232.577
203.212184 233.604
203.218183 234.881
203.222178 233.472
203.228183 237.017
203.232183 238.204
203.238180 234.455
203.242184 232.732
203.248184 235.735
203.252183 240.576
203.258184 238.743
203.262186 239.51
203.268180 240.291
203.272186 237.668
203.278184 238.33
203.282184 234.459
203.288225 234.288
203.292177 238.851
203.298184 237.777
203.302184 232.093
203.308185 232.727
203.312184 233.365
203.318182 236.373
203.323179 237.017
203.329180 237.777
203.333183 237.363
203.339176 239.211
203.343182 239.618
203.348181 236.053
203.352180 235.291
203.358183 237.127
203.362181 239.094
203.368183 237.021
203.372185 232.667
203.378181 236.186
203.382182 237.462
203.388180 235.841
203.392174 237.017
203.398181 236.284
203.402182 239.527
203.408128 240.312
203.412183 238.877
203.418181 236.504
203.422101 235.748
203.428182 233.748
203.433125 239.201
203.437224 240.576
203.443222 239.729
203.447221 234.147
203.453232 235.391
203.457227 239.729
203.463223 238.747
203.467230 236.73
203.473225 234.921
203.477229 235.548
203.483229 237.462
203.487228 235.189
203.492222 235.943
203.498229 237.68
203.502231 236.924
203.508107 238.65
203.512232 236.182
203.518232 236.186
203.522209 235.476
203.528231 237.914
203.532230 238.65
203.538230 239.284
203.542233 238.851
203.548234 240.037
203.552233 237.462
203.558230 234.241
203.562232 235.663
203.568233 239.954
203.572232 236.924
203.578232 237.373
203.582231 236.021
203.588232 240.368
203.592230 239.729
203.598231 238.002
203.602230 237.914
203.608227 235.637
203.612234 238.65
203.618230 238.002
203.622233 238.002
203.628178 233.662
203.632228 234.84
203.638233 236.186
203.642234 236.373
203.648233 235.637
203.652233 234.369
203.658229 237.926
203.662233 238.562
203.668238 238.65
203.672233 237.462
203.678233 235.565
203.682236 235.493
203.688232 240.485
203.692160 238.002
203.698226 234.849
203.702230 237.373
203.708226 239.293
203.712239 237.926
203.718230 234.921
203.722229 237.914
203.728224 235.395
203.735246 237.205
203.740231 242.31
203.744226 238.103
203.750230 240.042
203.754234 236.487
203.760235 235.198
203.763224 239.426
203.769232 238.78
203.773139 239.334
203.779232 236.199
203.783231 237.28
203.789232 234.84
203.793098 236.021
203.799184 238.458
203.802191 241.118
203.807180 238.667
203.813189 236.856
203.817184 238.935
203.823186 241.661
203.827184 237.563
203.833180 234.985
203.837186 240.977
203.843178 236.755
203.847185 236.65
203.853186 241.464
203.857178 239.641
203.863186 236.578
203.867186 240.585
203.873192 244.143
203.877186 236.732
203.883184 234.779
203.887185 237.135
203.893094 236.377
203.897177 236.73
203.903185 236.017
203.907191 236.017
203.913192 239.729
203.917188 239.829
203.923189 238.099
203.927187 236.182
203.933186 234.849
203.937186 239.937
203.943179 239.51
203.947186 237.668
203.953186 238.851
203.957189 238.642
203.963187 239.1
203.967185 237.762
203.973186 239.937
203.977185 237.135
203.983186 235.748
203.987184 236.941
203.993185 238.212
203.997178 240.927
204.003180 237.124
204.007117 238.374
204.013187 240.106
204.017187 237.683
204.023187 239.1
204.027187 240.585
204.033192 237.584
204.037431 233.227
204.043185 236.966
204.047101 240.075
204.053107 241.131
204.057095 239.729
204.063108 238.925
204.067106 238.298
204.073107 239.729
204.077107 240.368
204.083107 236.106
204.090106 238.583
204.092102 236.301
204.100106 236.713
204.103100 237.415
204.108104 239.892
204.112111 237.415
204.118108 237.39
204.122108 240.472
204.128103 238.642
204.132108 238.55
204.138106 239.929
204.142101 240.689
204.148108 239.502
204.152107 236.924
204.158103 239.937
204.162108 237.664
204.168107 236.182
204.172108 236.182
204.178107 239.502
204.182107 236.275
204.188108 235.096
204.192107 241.466
204.206191 236.123
204.208180 234.186
204.210182 239.779
204.221187 244.305
204.223178 238.613
204.225177 237.415
204.227177 239.862
204.233185 239.142
204.237188 239.042
204.243182 238.95
204.247186 240.052
204.253188 236.459
204.257187 235.953
204.263186 241.481
204.267186 239.142
204.273187 238.441
204.280186 236.085
204.282176 239.334
204.288187 239.854
204.292188 237.91
204.298183 239.779
204.302181 238.411
204.308192 236.738
204.312193 237.926
204.318189 236.662
204.322190 239.284
204.328187 236.823
204.332186 234.84
204.338187 236.645
204.342187 237.28
204.350186 234.84
204.355188 239.829
204.357188 237.914
204.366189 234.113
204.368181 236.485
204.374187 239.704
204.377187 242.819
204.382187 237.91
204.388189 238.541
204.392186 239.812
204.398183 240.339
204.402182 240.31
204.408147 238.323
204.412190 237.762
204.418188 236.514
204.422187 236.034
204.428185 239.842
204.432188 239.862
204.438188 238.667
204.442182 237.525
204.448188 238.65
204.452189 241.35
204.458182 241.961
204.462188 238.583
204.468188 239.675
204.472189 240.235
204.478189 238.483
204.482189 239.754
204.488189 240.042
204.492188 236.835
204.498095 236.755
204.502184 238.667
204.508188 236.199
204.514192 239.309
204.517188 241.8
204.522188 236.085
204.529191 236.62
204.533190 240.418
204.539189 238.053
204.543185 238.613
204.549190 240.902
204.553189 237.314
204.558189 240.339
204.562189 238.667
204.568189 238.667
204.572187 240.601
204.578189 239.222
204.582189 237.926
204.588190 239.117
204.592125 236.123
204.598100 238.411
204.602181 243.103
204.608188 243
204.612131 239.812
204.618188 241.151
204.622189 241.131
204.628126 236.595
204.632126 240.77
204.638241 239.654
204.642148 237.762
204.648139 240.749
204.652128 240.194
204.658232 238.265
204.662231 237.103
204.668236 239.862
204.672239 240.104
204.678241 240.859
204.682239 241.961
204.688239 235.663
204.692249 240.485
204.698239 241.464
204.702220 235.945
204.708237 238.172
204.712246 235.259
204.718237 242.198
204.722236 242.31
204.728168 236.301
204.732181 236.966
204.738232 242.722
204.742222 240.755
204.748238 237.415
204.752237 241.68
204.758238 237.834
204.762240 235.767
204.768237 240.819
204.772240 239.729
204.778239 235.395
204.782239 239.201
204.788239 241.118
204.792237 237.221
204.798238 238.975
204.802233 239.754
204.808237 239.071
204.812246 238.348
204.818242 239.071
204.822240 235.97
204.828236 235.903
204.832239 236.055
204.838240 241.588
204.842238 237.947
204.848239 236.755
204.852242 238.747
204.858242 238.65
204.862241 237.205
204.868242 238.374
204.872240 240.185
204.878235 235.953
204.884185 239.021
204.888240 241.779
204.892239 237.314
204.898232 235.429
204.902232 237.876
204.908239 237.947
204.917243 236.22
204.918231 239.293
204.923242 238.65
204.929242 238.002
204.933254 237.914
204.940243 237.457
204.944240 238.099
204.950240 237.373
204.954237 236.199
204.960237 236.199
204.964241 237.947
204.968240 236.301
204.973240 238.667
204.977230 238.053
204.983239 236.683
204.987238 239.654
204.993171 238.39
205.000184 236.034
205.003234 238.81
205.008234 237.828
205.013240 236.529
205.017239 237.802
205.023240 236.199
205.027233 236.595
205.032239 236.097
205.038238 237.914
205.042238 238.099
205.048238 238.204
205.052241 236.284
205.058242 237.567
205.062232 240.162
205.068241 236.487
205.072240 235.956
205.078235 237.257
205.082238 237.68
205.088239 237.567
205.092238 236.823
205.098239 233.594
205.102223 234.917
205.108238 238.642
205.114243 236.377
205.117242 237.017
205.122241 235.833
205.128166 237.017
205.132180 238.851
205.138242 237.021
205.142240 238.212
205.148241 238.43
205.152240 238.204
205.158240 234.369
205.162231 238.099
205.168239 236.275
205.172242 232.641
205.178238 237.777
205.182241 238.43
205.188180 234.549
205.192241 235.833
205.198236 237.021
205.202241 236.377
205.208240 233.739
205.212238 237.462
205.218240 237.567
205.222243 237.68
205.228239 235.858
205.232242 235.943
205.238124 235.402
205.242191 236.707
205.248138 240.169
205.252135 237.371
205.258192 233.369
205.262186 236.377
205.268194 238.981
205.272192 238.116
205.278187 233.838
205.282194 232.019
205.288193 235.833
205.292192 236.061
205.298194 237.506
205.304102 235.198
205.307187 234.664
205.314191 234.009
205.317194 238.969
205.322192 239.228
205.329194 237.278
205.333197 232.766
205.339195 232.131
205.343192 239.136
205.349193 237.388
205.352188 233.472
205.358193 234.132
205.362188 234.252
205.368192 231.676
205.372193 234.252
205.378188 232.873
205.382194 234.043
205.388194 233.514
205.392195 232.347
205.398194 235.33
205.402194 233.345
205.408188 234.252
205.412235 235.555
205.418196 236.324
205.424198 232.506
205.427184 235.665
205.433200 236.757
205.437197 232.269
205.443196 233.472
205.447188 232.835
205.453197 232.693
205.457245 235.453
205.466242 234.252
205.468235 231.879
205.472238 234.354
205.486243 231.212
205.488237 232.506
205.490234 233.686
205.501242 234.38
205.505243 235.453
205.506235 232.235
205.508234 230.335
205.514243 236.897
205.518243 236.935
205.524244 232.596
205.528237 229.907
205.534247 228.747
205.538242 230.434
205.542245 233.079
205.548241 234.252
205.552244 231.909
205.558245 229.95
205.562237 231.234
205.568243 233.311
205.572243 232.527
205.578151 230.708
205.582241 230.833
205.588243 230.872
205.592241 232.596
205.598242 233.247
205.602245 233.028
205.608240 231.746
205.612239 232.347
205.618250 233.968
205.622244 232.004
205.628192 232.656
205.632242 232.433
205.638243 231.182
205.642242 229.212
205.648239 234.354
205.652243 236.324
205.660244 231.329
205.663234 235.665
205.668242 235.145
205.672245 230.154
205.678267 235.145
205.682244 235.953
205.689246 234.487
205.693244 233.583
205.699240 233.452
205.703315 235.323
205.709230 230.063
205.713186 235.174
205.718244 234.38
205.722242 230.185
205.728239 232.004
205.732190 230.803
205.738242 232.764
205.742245 233.178
205.748242 231.355
205.752245 235.805
205.758241 234.627
205.762247 231.234
205.768246 233.861
205.772241 235.034
205.778241 233.208
205.782244 233.079
205.788245 233.208
205.792243 231.676
205.801247 236.21
205.803235 234.902
205.807115 229.872
205.813192 234.779
205.817196 235.835
205.823195 232.938
205.827196 234.779
205.833195 233.604
205.837196 233.079
205.843194 231.763
205.847192 235.665
205.853191 235.69
205.857196 232.433
205.863190 233.763
205.867197 236.935
205.875196 238.766
205.878196 233.028
205.885195 232.312
205.896202 236.18
205.897186 232.908
205.898187 232.989
205.903195 230.621
205.909191 230.591
205.913190 234.354
205.919201 233.422
205.923198 232.656
205.927199 233.604
205.933200 234.282
205.937198 237.962
205.943199 235.883
205.947195 234.902
205.953200 237.011
205.957200 234.354
205.962201 236.846
205.968196 236.732
205.972199 232.209
205.978201 231.676
205.982199 235.69
205.988201 236.383
205.992200 231.823
205.998195 234.902
206.002194 237.162
206.008199 234.487
206.012132 232.656
206.018203 231.879
206.022199 232.433
206.028201 230.508
206.032200 234.32
206.038200 235.359
206.042199 234.158
206.048197 232.766
206.052135 233.634
206.059196 236.349
206.063202 232.108
206.069197 232.742
206.073197 237.935
206.079196 235.123
206.083198 231.234
206.088196 232.209
206.092197 233.403
206.098193 234.685
206.102197 233.403
206.108197 232.467
206.112192 234.414
206.118204 231.909
206.122201 236.867
206.128137 237.011
206.132152 233.861
206.138204 233.728
206.142197 232.558
206.148195 236.239
206.152196 234.715
206.158198 233.028
206.162198 233.028
206.168198 231.948
206.172197 233.9
206.178197 230.872
206.182198 233.247
206.188198 234.002
206.192198 230.833
206.198195 231.329
206.202201 230.154
206.208200 232.558
206.212196 234.517
206.218205 230.508
206.222201 231.182
206.228200 234.132
206.232199 235.427
206.241198 235.009
206.243188 233.728
206.247192 230.098
206.253199 232.317
206.257199 234.932
206.263193 239.91
206.267197 235.977
206.273199 230.508
206.277198 233.604
206.288198 236.21
206.290189 231.879
206.292198 231.789
206.298194 231.389
206.302198 228.18
206.308198 233.9
206.315200 238.374
206.318201 233.208
206.323200 232.691
206.327202 233.345
206.333202 233.452
206.337187 234.517
206.343196 231.389
206.347206 230.742
206.353202 233.208
206.357200 233.604
206.363201 235.009
206.367201 236.324
206.373203 233.311
206.377201 232.004
206.383195 233.178
206.387202 234.354
206.393202 235.123
206.397137 234.627
206.403202 235.034
206.407191 234.252
206.413193 230.508
206.417203 234.158
206.423197 234.664
206.427199 234.902
206.433200 235.427
206.437137 232.317
206.443498 235.555
206.447201 235.427
206.453109 233.054
206.457154 236.078
206.463159 233.079
206.467158 234.132
206.473160 230.939
206.477159 235.453
206.483150 236.239
206.487159 232.138
206.494157 233.703
206.500156 233.285
206.503153 238.69
206.509158 235.784
206.513138 232.656
206.519163 233.604
206.523158 233.514
206.528159 237.055
206.532157 238.481
206.538165 234.685
206.542158 232.131
206.548155 234.779
206.555162 236.324
206.557158 236.188
206.563159 233.686
206.567150 233.054
206.573158 234.252
206.577158 238.732
206.583154 234.685
206.587158 230.404
206.593159 233.514
206.597159 237.447
206.603159 237.413
206.607160 231.789
206.613148 232.938
206.617163 234.991
206.623159 234.602
206.627159 236.324
206.633158 233.583
206.637158 231.655
206.643157 231.573
206.647241 235.33
206.653251 237.933
206.657250 232.131
206.663250 232.131
206.667242 236.078
206.673249 238.046
206.677248 235.427
206.687252 233.489
206.690249 231.676
206.692244 234.715
206.698255 235.359
206.702248 234.715
206.708253 235.769
206.712251 234.158
206.718116 235.584
206.722202 231.234
206.728202 232.631
206.732200 234.868
206.738200 232.527
206.742201 235.858
206.748140 231.633
206.752201 231.53
206.766198 232.162
206.768201 237.584
206.770193 235.584
206.781202 235.977
206.783193 229.539
206.785201 233.157
206.789201 238.608
206.798151 235.533
206.800195 231.573
206.804203 234.021
206.808201 233.489
206.814287 235.198
206.820210 236.39
206.823196 235.359
206.828204 233.765
206.832204 230.308
206.838205 234.762
206.842203 235.784
206.848203 234.725
206.852204 235.911
206.858203 232.613
206.862205 230.556
206.868201 234.218
206.872204 238.315
206.878205 236.732
206.882199 232.873
206.888205 232.989
206.892204 234.158
206.898244 238.732
206.902204 237.388
206.908205 230.939
206.912205 231.556
206.918205 234.753
206.922207 236.707
206.928206 236.172
206.932133 238.021
206.938204 233.677
206.942206 232.183
206.948206 236.176
206.952205 238.556
206.958205 236.487
206.962205 235.011
206.968202 235.663
206.972216 236.738
206.978205 233.748
206.982140 235.096
206.988207 236.478
206.992205 236.478
206.998205 231.547
207.002196 232.282
207.008205 237.24
207.013200 234.753
207.017157 235.833
207.023202 237.245
207.030206 237.127
207.032129 235.296
207.038141 240.279
207.042138 237.257
207.048151 233.838
207.055154 235.028
207.057154 237.584
207.063155 238.212
207.067155 237.021
207.073160 235.091
207.077156 236.478
207.083154 237.777
207.087155 234.021
207.093158 236.941
207.097158 241.491
207.103156 238.116
207.107158 235.476
207.113158 237.276
207.117119 239.729
207.123128 238.546
207.128120 236.275
207.132124 238.099
207.138125 238.099
207.142124 236.186
207.148124 234.921
207.152124 241.234
207.158124 238.212
207.162124 235.663
207.168123 238.027
207.172124 238.667
207.178123 238.583
207.182124 238.667
207.188124 237.926
207.194124 235.468
207.198120 237.205
207.202126 236.65
207.208206 237.826
207.214207 236.73
207.217272 236.73
207.222203 235.468
207.228209 239.188
207.232207 238.103
207.239206 236.823
207.243206 239.937
207.249247 238.116
207.253207 235.493
207.259207 237.851
207.263207 240.485
207.268204 239.737
207.272207 235.953
207.278208 234.649
207.284206 235.818
207.288206 239.092
207.292206 236.65
207.298208 234.224
207.302207 238.759
207.308208 239.954
207.312207 235.108
207.318141 238.583
207.322202 241.151
207.330208 239.675
207.333145 236.578
207.338213 239.092
207.342206 237.75
207.348207 235.953
207.352208 239.654
207.358208 238.562
207.363206 239.142
207.367202 235.587
207.373208 236.326
207.377208 238.086
207.383127 239.251
207.387208 238.613
207.393208 235.493
207.397206 234.934
207.403209 238.583
207.408208 239.937
207.412209 238.65
207.418207 236.021
207.422204 237.28
207.428209 238.562
207.432208 238.027
207.438207 239.979
207.442207 236.39
207.448207 236.301
207.452208 236.22
207.458207 237.495
207.462208 237.495
207.468254 238.759
207.474255 238.667
207.478257 236.835
207.482258 237.39
207.488251 238.667
207.492192 242.014
207.498259 236.924
207.503250 235.011
207.507256 238.027
207.513257 236.924
207.517257 239.393
207.523249 236.186
207.527254 237.293
207.533250 236.055
207.537249 237.314
207.544254 240.601
207.548257 239.222
207.554253 238.229
207.558257 240.726
207.564253 240.312
207.567252 239.426
207.573255 241.903
207.577254 237.293
207.583255 234.849
207.587253 238.55
207.593254 239.929
207.597253 237.28
207.603245 236.097
207.607252 238.65
207.613253 240.054
207.617168 240.179
207.623250 237.701
207.627250 239.527
207.633256 241.151
207.637253 237.293
207.643143 238.483
207.647158 239.188
207.655168 237.205
207.658166 237.196
207.663166 239.729
207.667173 236.097
207.673165 238.002
207.677166 239.389
207.683165 239.929
207.688164 236.738
207.692165 236.186
207.698164 238.562
207.702157 239.201
207.708164 240.31
207.712166 235.915
207.718161 237.221
207.722153 239.117
207.728152 237.293
207.732150 242.959
207.738166 240.377
207.742165 233.594
207.748165 238.458
207.752164 241.01
207.758166 237.914
207.762163 238.466
207.768160 239.829
207.772173 239.754
207.778165 236.055
207.782158 240.393
207.788165 240.601
207.792166 237.474
207.798166 239.862
207.802163 238.667
207.808166 236.106
207.812167 238.378
207.820168 240.819
207.823157 238.458
207.828166 236.034
207.832162 238.229
207.838168 242.151
207.842167 235.215
207.848168 236.148
207.852166 238.583
207.858166 238.508
207.862167 240.844
207.868174 242.103
207.872165 237.137
207.878165 237.158
207.882166 239.604
207.888166 240.506
207.892167 238.613
207.898167 234.395
207.902162 236.123
207.910167 236.662
207.913167 239.842
207.918171 236.662
207.922167 233.594
207.928171 236.65
207.932162 237.205
207.938167 238.483
207.942167 238.562
207.948166 237.926
207.952167 235.476
207.958167 237.947
207.962167 238.759
207.971163 239.862
207.973168 238.508
207.977168 238.667
207.983170 237.39
207.987159 233.568
207.993167 236.683
207.997167 239.201
208.004203 237.926
208.008253 236.514
208.014253 239.1
208.018247 240.948
208.024259 239.142
208.028257 239.222
208.033252 238.613
208.043259 238.479
208.047257 239.742
208.050259 241.617
208.060273 237.876
208.062252 237.784
208.063249 236.662
208.068172 234.866
208.074257 237.977
208.078260 240.726
208.082260 237.055
208.088255 237.055
208.092259 238.78
208.098258 238.116
208.102262 238.053
208.108258 238.116
208.112261 237.39
208.118285 238.65
208.122261 238.411
208.128195 236.106
208.132151 239.842
208.140196 239.954
208.143247 236.856
208.148259 236.713
208.152264 238.137
208.158259 240.418
208.162259 239.779
208.168258 240.977
208.172258 237.188
208.178257 237.247
208.182257 241.704
208.188256 241.704
208.192256 236.683
208.198257 235.996
208.202199 240.235
208.208260 239.042
208.212260 239.222
208.218256 241.8
208.222258 238.613
208.228258 241.18
208.232261 243.787
208.238253 236.941
208.242314 237.314
208.248396 236.199
208.252151 238.583
208.258208 240.393
208.262196 240.393
208.269218 239.675
208.273213 238.483
208.279212 242.326
208.283212 240.485
208.289212 237.39
208.292208 242.45
208.298212 239.142
208.302210 239.675
208.308213 241.06
208.312214 239.071
208.318209 238.441
208.322213 240.339
208.328214 239.779
208.332213 239.222
208.338211 239.309
208.342213 237.474
208.348214 238.011
208.352213 241.118
208.358210 237.373
208.362214 239.754
208.368212 239.222
208.372214 239.754
208.378213 238.411
208.382213 239.754
208.388211 238.411
208.392213 239.042
208.398213 241.131
208.402214 239.829
208.408216 236.182
208.412212 239.654
208.418148 239.654
208.422259 239.754
208.428259 236.683
208.432263 237.926
208.438254 238.975
208.442258 238.887
208.448259 237.645
208.453254 238.265
208.457263 243.315
208.463259 235.476
208.467261 234.785
208.473263 239.117
208.477261 242.975
208.483261 238.483
208.487256 234.785
208.493261 238.483
208.497260 237.39
208.503263 234.934
208.507261 239.201
208.513261 242.429
208.517261 236.662
208.523261 233.499
208.527254 240.277
208.533260 240.828
208.539253 235.276
208.543259 240.194
208.547258 239.579
208.553196 233.602
208.557262 236.738
208.563263 237.39
208.567261 237.247
208.573263 240.339
208.577258 237.474
208.583258 235.587
208.590260 236.755
208.592254 237.293
208.598262 236.459
208.602261 240.749
208.609262 238.95
208.613261 233.499
208.619256 240.235
208.623254 241.704
208.629257 236.713
208.632260 235.688
208.638256 238.81
208.642250 236.25
208.648260 239.979
208.652264 239.979
208.658264 236.22
208.662262 238.583
208.668263 236.755
208.672262 238.562
208.678264 241.035
208.682261 238.583
208.688258 237.474
208.692262 238.116
208.698263 240.705
208.702262 236.78
208.708263 237.584
208.712260 239.426
208.718262 236.301
208.722252 239.456
208.728261 238.902
208.732265 237.084
208.738243 239.002
208.742247 237.912
208.748258 238.877
208.752261 239.309
208.758264 240.809
208.762263 239.293
208.768268 235.553
208.772267 238.212
208.778267 236.199
208.782266 237.474
208.788258 240.485
208.792263 236.199
208.798264 235.565
208.802262 238.229
208.808262 240.817
208.812261 241.475
208.820241 235.833
208.823252 235.637
208.828265 239.284
208.832255 238.099
208.838260 235.735
208.843021 235.637
208.848243 235.735
208.852192 237.135
208.858166 236.924
208.862156 236.39
208.868172 238.317
208.872172 235.296
208.878171 236.592
208.882173 237.245
208.888169 237.777
208.892174 237.017
208.898172 234.009
208.902172 239.89
208.908172 235.841
208.912172 235.646
208.918173 241.491
208.922166 237.731
208.928171 236.563
208.935168 235.917
208.937195 238.481
208.944169 236.529
208.948173 231.499
208.954131 237.257
208.958172 235.427
208.964172 231.655
208.968171 233.583
208.973173 236.605
208.977173 237.135
208.983166 233.283
208.987175 234.685
208.993172 238.877
208.997172 235.663
209.003252 235.028
209.007258 235.883
209.013260 237.152
209.017262 237.388
209.023258 234.902
209.027262 230.508
209.033263 231.789
209.037262 234.804
209.043152 236.239
209.047257 233.114
209.053267 231.627
209.057264 231.627
209.063265 232.134
209.067264 235.017
209.073264 236.18
209.077263 231.108
209.083264 233.673
209.087263 232.596
209.098265 231.523
209.100259 230.742
209.102257 232.177
209.108266 235.213
209.112263 232.082
209.118265 231.432
209.123256 234.096
209.127258 234.096
209.133259 231.432
209.137279 230.586
209.145259 231.303
209.148261 228.294
209.153266 230.224
209.157266 234.152
209.163265 230.098
209.167265 228.294
209.173265 231.389
209.177264 232.794
209.183264 232.764
209.187262 232.94
209.193264 232.323
209.197266 229.848
209.203257 232.224
209.207261 231.123
209.213265 231.123
209.217260 228.024
209.223257 228.099
209.227263 229.253
209.235266 230.558
209.238273 231.976
209.243263 229.996
209.247257 228.125
209.253267 228.731
209.257266 229.541
209.263266 233.094
209.267265 231.011
209.273265 230.358
209.277264 227.901
209.283264 230.224
209.287263 233.491
209.293265 235.48
209.297266 229.665
209.303267 226.568
209.307260 229.943
209.313266 231.976
209.323261 229.34
209.327264 230.272
209.328258 226.164
209.340206 229.682
209.342260 234.199
209.343256 234.199
209.348263 231.523
209.355275 230.315
209.357267 231.769
209.363262 229.9
209.367266 233.094
209.373261 232.323
209.377265 228.399
209.383266 229.552
209.387266 229.822
209.393266 231.627
209.397265 233.094
209.403264 231.937
209.407263 227.901
209.413268 229.996
209.417267 232.59
209.423260 232.757
209.427266 230.502
209.433268 228.416
209.437266 229.578
209.443267 232.224
209.447153 235.417
209.453256 232.936
209.457255 231.432
209.463244 231.011
209.469266 232.28
209.473260 235.735
209.477267 235.603
209.483268 229.148
209.487266 226.102
209.493268 229.175
209.497265 231.627
209.503267 233.439
209.507256 231.996
209.513265 230.976
209.517265 233.538
209.523257 231.422
209.527268 233.214
209.533273 233.761
209.537268 233.645
209.543268 227.901
209.547270 228.548
209.556272 232.375
209.558260 232.534
209.562267 232.88
209.568267 228.604
209.572266 229.34
209.578267 231.158
209.582265 234.476
209.588266 236.318
209.592269 228.779
209.598264 228.635
209.602269 232.641
209.608264 236.55
209.612267 232.936
209.618268 229.552
209.622261 231.484
209.628206 229.253
209.634268 234.199
209.638267 235.087
209.642265 228.749
209.648129 226.102
209.652224 231.158
209.658217 233.808
209.662220 234.31
209.668221 229.904
209.672219 228.024
209.678221 228.399
209.682220 232.644
209.688221 233.388
209.692222 233.538
209.698220 231.011
209.702221 229.196
209.708223 229.943
209.712219 232.983
209.718220 233.142
209.722220 234.862
209.728221 229.114
209.732223 228.983
209.738227 228.469
209.742228 233.439
209.748130 233.439
209.752157 227.187
209.758222 227.451
209.762222 229.97
209.768223 231.214
209.772222 234.254
209.778222 232.936
209.782223 227.315
209.788222 228.836
209.792221 233.369
209.798217 231.718
209.802221 229.039
209.808218 229.175
209.812221 228.604
209.818222 228.037
209.822220 233.142
209.828222 234.6
209.832221 234.286
209.841219 228.989
209.845222 228.95
209.848216 235.342
209.853218 233.313
209.857217 235.57
209.864221 235.987
209.868221 231.996
209.874218 228.11
209.878222 231.849
209.883222 234.568
209.887222 228.913
209.893222 231.35
209.897223 233.696
209.903223 230.096
209.907227 231.374
209.913223 232.882
209.917223 231.538
209.923221 231.219
209.927223 231.623
209.933222 231.623
209.937228 230.872
209.943216 232.833
209.947218 233.142
209.953219 229.114
209.957228 224.136
209.963224 226.612
209.967224 235.476
209.973224 230.976
209.977222 224.767
209.983223 231.214
209.987223 233.979
209.993223 233.568
209.997223 233.026
210.003215 234.874
210.007161 233.026
210.013218 234.233
210.017223 234.815
210.023222 235.359
210.027222 240.755
210.033224 242.516
210.037226 236.224
210.045241 235.023
210.048153 229.26
210.053208 225.863
210.057129 227.068
210.063175 230.872
210.067170 230.803
210.074180 230.037
210.078173 233.268
210.082171 232.88
210.088175 232.631
210.094175 234.902
210.097175 233.673
210.102175 234.634
210.108173 234.753
210.112175 233.857
210.118174 235.162
210.122215 230.124
210.128261 229.43
210.132269 231.866
210.138270 232.177
210.142269 228.373
210.148267 230.315
210.152145 233.094
210.158217 230.933
210.162220 235.412
210.168221 239.962
210.172221 233.81
210.177220 236.188
210.183220 237.786
210.187220 234.231
210.193221 238.439
210.197221 236.867
210.203221 234.804
210.207220 234.838
210.213220 233.075
210.217231 230.413
210.223221 232.385
210.227214 236.497
210.235221 234.062
210.238222 234.708
210.243216 236.191
210.247221 232.194
210.253160 233.797
210.257217 238.816
210.263221 236.833
210.267219 233.472
210.274224 234.517
210.278224 235.068
210.284223 234.282
210.288227 236.897
210.294221 231.789
210.297228 231.909
210.303225 233.311
210.307226 233.311
210.313224 232.506
210.317224 234.762
210.323223 234.762
210.330224 235.533
210.332218 235.41
210.338224 234.231
210.342220 239.752
210.348225 237.278
210.352224 234.715
210.358159 233.433
210.362224 234.715
210.368225 233.996
210.372162 233.592
210.378221 234.32
210.382221 228.114
210.388223 228.18
210.392222 234.252
210.398222 236.968
210.403222 236.833
210.407222 235.648
210.413223 236.846
210.417222 236.078
210.423162 238.33
210.427218 236.529
210.433223 234.455
210.439221 233.825
210.442217 235.765
210.447222 234.676
210.453238 236.22
210.457215 234.715
210.463222 232.848
210.467220 230.569
210.473223 233.463
210.477223 236.829
210.483221 234.753
210.487223 231.465
210.493223 235.553
210.497221 235.476
210.503223 232.383
210.507223 235.996
210.513222 237.415
210.517224 236.034
210.523227 233.206
210.527223 233.489
210.534224 236.846
210.538223 233.925
210.544169 232.202
210.548228 232.742
210.555220 231.329
210.558219 234.38
210.563225 231.823
210.567224 229.26
210.573227 233.257
210.577225 236.044
210.585226 238.657
210.588219 231.746
210.593222 233.247
210.603227 234.627
210.607226 234.207
210.608220 235.771
210.620226 235.111
210.622216 237.489
210.623217 232.381
210.628168 231.978
210.632225 235.555
210.638226 232.873
210.642147 235.13
210.648300 231.53
210.652335 229.65
210.658144 231.499
210.662142 236.732
210.668211 237.371
210.672223 233.463
210.678227 234.991
210.682226 235.928
210.688227 232.764
210.692224 235.928
210.698227 235.767
210.702227 233.686
210.708226 233.382
210.712226 237.962
210.718227 239.827
210.722226 232.269
210.728228 234.073
210.732229 237.278
210.738227 236.867
210.745226 232.527
210.747217 231.879
210.753226 233.686
210.757214 236.053
210.763221 239.215
210.767226 237.624
210.773227 234.329
210.777220 232.39
210.783226 235.41
210.787227 237.257
210.793222 236.626
210.797227 237.055
210.803226 236.411
210.807227 239.94
210.813228 234.38
210.817226 232.295
210.823228 236.176
210.827224 234.991
210.833224 234.753
210.837231 232.282
210.843223 237.127
210.847227 236.487
210.853228 235.858
210.859265 236.411
210.863225 238.33
210.867228 239.623
210.873228 239.623
210.877220 240.429
210.883228 237.055
210.887227 233.859
210.893232 235.663
210.897228 236.755
210.903228 235.13
210.907226 232.693
210.913227 233.514
210.917228 233.489
210.923227 234.132
210.930232 237.912
210.932223 235.858
210.938228 235.108
210.942224 237.474
210.948167 236.199
210.955227 238.562
210.957159 236.199
210.963221 233.838
210.967229 233.825
210.975229 234.009
210.978222 239.094
210.983228 238.33
210.987227 233.962
210.996226 235.769
210.998213 234.523
211.002223 235.688
211.008229 238.137
211.012163 237.474
211.018228 232.495
211.023228 232.577
211.029225 235.096
211.033229 238.204
211.039229 236.275
211.043227 232.641
211.048229 235.096
211.052227 235.841
211.058719 233.382
211.062222 232.667
211.068228 237.055
211.072229 235.24
211.078225 230.87
211.082228 234.472
211.088229 238.317
211.092229 233.275
211.098229 234.455
211.102231 235.731
211.108229 233.193
211.112228 234.378
211.118228 236.377
211.122230 237.017
211.128166 233.275
211.132229 232.641
211.138229 235.956
211.142228 237.786
211.151220 234.779
211.153226 232.192
211.159135 234.762
211.162222 237.363
211.167226 233.677
211.173228 234.329
211.177168 234.868
211.183225 234.009
211.187227 236.592
211.193226 239.215
211.197222 234.329
211.203229 231.303
211.207229 236.299
211.213230 238.816
211.217229 236.707
211.223229 233.365
211.227152 232.732
211.233229 235.189
211.237218 237.245
211.243226 232.282
211.247227 233.463
211.253124 238.552
211.257136 239.873
211.263133 237.363
211.267133 234.753
211.273179 236.588
211.277184 237.363
211.283181 239.086
211.287179 237.664
211.296188 236.373
211.300182 233.91
211.303175 233.382
211.308182 237.135
211.312181 234.762
211.318182 232.192
211.322185 232.192
211.328184 237.245
211.332184 235.943
211.338184 234.009
211.342182 238.317
211.348182 238.317
211.352178 237.668
211.358179 237.021
211.362177 237.668
211.368188 238.204
211.372179 240.042
211.378183 239.937
211.382180 235.646
211.388186 235.011
211.392182 235.308
211.398182 237.668
211.402181 235.308
211.408182 234.557
211.412181 234.651
211.418182 238.556
211.422181 238.556
211.428184 237.899
211.432183 238.317
211.438181 237.668
211.442180 240.042
211.448181 238.116
211.452179 237.474
211.458181 238.116
211.463176 237.474
211.469180 238.229
211.473179 234.472
211.479178 236.377
211.483182 237.021
211.488182 236.916
211.492181 235.091
211.498182 235.091
211.502182 236.916
211.508182 237.664
211.512181 238.851
211.518182 235.002
211.522180 237.462
211.528282 241.118
211.532275 236.301
211.538280 233.679
211.542279 234.934
211.548279 237.474
211.552278 237.567
211.558278 238.642
211.562143 237.558
211.568235 234.455
211.572231 233.365
211.578151 238.43
211.582230 237.245
211.588232 236.916
211.592233 233.739
211.598232 235.663
211.602232 238.759
211.608231 235.646
211.612232 235.108
211.618231 235.108
211.622232 237.021
211.628167 237.021
211.632231 235.096
211.638233 233.91
211.642232 236.916
211.648230 237.017
211.652232 236.275
211.658232 236.373
211.662166 234.549
211.668232 235.291
211.672232 236.588
211.678237 234.651
211.682233 235.296
211.688234 237.245
211.692234 235.833
211.698234 235.096
211.702232 236.916
211.708233 233.739
211.712242 235.548
211.718232 240.037
211.722232 234.549
211.728233 231.465
211.732232 235.189
211.738231 237.24
211.742232 233.91
211.748164 236.916
211.752231 239.623
211.758232 235.189
211.762236 234.459
211.768227 236.478
211.772233 235.833
211.778233 233.91
211.783232 236.275
211.789233 236.377
211.793233 234.369
211.799233 232.564
211.803234 236.275
211.808233 238.099
211.812169 233.275
211.818232 235.833
211.822231 236.478
211.828234 235.833
211.832232 237.017
211.838233 234.004
211.842232 233.189
211.848231 236.818
211.852234 241.114
211.858233 237.914
211.862220 235.468
211.868229 236.182
211.872234 238.103
211.886234 238.851
211.888228 238.229
211.890224 236.487
211.901234 238.317
211.903223 238.317
211.904228 235.735
211.909233 235.091
211.913226 236.916
211.919230 236.823
211.923228 238.747
211.927232 238.011
211.933235 238.204
211.937234 240.693
211.943234 236.275
211.947229 236.284
211.953234 238.759
211.957235 238.116
211.963230 238.667
211.967226 239.954
211.973234 239.954
211.977235 236.301
211.983235 239.527
211.987233 242.275
211.993236 237.034
211.997225 236.284
212.003229 237.021
212.007235 237.558
212.013229 239.929
212.017233 239.188
212.023234 240.472
212.027230 238.011
212.033235 239.293
212.037234 240.601
212.043234 237.495
212.049235 239.862
212.052228 242.351
212.058233 239.954
212.062234 241.035
212.068229 239.188
212.072234 238.466
212.078235 240.289
212.082234 241.131
212.088233 238.027
212.092235 237.39
212.098234 239.222
212.104235 240.393
212.107224 238.95
212.113239 237.699
212.117235 240.289
212.123235 240.21
212.127170 238.323
212.133281 240.21
212.137280 238.39
212.143276 240.21
212.147273 239.737
212.153280 239.1
212.157283 239.117
212.163217 239.201
212.167272 238.65
212.173283 237.373
212.177281 239.1
212.183278 237.914
212.187282 238.378
212.196312 240.185
212.198273 238.925
212.202280 237.683
212.208280 237.683
212.214276 239.562
212.217280 240.844
212.223279 236.62
212.229289 237.247
212.233280 240.977
212.237283 241.06
212.243279 237.876
212.247277 236.055
212.253283 240.31
212.257281 239.579
212.263292 237.683
212.267285 238.933
212.273282 237.196
212.277281 236.021
212.283277 237.28
212.287279 239.201
212.293280 238.562
212.297276 236.123
212.303280 236.123
212.308280 238.583
212.312283 237.415
212.318283 236.713
212.322282 237.344
212.328278 239.812
212.332281 239.071
212.338282 239.675
212.342281 240.289
212.348279 236.578
212.352283 237.834
212.361282 238.466
212.363274 235.349
212.369279 237.221
212.376291 237.926
212.378274 236.595
212.384279 236.055
212.387262 237.495
212.392284 236.966
212.398276 236.966
212.404282 238.166
212.407275 237.415
212.413284 239.334
212.417282 243
212.423282 239.754
212.427282 237.293
212.433283 236.738
212.437281 237.474
212.443281 241.151
212.447225 239.527
212.453285 236.411
212.457286 237.034
212.463285 237.584
212.467273 240.506
212.473276 239.862
212.477285 239.201
212.483278 236.738
212.487285 236.835
212.493286 239.309
212.497294 238.692
212.503285 238.877
212.507284 240.179
212.513284 237.584
212.517283 236.755
212.523283 238.483
212.527277 241.019
212.533283 241.766
212.537286 238.86
212.543281 237.135
212.547267 237.084
212.553286 237.177
212.557284 239.552
212.563285 238.583
212.567275 234.619
212.573279 235.724
212.577283 237.556
212.583281 241.29
212.587284 240.749
212.593285 238.323
212.597286 238.348
212.603286 240.269
212.607285 238.692
212.613286 241.093
212.617289 239.222
212.623291 239.042
212.627285 240.21
212.633286 242.211
212.637285 241.019
212.643286 237.834
212.647284 236.65
212.653283 238.55
212.657285 237.205
212.663286 237.205
212.667277 239.021
212.673276 240.289
212.678279 239.117
212.682278 237.851
212.688284 241.68
212.692283 241.151
212.698291 238.583
212.702285 239.309
212.708285 240.418
212.712283 238.562
212.718285 240.377
212.723284 241.551
212.727287 239.554
212.734292 236.935
212.738283 238.164
212.744283 239.479
212.748224 237.645
212.754287 237.977
212.757285 240.054
212.769286 236.97
212.772210 237.609
212.773266 237.491
212.778269 237.91
212.784280 239.071
212.788283 239.579
212.794284 238.378
212.798216 238.374
212.804283 238.298
212.808287 238.374
212.814288 239.637
212.818288 237.91
212.824287 238.002
212.828286 235.476
212.834283 236.106
212.838286 240.506
212.842284 238.667
212.848294 236.856
212.852283 237.39
212.858288 239.406
212.862287 236.835
212.868283 235.553
212.872287 240.472
212.878296 237.914
212.882278 235.468
212.888287 236.65
212.892286 239.284
212.898262 237.365
212.902285 234.917
212.908286 237.28
212.912289 234.305
212.918285 236.738
212.922287 238.667
212.928289 239.406
212.932293 236.199
212.938288 234.305
212.942287 239.293
212.948287 239.937
212.952286 235.637
212.958287 236.275
212.962280 235.735
212.968286 235.731
212.972285 235.198
212.978284 233.283
212.982228 231.95
212.988289 233.748
212.992289 237.152
212.998287 238.317
213.002279 235.189
213.008282 234.753
213.012234 235.943
213.018292 240.541
213.022285 238.43
213.028229 235.291
213.032204 235.731
213.039286 236.478
213.043285 236.377
213.049292 237.021
213.053285 236.478
213.059286 235.296
213.063285 234.762
213.071288 235.648
213.073288 236.846
213.082292 234.762
213.084283 235.296
213.087279 238.569
213.093288 235.735
213.097286 235.189
213.103286 237.777
213.107285 235.943
213.113286 233.369
213.117285 233.583
213.123285 236.188
213.127280 234.231
213.133284 234.252
213.137288 235.555
213.143287 230.508
213.147286 231.746
213.153287 236.044
213.163286 234.192
213.167281 232.162
213.168280 232.347
213.182282 235.977
213.184283 234.779
213.186276 233.489
213.188286 233.079
213.194287 232.317
213.198279 233.604
213.204288 236.006
213.208290 234.715
213.214292 232.2
213.217281 232.433
213.222289 235.529
213.228288 234.97
213.232288 234.932
213.238288 233.208
213.242287 234.414
213.248283 234.282
213.252285 232.558
213.258286 233.247
213.262285 236.425
213.268285 235.487
213.272289 233.549
213.278289 231.746
213.282150 232.467
213.288242 235.068
213.292238 234.517
213.298238 229.421
213.302289 231.909
213.308288 235.174
213.312287 233.208
213.318283 231.264
213.322287 230.621
213.328287 233.208
213.332288 236.239
213.338288 234.932
213.342286 233.861
213.348286 231.389
213.352290 232.794
213.358289 236.349
213.362289 232.656
213.368285 232.558
213.373289 230.063
213.377288 233.208
213.383225 233.728
213.387280 231.355
213.393287 232.28
213.397286 231.769
213.403288 237.323
213.407286 234.517
213.413287 233.114
213.417283 233.673
213.423291 233.157
213.427289 234.32
213.433296 233.673
213.437289 232.467
213.443289 231.823
213.447288 232.558
213.453289 232.691
213.457293 229.017
213.463289 231.355
213.467282 233.861
213.473287 233.208
213.477286 232.596
213.483196 229.456
213.487283 231.389
213.493290 232.082
213.497290 233.114
213.504290 233.114
213.508289 231.303
213.514290 231.948
213.518282 231.303
213.524288 233.247
213.527277 233.157
213.533324 233.157
213.537286 231.225
213.543282 231.996
213.547289 235.111
213.553291 230.66
213.557289 232.467
213.563290 233.9
213.567294 230.224
213.573290 231.389
213.577288 233.763
213.586286 233.247
213.588288 231.389
213.594289 232.039
213.598292 232.691
213.602283 231.432
213.608291 233.247
213.612291 231.948
213.618285 234.555
213.622294 230.872
213.628239 230.224
213.632290 235.323
213.638289 233.452
213.642293 230.968
213.648293 231.484
213.652292 235.953
213.658291 232.794
213.662291 232.833
213.670290 232.082
213.673292 231.571
213.678292 232.323
213.682290 231.666
213.688285 232.224
213.692289 234.002
213.698290 232.983
213.703281 230.315
213.707298 230.968
213.713293 233.345
213.717312 232.177
213.723288 228.294
213.727291 229.061
213.733292 234.045
213.737291 232.88
213.743291 232.177
213.747282 232.983
213.753291 230.502
213.757290 232.478
213.763291 233.808
213.767317 231.817
213.773291 226.881
213.777289 228.688
213.783289 233.863
213.787271 232.534
213.793284 229.401
213.797292 228.749
213.803286 231.937
213.807294 232.435
213.813290 233.439
213.817294 232.785
213.823293 230.92
213.827283 231.571
213.833293 233.538
213.837291 231.432
213.843292 230.358
213.847291 232.177
213.853292 234.152
213.857290 232.691
213.863290 230.968
213.867289 231.158
213.873289 229.848
213.877295 233.439
213.883296 233.439
213.887285 230.328
213.893290 228.913
213.897294 231.627
213.903290 234.755
213.907291 228.342
213.913292 228.86
213.917290 234.002
213.923292 237.323
213.928292 233.094
213.934293 230.601
213.938292 229.943
213.944292 233.645
213.948291 237.914
213.953290 234.815
213.957294 227.319
213.963295 228.285
213.967293 230.898
213.973294 234.318
213.977292 231.123
213.983294 229.401
213.987162 229.493
213.993296 230.256
213.997294 232.209
214.003288 232.71
214.007290 236.449
214.013287 232.906
214.017286 232.28
214.023285 236.148
214.027292 235.213
214.033287 231.432
214.037291 234.199
214.043290 232.323
214.047294 235.289
214.053291 238.952
214.057293 236.751
214.063293 231.73
214.067292 229.388
214.073294 233.094
214.077292 232.983
214.083293 232.385
214.089288 231.793
214.092296 232.433
214.098292 231.996
214.102292 236.383
214.108293 236.654
214.112287 231.454
214.118314 232.547
214.122291 238.099
214.128234 232.392
214.132217 230.968
214.138296 231.718
214.142294 229.682
214.148299 231.407
214.152296 231.041
214.158291 230.393
214.162295 228.399
214.168295 231.123
214.172294 231.214
214.178294 229.061
214.182293 232.177
214.188194 237.044
214.192243 234.414
214.198243 229.907
214.202179 232.235
214.208244 237.828
214.212243 237.308
214.218242 236.044
214.222244 233.075
214.228243 230.638
214.232243 231.407
214.238297 235.818
214.242291 234.002
214.248290 228.276
214.253290 230.193
214.259296 232.082
214.263294 235.323
214.269297 234.113
214.273295 232.656
214.278295 232.656
214.282294 233.703
214.288302 235.555
214.297292 234.38
214.299286 231.948
214.302307 234.282
214.308293 233.549
214.312296 234.282
214.318292 232.691
214.322294 232.039
214.328296 233.728
214.332295 233.079
214.338296 230.621
214.342293 229.872
214.348294 231.264
214.352319 234.38
214.358294 231.182
214.362296 232.467
214.370289 233.079
214.373296 234.627
214.378296 234.602
214.382295 232.742
214.388292 235.391
214.392291 231.562
214.398297 230.037
214.402286 233.583
214.408296 234.252
214.412295 233.634
214.418295 231.633
214.422294 230.521
214.428294 232.385
214.432297 236.239
214.446296 238.046
214.448289 236.62
214.450285 233.942
214.461296 231.845
214.463285 235.64
214.464291 239.487
214.469279 237.371
214.473297 234.115
214.477296 232.959
214.483296 233.489
214.487290 233.583
214.493290 238.029
214.497294 235.41
214.503302 231.017
214.509297 232.295
214.512286 233.583
214.518296 237.127
214.522295 237.245
214.528300 236.176
214.532293 233.463
214.538291 232.822
214.542303 239.211
214.548294 236.592
214.552297 234.021
214.558297 237.567
214.562296 235.096
214.568297 235.096
214.574296 237.786
214.578295 239.91
214.582298 233.382
214.588293 229.75
214.592292 234.218
214.598294 237.245
214.602297 235.41
214.609297 234.762
214.613298 233.382
214.619295 235.735
214.623292 238.981
214.629291 238.455
214.632294 233.382
214.638290 234.472
214.642298 236.941
214.648295 236.941
214.652298 238.759
214.658298 236.941
214.662297 234.664
214.668298 235.943
214.672296 235.291
214.678297 233.365
214.682296 234.753
214.688288 234.009
214.692159 232.744
214.698254 237.567
214.702249 236.941
214.708251 233.765
214.714249 234.955
214.717250 235.769
214.723243 235.637
214.727244 235.189
214.733239 237.895
214.737249 235.402
214.743245 235.939
214.747244 235.296
214.756247 233.283
214.758240 234.574
214.762250 236.411
214.768250 235.13
214.772249 235.663
214.778250 233.859
214.782250 232.235
214.788247 233.936
214.792240 236.39
214.798246 235.096
214.802245 232.019
214.808250 234.557
214.813250 234.252
214.817249 231.017
214.823243 229.037
214.827251 233.382
214.833249 237.828
214.837183 235.13
214.843299 232.062
214.847296 232.235
214.853297 234.132
214.857296 236.592
214.863297 238.682
214.867299 235.64
214.875298 230.365
214.878296 231.547
214.883300 235.41
214.887303 237.245
214.893302 232.938
214.897293 232.295
214.903298 236.715
214.907289 237.371
214.913297 234.881
214.917296 235.533
214.923289 234.115
214.927299 235.833
214.933301 236.061
214.937277 236.061
214.943300 232.83
214.947426 235.308
214.953300 235.296
214.959300 232.925
214.962297 235.123
214.969298 236.434
214.973297 233.144
214.977291 233.677
214.983287 234.337
214.987299 234.991
214.993359 233.036
214.997290 233.686
215.003294 234.864
215.007292 233.144
215.013293 236.96
215.017298 236.299
215.023292 234.753
215.027302 236.592
215.033301 238.439
215.037300 235.956
215.043301 234.557
215.047299 236.487
215.053300 237.135
215.057298 237.899
215.063298 240.01
215.067298 237.493
215.073298 233.677
215.077302 237.363
215.085298 239.086
215.088300 236.592
215.093297 235.841
215.097292 235.215
215.103301 235.748
215.107293 238.116
215.113296 236.835
215.117299 234.574
215.123290 234.779
215.127280 234.881
215.133299 237.899
215.137298 235.939
215.143298 235.939
215.147296 237.777
215.153304 238.317
215.159294 235.096
215.162302 235.646
215.167301 237.39
215.173302 237.926
215.177301 238.562
215.183299 235.476
215.187299 234.305
215.193298 239.929
215.197290 238.43
215.203293 236.916
215.207296 235.011
215.213301 239.937
215.217300 239.389
215.226298 235.553
215.228292 233.825
215.232298 236.275
215.240296 239.929
215.243291 239.937
215.248299 238.011
215.252302 233.679
215.258302 235.476
215.262300 238.116
215.268291 239.937
215.272299 235.663
215.278300 234.293
215.283301 233.739
215.287298 238.964
215.293299 239.086
215.297290 235.296
215.303293 232.822
215.307292 232.727
215.313299 236.916
215.317297 239.293
215.323293 235.476
215.327297 232.366
215.333298 235.476
215.337297 240.042
215.343290 236.373
215.347300 237.021
215.356300 238.317
215.358288 233.472
215.362300 235.769
215.368300 237.152
215.372288 238.759
215.378300 234.293
215.382298 234.917
215.388299 234.216
215.392301 234.293
215.398293 238.002
215.402296 237.365
215.408296 238.099
215.415298 236.284
215.419302 234.762
215.423295 237.933
215.429302 239.91
215.433300 236.411
215.439306 233.137
215.443299 234.934
215.448298 236.275
215.452302 239.389
215.458298 237.017
215.462301 234.549
215.468301 233.275
215.472305 239.744
215.478302 239.744
215.482300 234.459
215.488300 231.937
215.492300 232.641
215.498239 236.924
215.502237 238.103
215.508161 237.462
215.512159 233.112
215.518133 233.739
215.522182 237.017
215.528193 238.964
215.532191 236.275
215.538197 234.917
215.542296 235.548
215.548303 236.097
215.552293 235.468
215.558295 236.182
215.562305 232.487
215.568303 233.043
215.572331 234.921
215.578303 235.565
215.582302 234.378
215.588301 234.305
215.592301 236.738
215.598307 236.738
215.602294 238.466
215.608299 239.654
215.612302 240.585
215.618303 242.134
215.622302 238.759
215.628246 234.866
215.632301 239.406
215.638296 238.212
215.642300 234.378
215.648301 237.462
215.652299 239.188
215.658300 237.851
215.662303 240.289
215.668303 241.779
215.672302 237.495
215.678305 236.966
215.682303 240.142
215.688304 238.935
215.692304 241.135
215.698308 238.726
215.702295 238.053
215.708298 238.583
215.712302 237.926
215.726304 238.011
215.728298 239.937
215.730294 238.969
215.741303 237.257
215.743296 238.189
215.744297 239.316
215.749300 241.037
215.753303 242.759
215.757294 241.015
215.763303 238.382
215.767301 242.037
215.773239 241.539
215.777301 239.251
215.783305 238.692
215.787304 240.572
215.793305 243.59
215.797304 245.546
215.803282 243.132
215.809305 241.276
215.813304 243.684
215.817303 244.961
215.823298 244.174
215.827302 242.26
215.833303 238.692
215.838295 240.075
215.844294 235.493
215.848303 239.654
215.854303 245.683
215.858295 237.834
215.863306 232.357
215.867305 236.645
215.873311 243.487
215.877304 238.933
215.883305 235.276
215.887304 242.211
215.893304 240.705
215.897303 234.421
215.903296 239.892
215.907307 247.318
215.913303 239.654
215.917302 238.172
215.923329 240.732
215.927301 239.403
215.933301 237.455
215.937300 241.69
215.945303 238.782
215.948298 234.551
215.953306 236.96
215.957307 237.645
215.963302 236.48
215.967301 239.05
215.973306 242.942
215.977305 239.176
215.983305 239.071
215.987304 241.568
215.993305 244.035
215.997304 242.736
216.003295 240.911
216.007240 239.829
216.013298 236.65
216.017302 234.704
216.023307 235.323
216.027302 238.933
216.035305 234.661
216.038299 235.996
216.043299 235.519
216.047305 233.889
216.053306 237.042
216.059297 240.425
216.063306 240.792
216.067305 236.814
216.073306 239.704
216.077305 238.483
216.083304 234.785
216.087304 236.578
216.093303 239.008
216.097307 237.196
216.103298 235.323
216.107308 234.088
216.113307 233.602
216.117306 240.179
216.123302 239.794
216.127292 234.073
216.135297 235.198
216.138299 239.539
216.143295 239.46
216.147306 237.609
216.153303 239.368
216.157332 238.137
216.163306 237.784
216.167304 239.737
216.173305 238.466
216.177305 237.28
216.183304 239.092
216.188304 236.645
216.194301 237.205
216.198304 238.483
216.204305 237.415
216.208304 236.886
216.213304 237.084
216.217303 239.585
216.223303 235.837
216.227299 237
216.233308 240.626
216.237314 239.406
216.243302 236.755
216.247305 236.123
216.253306 240.485
216.257304 240.693
216.263306 235.002
216.267305 235.548
216.273301 238.55
216.277297 234.849
216.283305 240.506
216.287303 241.251
216.293306 237.584
216.297305 236.814
216.303291 240.104
216.307302 245.255
216.313307 241.276
216.317306 239.406
216.323307 241.131
216.327306 237.196
216.333306 240.273
216.337305 238.458
216.343307 237.196
216.347304 234.917
216.353305 236.738
216.357304 237.034
216.363308 238.81
216.367307 236.504
216.373308 237.034
216.377305 239.393
216.383305 236.021
216.387304 238.458
216.393305 242.642
216.397308 238.642
216.403304 239.008
216.407299 240.472
216.413309 238.002
216.417299 234.785
216.423294 237.373
216.427315 240.042
216.433308 233.739
216.437307 233.662
216.443308 238.546
216.447311 238.103
216.453308 239.008
216.459308 237.365
216.463308 239.829
216.467307 237.373
216.473307 236.738
216.477306 240.585
216.483306 241.118
216.487305 237.914
216.493305 238.546
216.497309 238.747
216.503305 236.924
216.507300 233.748
216.513308 237.68
216.518308 236.284
216.524309 232.564
216.528306 233.825
216.534306 238.33
216.538249 235.002
216.543306 233.825
216.547305 237.558
216.553306 237.457
216.557309 234.455
216.563304 236.373
216.567308 235.091
216.573309 235.091
216.577308 236.478
216.583308 237.021
216.587307 233.283
216.593306 235.646
216.597309 234.305
216.603309 233.838
216.607303 235.096
216.613308 232.11
216.617308 234.459
216.623308 233.825
216.627306 235.735
216.633306 235.731
216.637306 232.183
216.643309 236.588
216.647308 235.291
216.653309 237.017
216.657309 234.009
216.663299 235.956
216.667306 234.779
216.673306 234.132
216.677309 235.956
216.683306 234.132
216.687309 234.132
216.693309 236.078
216.697307 233.703
216.703304 231.004
216.707291 232.925
216.713309 238.021
216.717307 235.402
216.723308 233.57
216.727307 234.647
216.733308 234.218
216.737307 236.707
216.743307 237.363
216.747310 235.521
216.753310 233.036
216.757309 233.144
216.763305 237.935
216.767309 234.602
216.773310 231.212
216.777307 234.354
216.783309 236.846
216.787311 234.231
216.793307 233.703
216.797311 234.231
216.803307 233.036
216.807290 234.991
216.813305 236.307
216.817309 233.81
216.823310 233.686
216.830309 233.81
216.834307 236.846
216.838307 235.145
216.844315 232.004
216.848310 232.004
216.854306 235.034
216.857309 235.068
216.863310 232.467
216.867308 233.763
216.873309 233.028
216.877310 234.32
216.883309 236.757
216.887309 234.132
216.893321 234.881
216.896306 234.337
216.903309 233.285
216.907319 235.953
216.913308 233.054
216.919309 232.433
216.922312 236.757
216.928307 235.873
216.932310 235.068
216.938311 235.584
216.944312 236.239
216.947302 235.623
216.953311 234.32
216.956305 236.694
216.963310 234.32
216.967308 232.908
216.973308 236.897
216.977308 235.987
216.983308 233.568
216.987311 230.933
216.993310 233.968
217.003305 235.69
217.007308 232.558
217.008175 233.157
217.019262 233.028
217.022263 234.192
217.023254 236.833
217.028262 233.673
217.031253 233.247
217.038263 232.558
217.043262 234.002
217.046262 233.208
217.053262 231.264
217.057263 233.114
217.063264 235.453
217.067263 233.514
217.073263 234.192
217.077261 232.347
217.083262 232.989
217.087263 234.38
217.093262 233.861
217.097263 231.909
217.103263 233.079
217.107262 231.909
217.113259 233.763
217.117264 236.656
217.123263 231.225
217.127273 231.746
217.133264 233.157
217.136257 231.996
217.143267 233.294
217.147265 233.294
217.153262 234.457
217.156259 229.382
217.163263 231.389
217.166263 233.452
217.173258 230.933
217.177272 232.004
217.183264 232.138
217.186263 230.872
217.193264 229.578
217.198264 231.571
217.204264 234.096
217.208263 232.51
217.214258 231.948
217.218264 230.786
217.223263 231.432
217.226263 232.082
217.233264 228.342
217.236257 229.499
217.245268 230.141
217.248257 232.177
217.253263 232.039
217.257264 230.742
217.263264 231.523
217.269264 228.934
217.273265 231.389
217.276259 232.558
217.283264 230.224
217.286253 231.182
217.293262 230.141
217.297262 232.596
217.303262 230.224
217.306261 230.872
217.315258 232.833
217.318265 230.968
217.323262 229.665
217.327258 227.853
217.333264 232.323
217.336256 233.761
217.343260 230.454
217.346261 231.389
217.353267 230.872
217.356256 232.691
217.363262 230.872
217.366261 232.177
217.373263 230.968
217.376256 230.454
217.383261 234.977
217.386261 231.769
217.393263 229.943
217.396256 229.8
217.403262 229.943
217.406263 234.31
217.413257 231.666
217.416261 229.061
217.423262 228.416
217.426261 230.358
217.433262 233.602
217.436258 230.185
217.443260 230.833
217.446262 231.11
217.453263 232.138
217.459262 232.794
217.461269 232.656
217.468263 234.113
217.471253 231.588
217.478273 234.776
217.481261 234.934
217.488263 230.224
217.491254 230.742
217.498263 235.366
217.501262 234.704
217.508269 231.389
217.511316 232.734
217.518308 234.977
217.521312 229.8
217.528321 234.002
217.531311 235.323
217.538315 231.623
217.541306 233.311
217.548314 234.113
217.551304 234.113
217.558313 231.484
217.561311 234.113
217.568309 237.491
217.571293 232.039
217.578319 231.523
217.581312 234.555
217.588314 232.88
217.591302 234.457
217.598312 233.157
217.601314 232.224
217.608314 231.303
217.611303 233.208
217.618308 235.987
217.621311 229.421
217.628307 228.254
217.631308 234.815
217.638312 234.661
217.641307 233.294
217.648311 233.028
217.651301 232.562
217.658311 234.367
217.661313 231.996
217.668315 234.457
217.671305 236.425
217.678313 229.43
217.681312 232.51
217.688314 233.673
217.691303 229.499
217.698311 230.66
217.701314 232.467
217.708315 233.805
217.711307 230.543
217.718313 233.673
217.721316 235.584
217.728318 231.948
217.731307 232.467
217.738317 236.383
217.741253 234.555
217.750312 230.098
217.753307 233.028
217.758315 232.385
217.761312 229.316
217.768315 234.192
217.771304 231.996
217.778312 233.947
217.781321 231.303
217.788313 230.66
217.791306 235.69
217.798313 233.311
217.801314 230.682
217.823298 232.004
217.824294 233.311
217.826293 230.482
217.830307 234.932
217.833315 231.676
217.838315 231.789
217.844311 235.724
217.848314 229.578
217.856307 231.789
217.859297 233.079
217.861312 235.034
217.868317 232.938
217.871312 229.212
217.878316 233.604
217.883312 232.295
217.886314 231.212
217.895317 233.81
217.898315 234.991
217.903314 232.613
217.906317 231.454
217.913314 234.776
217.916309 231.789
217.925309 231.909
217.928318 234.414
217.933315 231.823
217.936309 231.039
217.943309 234.487
217.946324 235.123
217.953315 229.486
217.956310 234.602
217.965317 235.247
217.968311 230.781
217.973314 234.991
217.976308 235.805
217.983315 235.784
217.989316 233.81
217.991305 232.631
217.998315 236.307
218.001317 234.881
218.016317 234.762
218.019306 234.231
218.021316 232.938
218.023284 233.583
218.029313 235.41
218.033317 234.651
218.039317 236.053
218.043311 235.41
218.049315 234.231
218.055316 236.592
218.058318 235.648
218.063316 238.021
218.066314 235.648
218.073316 235.521
218.076311 236.176
218.083315 236.592
218.089316 234.115
218.091310 237.786
218.098316 237.786
218.104316 232.11
218.107306 234.021
218.111317 234.252
218.118314 234.779
218.121317 236.715
218.128313 239.215
218.131309 235.521
218.138317 235.939
218.141316 239.873
218.148305 238.964
218.153311 239.623
218.159316 238.103
218.163323 235.108
218.169314 239.406
218.173317 238.86
218.178317 235.308
218.181317 235.308
218.188318 234.664
218.191308 236.487
218.198316 237.135
218.201314 237.786
218.208317 235.943
218.211312 234.009
218.218319 234.009
218.221316 237.021
218.228299 238.969
218.231295 238.851
218.238296 234.557
218.241312 236.916
218.248319 239.635
218.254314 238.851
218.258314 235.841
218.261315 237.912
218.268312 236.626
218.272316 234.921
218.288318 238.33
218.302320 237.462
218.304314 232.019
218.306310 235.189
218.308316 236.373
218.314316 235.637
218.318315 235.833
218.324320 238.204
218.328318 235.735
218.336188 236.39
218.339264 238.116
218.346274 234.6
218.349270 236.301
218.351261 233.838
218.358272 233.825
218.361270 235.308
218.368270 235.833
218.374271 234.651
218.376265 235.091
218.383271 235.189
218.386270 234.459
218.393193 235.096
218.396316 234.557
218.403317 233.825
218.406320 233.82
218.413321 238.317
218.416310 238.317
218.423320 230.757
218.426322 233.82
218.433310 236.478
218.436308 235.841
218.443314 235.841
218.446316 233.3
218.453319 230.161
218.456319 232.577
218.463320 238.116
218.466316 236.39
218.473318 232.019
218.476313 230.209
218.483316 233.91
218.486319 238.43
218.493321 233.365
218.496315 231.004
218.503315 234.753
218.506310 234.107
218.513319 235.189
218.516314 238.439
218.523319 235.198
218.526328 229.584
218.533319 232.83
218.536313 236.061
218.543260 233.275
218.546319 234.021
218.553216 235.308
218.556311 232.732
218.564326 234.004
218.568320 237.363
218.574320 239.215
218.578320 234.218
218.584316 234.762
218.588318 234.762
218.593319 236.053
218.596313 237.895
218.603318 236.487
218.606320 232.019
218.613313 234.557
218.617075 238.439
218.623319 235.943
218.626205 235.291
218.633221 235.943
218.636224 233.036
218.643261 234.231
218.646222 238.569
218.653223 237.786
218.656223 233.206
218.663223 232.093
218.666225 240.809
218.673225 237.127
218.676221 235.189
218.683221 236.588
218.686224 237.777
218.693222 236.478
218.696220 236.487
218.703225 237.668
218.706223 236.916
218.713225 235.548
218.716221 236.373
218.723223 236.186
218.726218 236.924
218.735222 239.406
218.738225 237.021
218.743225 237.584
218.746229 236.377
218.753226 237.668
218.756221 237.021
218.763224 236.916
218.766227 236.186
218.773223 235.011
218.776221 239.293
218.783226 238.65
218.786226 237.021
218.793223 236.478
218.796219 238.021
218.803224 239.752
218.806225 237.786
218.813224 236.916
218.816220 237.365
218.825227 233.838
218.828222 238.011
218.833183 239.188
218.836316 238.011
218.843319 236.097
218.846321 236.916
218.853322 238.964
218.856316 235.841
218.863321 234.651
218.866317 238.204
218.873329 238.099
218.876314 236.65
218.883318 235.945
218.886320 236.65
218.893322 239.641
218.896317 237.276
218.903321 238.002
218.906319 238.65
218.913320 238.229
218.916316 237.034
218.923321 239.527
218.926320 235.663
218.933317 234.293
218.936320 237.365
218.943320 238.002
218.946311 237.826
218.953321 232.974
218.956315 235.548
218.963328 243.61
218.966322 241.466
218.973324 237.021
218.976313 236.275
218.983321 236.818
218.986320 236.73
218.993321 237.914
218.996316 236.823
219.004332 234.378
219.008329 236.377
219.014317 237.777
219.018193 236.924
219.024246 234.557
219.028234 236.377
219.033244 235.189
219.036196 235.637
219.043274 235.002
219.046261 236.097
219.053268 237.457
219.056262 239.188
219.063269 236.916
219.066276 235.028
219.073275 236.301
219.076269 236.411
219.083270 237.034
219.086275 236.924
219.093275 233.193
219.096269 235.637
219.103276 237.462
219.106274 236.275
219.113276 234.369
219.116270 234.455
219.123213 235.091
219.126166 236.478
219.133184 235.402
219.136177 232.278
219.143177 234.651
219.146174 237.777
219.153154 235.731
219.156173 233.91
219.163171 237.558
219.166223 236.818
219.173317 236.818
219.176219 238.204
219.183226 236.924
219.186232 234.574
219.193229 237.802
219.196224 239.228
219.203232 235.41
219.206231 234.009
219.213161 236.275
219.219225 238.099
219.222219 237.558
219.224204 237.558
