104.829563 203.494
104.835541 199.482
104.839528 196.329
104.845888 193.259
104.849665 199.81
104.855845 204.24
104.859847 200.472
104.865571 199.905
104.869554 200.01
104.875610 198.716
104.879661 202.714
104.885666 201.159
104.889666 195.898
104.895666 199.612
104.899556 203.199
104.905681 198.494
104.909599 198.313
104.915664 200.562
104.919662 200.661
104.925668 199.151
104.929667 201.534
104.935668 200.771
104.939658 194.165
104.945667 203.494
104.949661 202.872
104.955668 197.434
104.959659 196.543
104.965662 198.716
104.969672 200.891
104.975668 200.771
104.979662 201.42
104.985667 200.661
104.989666 199.151
104.995667 197.649
104.999661 199.151
105.005670 202.943
105.009641 201.534
105.016672 198.6
105.020669 197.307
105.026661 200.529
105.030660 202.089
105.036669 197.57
105.041669 200.529
105.044663 193.507
105.052668 197.084
105.054662 204.475
105.060666 200.661
105.064669 196.825
105.070664 197.568
105.074671 202.072
105.080667 199.151
105.084671 197.084
105.090667 200.125
105.094669 195.78
105.100665 196.665
105.104669 198.977
105.110538 198.977
105.114619 201.159
105.120623 201.02
105.124621 202.299
105.130613 194
105.134615 198.313
105.140620 200.562
105.144619 199.06
105.150628 197.649
105.154623 196.237
105.160624 197.841
105.164621 198.716
105.170622 196.665
105.174623 197.434
105.180625 194.371
105.184623 198.073
105.190623 201.658
105.194624 198.494
105.200671 196.901
105.204668 199.905
105.210634 205.117
105.214663 202.181
105.220672 196.901
105.224671 199.251
105.230666 197.841
105.234664 195.78
105.240673 199.612
105.244666 198.204
105.250658 196.797
105.254662 198.977
105.260671 199.752
105.264668 203.342
105.270670 198.716
105.274668 199.361
105.280664 197.841
105.284667 198.494
105.290669 200.01
105.294667 200.01
105.300664 202.428
105.304669 195.78
105.310665 195.133
105.314660 202.872
105.320621 203.494
105.324668 199.612
105.330667 198.716
105.334663 191.919
105.340671 198.6
105.344671 204.749
105.350666 194.165
105.354670 192.588
105.360671 197.841
105.364669 202.566
105.370669 201.936
105.374669 197.952
105.381670 200.125
105.385669 194.826
105.391670 195.576
105.395659 199.251
105.401668 198.494
105.404663 199.251
105.410671 196.987
105.414662 199.361
105.420541 200.891
105.424621 199.361
105.430532 196.329
105.434584 199.251
105.440576 199.251
105.444573 199.251
105.450575 198.494
105.454572 199.361
105.460572 200.125
105.464574 197.952
105.470576 200.25
105.474573 201.02
105.480575 198.6
105.484576 200.771
105.490572 195.489
105.494574 198.399
105.500571 199.905
105.504573 200.661
105.510574 204.475
105.514567 202.428
105.520575 196.543
105.524577 201.308
105.530579 200.684
105.534571 197.57
105.540571 198.073
105.544574 201.658
105.550576 198.494
105.554575 198.399
105.560575 200.661
105.564574 203.836
105.570574 198.716
105.574576 198.716
105.580580 201.792
105.584574 197.952
105.590576 197.19
105.594573 198.716
105.600572 202.566
105.604576 198.716
105.611581 198.716
105.616584 200.25
105.620575 200.125
105.624574 201.02
105.630567 201.792
105.634574 196.431
105.644577 196.431
105.648578 203.199
105.649568 199.361
105.661577 197.841
105.663569 199.361
105.664573 198.494
105.669573 196.329
105.675574 199.361
105.679578 201.658
105.685576 198.716
105.689574 201.02
105.695576 200.25
105.699577 197.952
105.705580 194.165
105.709576 197.841
105.715567 204.475
105.719664 196.237
105.725672 197.649
105.729676 199.151
105.735666 198.494
105.739663 198.6
105.745670 196.431
105.749670 201.02
105.755739 198.073
105.759665 193.61
105.766671 201.792
105.770674 203.973
105.776674 200.125
105.780674 196.329
105.786674 199.251
105.790672 196.237
105.795741 194.743
105.799665 200.771
105.805673 200.01
105.809677 196.987
105.815751 194.826
105.819669 199.361
105.825669 201.792
105.831665 199.482
105.834669 195.021
105.839741 196.543
105.844675 197.307
105.850685 196.543
105.854674 203.199
105.860674 204.607
105.864674 197.74
105.870671 197.649
105.874671 203.708
105.880681 201.534
105.884670 196.329
105.890675 199.361
105.894674 198.716
105.900527 197.307
105.904636 201.159
105.910629 201.792
105.914627 198.6
105.920626 200.771
105.924628 202.181
105.933626 200.562
105.935618 200.562
105.940627 200.562
105.944626 202.83
105.950626 199.905
105.954627 201.42
105.960627 199.361
105.964627 201.658
105.970627 203.199
105.974626 197.841
105.980629 198.6
105.984624 197.74
105.990628 196.987
105.994627 201.42
106.000621 201.42
106.004627 196.901
106.010627 196.901
106.014617 201.42
106.020565 203.708
106.024816 204.475
106.030574 201.42
106.034465 197.649
106.040561 199.905
106.044550 202.943
106.050549 199.905
106.054549 200.661
106.060551 202.83
106.064550 198.313
106.070546 204.353
106.074550 202.181
106.080555 201.42
106.084555 204.353
106.090552 201.42
106.094551 198.494
106.100549 201.534
106.104550 205.244
106.110550 202.299
106.114550 199.251
106.120546 202.943
106.124550 203.708
106.130583 204.353
106.136582 201.973
106.139574 201.973
106.144584 197.497
106.150588 200.472
106.154583 201.884
106.160585 201.973
106.164584 198.313
106.170580 198.399
106.174583 203.066
106.180580 203.199
106.184582 200.891
106.190584 203.066
106.194582 199.251
106.200583 199.905
106.204584 203.482
106.210583 203.384
106.214582 197.436
106.221580 198.91
106.225585 204.24
106.231584 201.316
106.235578 197.649
106.241584 199.905
106.244578 198.494
106.250582 199.251
106.254585 202.943
106.260584 199.905
106.264584 199.905
106.270578 199.81
106.274582 198.313
106.280582 200.472
106.284587 201.973
106.290584 201.221
106.294584 198.313
106.300585 198.313
106.304585 199.905
106.310582 200.661
106.314585 197.841
106.320580 197.084
106.324586 201.02
106.330586 199.482
106.334584 199.361
106.340585 199.361
106.347585 199.251
106.349585 199.151
106.355580 197.649
106.359583 201.316
106.365585 198.313
106.369576 197.568
106.375584 203.59
106.379584 201.42
106.385571 200.771
106.389585 202.299
106.395584 201.658
106.399577 197.952
106.405578 201.02
106.409584 198.073
106.415585 201.02
106.419572 197.084
106.425585 198.494
106.429586 197.74
106.435598 198.494
106.439585 196.329
106.445585 200.01
106.449585 201.534
106.455577 196.237
106.459587 196.237
106.465587 198.494
106.469582 198.6
106.475586 201.658
106.479585 201.658
106.485692 197.841
106.489680 200.125
106.495744 205.38
106.499667 206.015
106.505680 205.117
106.509678 200.472
106.515670 200.392
106.519762 201.884
106.525673 203.384
106.529676 202.726
106.535768 199.06
106.539667 199.905
106.545676 203.836
106.549680 203.836
106.555668 203.199
106.559669 203.066
106.565675 204.353
106.569681 202.726
106.575742 202.549
106.579658 203.887
106.585682 204.629
106.589675 198.849
106.595742 203.384
106.599710 203.59
106.605679 198.399
106.609678 198.494
106.615743 200.891
106.619555 198.6
106.625911 196.329
106.629537 202.943
106.635532 205.244
106.639542 199.151
106.645540 201.316
106.649540 204.893
106.655535 203.961
106.659540 201.675
106.665540 199.449
106.669532 203.039
106.675540 205.3
106.679539 202.549
106.685543 200.472
106.689542 201.316
106.695534 201.42
106.699539 206.932
106.705539 206.787
106.709539 200.562
106.715539 199.65
106.719545 203.217
106.725575 203.823
106.729576 204.502
106.735582 202.312
106.741587 202.356
106.744579 203.887
106.749587 206.206
106.755589 205.548
106.759588 202.726
106.765588 203.482
106.769587 201.316
106.775587 204.137
106.779587 204.137
106.785590 198.172
106.792589 201.735
106.794578 203.887
106.800588 204.561
106.804587 205.3
106.810587 201.675
106.814589 201.735
106.820583 202.549
106.824589 201.137
106.830502 201.973
106.834554 200.472
106.840558 200.562
106.844554 200.472
106.850555 203.384
106.854550 204.893
106.860555 204.044
106.864557 201.804
106.870559 200.322
106.874554 205.548
106.880555 203.295
106.884558 202.549
106.890559 204.044
106.894557 200.392
106.901555 200.392
106.905555 204.137
106.911555 201.973
106.915554 199.81
106.924557 201.316
106.928557 201.221
106.929549 202.633
106.940590 201.137
106.943580 201.137
106.944589 201.884
106.952587 203.384
106.954578 206.41
106.960590 201.884
106.964588 198.91
106.970571 201.804
106.974588 204.044
106.980583 201.221
106.984591 197.497
106.990589 200.472
106.994590 200.472
107.000583 201.973
107.004587 199.81
107.010586 201.973
107.014582 204.893
107.020559 208.471
107.024588 201.735
107.030590 198.799
107.034582 203.217
107.040586 204.795
107.044590 204.137
107.050591 198.237
107.054584 198.98
107.060590 200.472
107.064590 204.24
107.070609 199.81
107.074590 196.084
107.080592 201.221
107.084593 205.65
107.090591 201.137
107.094595 196.759
107.100593 200.392
107.104587 207.82
107.110589 203.295
107.114588 197.436
107.120584 201.137
107.124589 201.973
107.130583 199.81
107.134585 201.973
107.140590 203.384
107.144588 196.023
107.150587 198.172
107.154598 204.893
107.160598 200.562
107.164591 200.562
107.170590 203.708
107.174587 202.943
107.180589 203.708
107.184592 202.072
107.190586 203.482
107.194588 200.472
107.200592 200.472
107.206588 203.384
107.209589 201.884
107.214589 202.633
107.220518 202.633
107.224663 199.06
107.230540 202.943
107.235534 206.015
107.239541 199.905
107.245592 201.42
107.249590 201.316
107.258590 200.562
107.260584 202.072
107.265589 204.24
107.269580 205.762
107.275591 200.472
107.279591 202.633
107.285592 206.41
107.289583 204.137
107.295590 203.384
107.302591 199.725
107.304593 202.072
107.310590 201.316
107.314592 199.151
107.321582 203.59
107.325591 202.181
107.331590 200.562
107.335584 202.549
107.341590 202.475
107.345593 199.484
107.350593 203.089
107.354590 203.148
107.360591 200.998
107.364591 200.392
107.370591 201.973
107.374591 200.562
107.380591 202.072
107.384593 201.221
107.390586 198.98
107.395591 199.65
107.399593 202.633
107.405585 201.804
107.409591 199.585
107.415594 203.217
107.419592 204.707
107.425591 201.804
107.429591 198.91
107.435585 205.548
107.439584 203.384
107.445592 201.884
107.449591 200.392
107.455588 198.98
107.459591 204.24
107.465592 205.762
107.469595 199.81
107.475592 203.384
107.479593 198.91
107.485594 198.237
107.489586 204.893
107.495593 201.137
107.499591 198.98
107.505595 200.472
107.509592 198.313
107.515592 199.81
107.519592 204.353
107.525593 202.072
107.529591 199.81
107.535503 203.59
107.539586 202.072
107.545593 199.81
107.549591 202.83
107.555592 202.072
107.559586 198.237
107.565592 203.384
107.569592 201.884
107.575584 196.759
107.579592 202.633
107.585595 203.384
107.589584 206.41
107.595592 200.562
107.599592 194.672
107.605552 205.117
107.609591 206.652
107.615593 201.973
107.619593 200.472
107.625593 199.725
107.629584 201.973
107.635577 204.24
107.639583 206.41
107.645593 201.973
107.649592 195.29
107.655600 198.98
107.659594 204.24
107.665595 200.562
107.669592 198.313
107.675588 200.562
107.679593 200.562
107.685594 204.24
107.689589 204.24
107.695595 204.893
107.699594 204.137
107.705615 204.137
107.709593 200.472
107.715592 199.725
107.719591 205
107.725595 203.482
107.729596 198.237
107.735593 203.482
107.739586 200.562
107.745588 201.316
107.749593 211.929
107.755594 205.117
107.759586 198.313
107.765595 198.313
107.769593 205.762
107.775589 203.482
107.779593 201.884
107.785596 203.295
107.789595 204.137
107.795594 201.316
107.799594 201.316
107.805594 205.762
107.809593 205.762
107.816592 196.084
107.820594 197.568
107.826823 204.353
107.830540 205.883
107.836535 201.221
107.839467 195.29
107.845640 197.436
107.849629 207.06
107.855634 206.41
107.860636 204.795
107.864634 204.795
107.870635 198.849
107.874631 201.884
107.880635 207.935
107.884640 201.973
107.890630 198.237
107.894635 200.472
107.900635 198.237
107.907752 205.762
107.909673 205.762
107.915751 199.06
107.919720 199.725
107.925685 202.633
107.929685 200.392
107.935753 203.295
107.939653 204.137
107.945684 201.137
107.949684 200.392
107.955748 198.91
107.959761 202.726
107.965688 201.973
107.969687 204.137
107.975753 202.549
107.979722 201.062
107.985688 194.61
107.989685 199.06
107.995753 203.59
107.999728 202.83
108.005681 199.06
108.009680 201.221
108.015720 206.41
108.019749 205.65
108.025685 197.497
108.029683 198.98
108.035750 204.24
108.039589 204.24
108.045687 199.81
108.049686 199.06
108.055754 202.83
108.059720 199.81
108.065685 199.06
108.069684 199.725
108.075746 196.084
108.079748 200.472
108.085684 206.526
108.089682 203.482
108.095756 204.353
108.099722 199.905
108.104687 199.905
108.110687 205.117
108.114686 205.117
108.120686 198.399
108.124680 196.156
108.130665 202.072
108.135720 199.81
108.144685 198.399
108.145677 205.883
108.151753 203.59
108.156686 197.568
108.159719 199.81
108.164683 208.06
108.170684 202.726
108.174682 196.825
108.180687 199.81
108.184687 200.562
108.190595 203.708
108.194686 205.883
108.204691 201.316
108.208686 197.649
108.209678 196.901
108.220686 202.072
108.223777 201.42
108.224677 201.42
108.229685 201.42
108.235753 196.987
108.239784 202.299
108.245703 203.708
108.250688 199.06
108.254687 198.237
108.260682 201.884
108.264686 202.726
108.270686 199.81
108.274682 204.353
108.280688 204.353
108.284686 196.156
108.290712 197.649
108.294691 201.42
108.300691 200.562
108.304688 198.313
108.310687 199.81
108.314687 199.06
108.320683 202.072
108.324691 205.244
108.330687 205.244
108.334685 202.181
108.340654 200.771
108.344684 204.353
108.350689 197.568
108.354684 197.497
108.360685 198.98
108.364689 199.725
108.370690 198.313
108.375750 203.482
108.379750 202.83
108.388689 199.151
108.390678 200.661
108.395751 205.244
108.400685 198.494
108.406690 201.42
108.410688 199.81
108.416685 200.472
108.420683 199.725
108.426738 203.384
108.429680 201.973
108.435578 201.316
108.442597 203.59
108.444591 205.117
108.450593 198.399
108.454592 194.743
108.460589 199.905
108.464594 205.883
108.470591 200.661
108.474593 195.489
108.480595 199.905
108.484592 201.316
108.490594 199.81
108.494591 197.497
108.500594 196.759
108.504591 196.825
108.510589 196.901
108.514590 199.151
108.520591 200.661
108.524573 199.151
108.530597 198.494
108.534595 199.251
108.540595 203.708
108.544588 202.943
108.550592 199.151
108.554592 199.905
108.560590 204.475
108.567592 198.399
108.569591 198.399
108.575590 203.59
108.580594 201.973
108.584630 197.568
108.590593 196.825
108.594592 202.072
108.600596 202.83
108.604590 200.562
108.610591 200.01
108.614595 200.125
108.620594 201.658
108.624594 199.251
108.630592 202.299
108.634595 200.01
108.640594 196.329
108.644591 201.534
108.650594 204.607
108.657594 199.251
108.659587 199.905
108.665596 202.943
108.669594 201.534
108.675603 200.771
108.679596 200.771
108.685594 202.181
108.689592 200.661
108.695589 200.661
108.699594 200.771
108.705588 202.181
108.709586 201.42
108.715595 200.562
108.719593 201.316
108.725598 204.353
108.729594 202.943
108.735594 198.494
108.739593 201.534
108.744672 206.306
108.750684 198.6
108.754788 200.661
108.760687 205.117
108.764691 201.316
108.770691 199.905
108.774691 204.353
108.780691 206.526
108.784690 202.943
108.790691 199.905
108.794684 202.943
108.800693 202.943
108.804691 200.661
108.810686 198.399
108.814690 202.072
108.820690 200.472
108.824689 200.472
108.830691 204.893
108.834694 200.472
108.841690 199.725
108.845682 204.137
108.851759 202.633
108.855728 199.725
108.863757 200.472
108.865681 199.81
108.870689 201.316
108.874692 202.83
108.880692 199.81
108.884691 198.313
108.890693 200.472
108.894682 205.762
108.900691 202.633
108.904689 199.65
108.910686 199.65
108.914690 201.884
108.920685 203.384
108.924689 201.137
108.930690 195.972
108.934688 198.91
108.940689 201.884
108.944753 200.472
108.957692 203.482
108.959757 199.81
108.962683 200.661
108.964688 203.066
108.970689 202.299
108.974692 199.251
108.980692 199.251
108.984691 200.01
108.990693 199.905
108.994678 198.399
109.000686 201.316
109.004689 198.313
109.010680 195.346
109.014685 200.472
109.020694 204.044
109.025054 200.392
109.030854 197.436
109.034583 198.98
109.040683 201.973
109.044692 200.661
109.050687 199.251
109.054691 202.299
109.060686 201.658
109.064690 203.066
109.070690 201.658
109.077687 200.125
109.082692 200.01
109.084686 199.905
109.090689 201.316
109.094688 205
109.100693 196.759
109.104692 195.346
109.110687 201.316
109.114691 206.015
109.120692 204.607
109.124685 197.952
109.130685 200.891
109.134690 202.428
109.140691 198.494
109.144694 196.901
109.150688 196.156
109.154692 195.412
109.160689 198.399
109.164691 203.708
109.170692 201.534
109.174690 203.066
109.180691 197.841
109.184690 197.084
109.190692 206.155
109.197685 204.475
109.199762 196.987
109.205697 198.399
109.209691 197.649
109.215758 201.42
109.219757 205.244
109.225695 206.015
109.229695 203.708
109.235759 196.987
109.239729 200.771
109.245694 206.787
109.249684 201.42
109.255765 199.151
109.259729 196.156
109.268691 197.568
109.270684 199.06
109.275757 205.762
109.279756 204.24
109.285685 197.568
109.289696 200.661
109.295758 206.787
109.299729 203.066
109.305694 200.771
109.309692 203.066
109.315757 200.125
109.319727 193.414
109.325702 201.534
109.329693 206.932
109.335761 202.299
109.339758 198.399
109.345693 201.316
109.349683 204.137
109.355760 197.385
109.361687 200.322
109.364691 203.295
109.369695 199.725
109.375757 201.316
109.379727 200.01
109.385695 203.066
109.389695 200.771
109.395759 201.534
109.400690 200.01
109.404698 200.661
109.410632 200.661
109.414693 198.399
109.420693 195.412
109.424691 203.59
109.430693 203.59
109.434697 197.649
109.440693 195.412
109.444690 200.562
109.450689 201.973
109.454692 198.313
109.460703 201.973
109.464697 204.353
109.470698 194.743
109.474697 194.826
109.484693 205.38
109.488693 203.066
109.489684 196.987
109.500693 196.901
109.503770 191.003
109.508695 200.562
109.509688 201.316
109.514695 199.81
109.520693 198.399
109.524689 199.151
109.530695 198.494
109.534694 202.299
109.540695 203.836
109.544700 202.428
109.550689 198.6
109.554685 194.918
109.560694 200.125
109.564693 203.066
109.570689 199.905
109.574685 194.672
109.580693 195.412
109.584691 197.649
109.590693 200.01
109.594628 202.943
109.600692 201.42
109.604694 200.01
109.610696 201.658
109.614694 200.125
109.620694 203.199
109.624693 200.891
109.630869 197.084
109.634682 199.251
109.640687 200.01
109.644589 195.576
109.650568 197.841
109.654693 207.087
109.660695 203.199
109.664695 198.716
109.670695 198.6
109.674694 203.836
109.680689 202.299
109.684692 197.649
109.693697 198.399
109.694694 199.06
109.699778 200.562
109.705702 199.151
109.709697 201.534
109.715758 201.658
109.720697 200.25
109.726698 206.635
109.730687 205.061
109.736697 196.543
109.740695 196.431
109.745690 206.787
109.749694 203.708
109.755601 193.145
109.759761 198.237
109.765694 202.633
109.769696 202.726
109.775761 202.83
109.779730 201.316
109.785696 199.251
109.789695 201.658
109.795761 207.87
109.799728 201.792
109.805694 199.482
109.809698 200.25
109.815759 201.02
109.819760 201.658
109.825698 201.42
109.829688 203.59
109.835761 198.98
109.839730 197.497
109.845691 202.726
109.849694 207.422
109.855771 200.661
109.859736 197.649
109.865698 198.399
109.869693 201.42
109.875759 202.943
109.879759 204.353
109.885697 198.98
109.889688 195.346
109.895762 199.06
109.899731 206.652
109.905697 200.562
109.909695 198.399
109.915761 202.943
109.919730 196.987
109.925695 196.237
109.929686 206.787
109.935769 200.01
109.940689 197.084
109.944697 200.01
109.950693 203.708
109.954689 206.652
109.960703 198.313
109.966699 193.876
109.969697 193.876
109.974696 205.762
109.980696 202.943
109.984695 197.74
109.990691 200.891
109.994699 197.084
110.000694 195.673
110.004698 209.275
110.010689 199.251
110.014688 193.933
110.020691 199.81
110.024699 199.151
110.030690 197.649
110.034697 199.151
110.040699 198.494
110.044698 200.125
110.050698 198.716
110.054691 200.25
110.060698 200.25
110.064698 198.716
110.070698 197.74
110.074697 194.672
110.080688 199.81
110.084635 201.221
110.090693 199.81
110.094695 196.825
110.100696 199.151
110.104698 201.42
110.110695 196.237
110.114690 200.01
110.120691 200.125
110.124688 197.841
110.130692 194.077
110.134696 197.74
110.140698 202.181
110.144692 199.905
110.150691 194.743
110.154560 199.905
110.160652 199.151
110.164648 200.661
110.170649 200.771
110.174648 199.361
110.180645 199.482
110.184647 195.673
110.190647 198.716
110.194648 201.658
110.201648 198.6
110.205648 196.237
110.211648 203.708
110.215640 200.01
110.221649 200.01
110.225648 204.607
110.230756 199.482
110.234649 201.792
110.240636 198.073
110.244637 199.482
110.250654 202.428
110.254584 201.658
110.260650 196.329
110.264649 193.933
110.270647 201.316
110.275653 202.943
110.279658 198.399
110.285651 200.01
110.289647 203.973
110.295652 201.02
110.299644 197.952
110.305651 202.428
110.309652 199.361
110.315647 197.74
110.319653 199.81
110.325652 201.221
110.329655 199.06
110.335651 200.562
110.341652 205.117
110.344695 201.42
110.349700 203.708
110.355756 203.066
110.361703 199.361
110.364692 198.716
110.369699 206.155
110.375764 202.943
110.379757 196.156
110.385699 194.61
110.389693 200.392
110.395764 204.137
110.399734 204.24
110.405704 200.562
110.409698 197.649
110.415760 201.534
110.419761 205.38
110.425698 197.841
110.429697 199.361
110.435772 200.01
110.439731 201.42
110.445702 200.562
110.449701 201.973
110.455749 202.072
110.460695 203.59
110.466701 202.181
110.470701 202.181
110.475767 199.905
110.481695 195.346
110.485697 202.072
110.490698 203.59
110.494701 199.905
110.500696 204.607
110.504699 205.38
110.510700 200.771
110.514694 197.649
110.520700 202.072
110.524698 199.81
110.530704 199.06
110.534697 199.81
110.540703 198.399
110.544701 200.661
110.550702 200.771
110.555767 201.534
110.559746 199.361
110.565701 202.428
110.569699 203.973
110.575759 203.836
110.579735 204.475
110.585700 200.661
110.589624 196.901
110.595763 199.81
110.599760 205.762
110.605699 204.24
110.609702 193.197
110.615761 196.901
110.619738 203.708
110.625704 205.244
110.629694 204.475
110.635762 196.901
110.639738 199.81
110.645703 199.81
110.650701 202.726
110.654699 200.562
110.660694 199.06
110.666695 196.987
110.669703 201.534
110.674697 208.492
110.680712 204.749
110.684702 194.918
110.690697 195.576
110.694700 200.125
110.700696 202.943
110.704700 198.313
110.710700 196.023
110.714703 198.91
110.720694 199.585
110.724682 201.137
110.730719 207.06
110.734701 202.726
110.740701 193.933
110.744700 204.475
110.750702 206.932
110.763745 197.084
110.768696 197.084
110.769693 200.125
110.771733 195.673
110.780701 200.125
110.783762 206.015
110.784692 201.534
110.789700 197.084
110.795762 202.943
110.801701 203.708
110.804696 198.399
110.809703 196.901
110.815764 201.316
110.819736 197.649
110.829095 202.072
110.830692 203.708
110.835879 197.649
110.839737 196.237
110.848703 200.771
110.850692 202.181
110.855766 197.74
110.859735 199.905
110.865695 198.494
110.869700 201.534
110.875759 203.066
110.880705 200.01
110.886703 202.181
110.890700 196.901
110.899763 198.399
110.900692 201.316
110.905700 201.316
110.909703 199.06
110.915763 197.568
110.919737 199.81
110.925703 202.072
110.929701 202.072
110.935761 201.316
110.939734 196.156
110.945701 202.072
110.949692 200.562
110.955767 197.568
110.959771 199.81
110.965695 201.316
110.972702 196.825
110.974695 199.06
110.980704 201.316
110.984703 198.399
110.990642 199.151
110.994702 202.181
111.000697 202.299
111.004701 202.299
111.010697 200.125
111.014692 201.658
111.020702 197.19
111.024704 197.084
111.030706 198.399
111.034704 199.06
111.040704 200.472
111.044702 200.472
111.050698 201.973
111.054702 198.399
111.060703 202.181
111.064593 201.534
111.070699 201.658
111.074702 201.02
111.080703 196.431
111.084702 197.19
111.090661 203.342
111.094706 199.361
111.100701 199.361
111.104704 200.891
111.110701 200.01
111.114704 202.943
111.120703 203.708
111.124698 199.251
111.130696 198.494
111.134695 203.708
111.140701 204.475
111.144704 201.534
111.150700 198.494
111.157702 200.01
111.159843 197.74
111.165571 202.299
111.169650 207.562
111.175653 199.251
111.179645 197.084
111.185654 204.607
111.189652 202.428
111.195657 202.428
111.199644 202.299
111.205663 198.494
111.209656 201.42
111.216654 198.399
111.220656 196.825
111.226655 200.472
111.230656 202.633
111.236656 196.759
111.240657 203.482
111.245656 207.292
111.249652 199.251
111.255656 200.891
111.259649 207.87
111.265643 199.482
111.269648 197.841
111.275656 200.771
111.281657 199.905
111.284651 199.06
111.289656 201.316
111.295660 205
111.299647 201.973
111.305656 198.98
111.309658 202.726
111.315656 202.726
111.319765 200.472
111.325702 201.316
111.329697 198.399
111.338704 198.494
111.340698 204.607
111.345705 199.361
111.349709 199.251
111.355766 200.01
111.359738 196.987
111.365703 196.987
111.369700 201.316
111.375765 201.316
111.379770 197.568
111.385703 196.825
111.389706 198.313
111.395765 205
111.399639 202.072
111.405706 196.156
111.409704 201.316
111.415766 206.652
111.419738 199.251
111.425704 200.771
111.429727 205.38
111.436054 195.576
111.439745 190.371
111.445686 198.399
111.449731 205.117
111.455750 195.412
111.459738 195.412
111.465705 207.292
111.469698 205.244
111.475759 197.841
111.479735 203.066
111.485711 199.361
111.489703 201.792
111.495767 201.658
111.499722 194.165
111.505703 198.6
111.509702 202.299
111.515773 194.743
111.519737 196.987
111.525702 202.181
111.529705 201.42
111.535765 200.771
111.539734 202.181
111.545704 199.151
111.549679 200.661
111.555766 202.181
111.559766 200.661
111.565715 202.299
111.569699 197.084
111.575714 191.846
111.579763 203.066
111.585701 203.973
111.589696 197.19
111.595769 201.02
111.599734 204.9
111.605704 203.199
111.609707 192.588
111.615713 205.117
111.619763 207.562
111.625707 196.237
111.629698 199.151
111.638705 205.117
111.640699 199.905
111.645706 193.259
111.649704 199.905
111.655768 200.771
111.659740 200.125
111.665708 200.891
111.669699 200.125
111.675764 200.25
111.680708 198.716
111.686709 201.792
111.690708 203.342
111.696708 198.6
111.700715 196.237
111.705704 196.825
111.709707 204.24
111.715711 199.725
111.719771 197.568
111.725707 202.83
111.729706 199.905
111.735759 201.534
111.739759 200.125
111.745705 199.482
111.749709 197.19
111.755766 199.361
111.759737 205.38
111.765709 197.74
111.769687 199.905
111.775793 199.06
111.779774 197.497
111.785703 199.81
111.789706 199.81
111.795763 196.237
111.799762 200.01
111.805706 205.526
111.809709 195.673
111.815718 197.952
111.819765 207.087
111.825711 197.19
111.829711 194.077
111.835763 199.905
111.839738 199.151
111.845708 197.649
111.849706 196.901
111.855769 203.59
111.859759 200.661
111.865707 196.156
111.869705 197.649
111.875783 203.708
111.879742 200.771
111.885704 197.841
111.889707 202.428
111.895763 200.125
111.899744 197.084
111.905707 200.891
111.909706 199.482
111.915768 199.482
111.919759 198.716
111.925705 199.361
111.929696 200.01
111.935762 200.771
111.939735 202.181
111.945708 195.489
111.949707 196.987
111.955712 201.534
111.959760 199.361
111.965717 195.576
111.969705 200.891
111.975769 203.199
111.979768 195.576
111.985699 194.743
111.989708 200.01
111.995767 202.299
111.999745 198.6
112.005708 198.6
112.009703 203.973
112.015762 199.482
112.019739 199.361
112.025706 199.361
112.029710 203.066
112.043605 197.084
112.047589 199.251
112.048608 206.015
112.050603 198.494
112.059622 197.084
112.062610 202.299
112.064608 203.836
112.070604 203.199
112.074607 198.6
112.080611 195.576
112.084615 202.299
112.090612 199.251
112.094613 194.826
112.100619 205.38
112.109613 203.199
112.110606 199.482
112.115610 204.749
112.119605 202.428
112.125606 194.918
112.129601 198.716
112.135605 207.087
112.139611 202.428
112.145611 197.74
112.149607 199.905
112.155610 195.412
112.159611 196.156
112.165701 205.883
112.171770 202.83
112.174700 199.151
112.181705 201.42
112.188706 196.987
112.189699 201.658
112.194703 211.814
112.200706 201.936
112.204865 195.133
112.210584 199.482
112.214583 199.361
112.220584 197.649
112.224584 201.221
112.230584 198.237
112.234583 197.497
112.240584 208.701
112.244584 205
112.250583 194.672
112.254584 199.905
112.260583 200.891
112.264583 200.25
112.270584 204.749
112.275583 201.534
112.279584 193.259
112.285592 190.276
112.289585 199.06
112.295588 202.072
112.299584 197.568
112.305585 196.156
112.309584 199.151
112.315584 196.237
112.319583 197.841
112.325583 205.38
112.329584 200.01
112.335582 193.331
112.339584 195.489
112.345583 203.708
112.349583 202.181
112.355584 200.771
112.359584 199.361
112.365592 200.125
112.369585 194.826
112.375583 199.361
112.379584 203.199
112.385577 197.19
112.389584 194.826
112.395590 199.251
112.399585 203.836
112.405585 200.01
112.409585 193.259
112.415592 200.661
112.419585 202.943
112.425586 194.077
112.429586 195.673
112.435577 203.342
112.441585 195.898
112.445586 202.089
112.451586 199.902
112.455584 197.57
112.461585 200.529
112.464586 198.842
112.470585 197.19
112.476585 201.534
112.479582 199.905
112.484585 198.313
112.490586 200.562
112.494590 197.649
112.500585 199.151
112.504585 197.74
112.510585 200.891
112.514585 206.465
112.520586 201.308
112.524585 195.389
112.530592 199.279
112.540526 206.206
112.540535 200.529
112.544591 195.021
112.550587 196.329
112.554580 198.494
112.560586 196.901
112.564594 196.156
112.570581 202.072
112.574587 201.534
112.580588 195.576
112.584582 202.566
112.590587 206.814
112.594586 198.497
112.600543 197.874
112.604511 205.412
112.610587 195.133
112.614587 192.588
112.620584 201.42
112.624586 207.292
112.630653 193.876
112.634664 195.346
112.640573 201.42
112.644573 199.361
112.650577 201.02
112.654664 204.12
112.660603 200.385
112.664551 197.434
112.670583 195.898
112.674585 207.087
112.680583 205.38
112.684582 197.649
112.690584 195.412
112.694579 196.156
112.700586 198.494
112.704585 198.6
112.710585 199.482
112.714585 197.19
112.720583 197.307
112.724542 204.12
112.730538 202.566
112.734616 202.428
112.741708 197.084
112.745712 194.077
112.751717 197.74
112.755613 199.251
112.761707 194.743
112.764721 196.237
112.770711 199.251
112.774714 195.576
112.780715 196.543
112.784694 202.089
112.790589 201.308
112.794548 199.123
112.800715 200.684
112.804711 197.434
112.810711 199.612
112.814714 200.25
112.820710 197.084
112.824704 196.901
112.830711 195.412
112.834713 192.416
112.840714 197.568
112.844713 201.42
112.850704 195.673
112.854614 198.204
112.860587 204.01
112.864717 200.602
112.870705 197.608
112.874714 200.412
112.880714 196.939
112.884694 195.78
112.892711 196.329
112.895721 194.743
112.900714 194.672
112.904713 197.568
112.910713 193.933
112.914707 194.743
112.920617 201.792
112.924586 202.252
112.930717 201.022
112.934714 199.62
112.940710 200.232
112.944713 193.982
112.950713 195.133
112.954706 199.482
112.960713 197.841
112.964713 194
112.970654 191.846
112.974712 198.6
112.980590 199.482
112.984588 195.133
112.990711 199.123
112.994710 205.602
113.000714 198.497
113.004709 196.026
113.010711 203.494
113.014704 198.716
113.020658 195.576
113.024708 200.661
113.030708 199.905
113.034716 193.933
113.040708 192.588
113.044580 199.482
113.050555 196.939
113.054712 195.533
113.060717 196.469
113.064715 195.389
113.070721 205.061
113.074714 201.792
113.080709 196.329
113.087649 198.494
113.089705 203.708
113.095721 200.01
113.099768 196.987
113.105711 198.494
113.109583 194.918
113.115559 194.371
113.119622 199.902
113.125617 204.805
113.129707 200.062
113.135765 196.939
113.139719 199.902
113.145710 205.061
113.149714 202.566
113.155714 196.329
113.159716 196.237
113.165719 196.987
113.169718 197.74
113.175579 197.084
113.179559 197.19
113.185713 198.073
113.189708 197.434
113.195654 202.872
113.199716 199.752
113.205706 195.898
113.209709 199.612
113.215719 199.482
113.219716 199.361
113.225713 196.987
113.229716 199.905
113.236606 200.661
113.240640 196.237
113.246604 196.237
113.250598 199.361
113.256674 198.842
113.259660 196.026
113.265668 195.256
113.269670 200.529
113.275658 196.431
113.282668 196.987
113.284661 199.151
113.290661 197.649
113.294665 196.901
113.300606 200.01
113.304554 197.952
113.310671 195.78
113.314668 198.073
113.330719 198.204
113.332705 196.665
113.342719 199.612
113.344711 199.612
113.345708 198.842
113.350715 199.361
113.354691 196.431
113.360714 200.385
113.365590 199.752
113.370519 199.123
113.374620 198.346
113.380619 196.026
113.384626 197.434
113.390621 198.842
113.394618 199.361
113.400631 198.6
113.404625 202.428
113.410626 196.431
113.414625 195.021
113.420626 201.308
113.424624 196.939
113.430626 195.389
113.434624 202.252
113.440622 202.089
113.444626 197.434
113.450626 200.25
113.455621 199.482
113.459625 199.482
113.465625 200.25
113.469624 200.385
113.475618 195.78
113.479627 197.307
113.485626 198.073
113.489538 198.204
113.495593 199.612
113.499594 202.714
113.505599 198.842
113.509593 199.612
113.515593 200.385
113.519594 197.307
113.525593 198.842
113.529677 200.25
113.535595 198.842
113.539589 201.792
113.545596 196.431
113.549594 195.576
113.555596 201.534
113.559593 197.841
113.565595 197.19
113.569594 200.385
113.575587 202.714
113.579593 195.133
113.585594 196.543
113.589582 203.494
113.595587 199.612
113.599592 197.19
113.605571 201.658
113.609595 199.361
113.616594 197.084
113.620595 196.329
113.626593 200.891
113.630588 200.385
113.636595 196.543
113.640594 199.612
113.645637 202.714
113.649626 199.612
113.655634 200.385
113.660627 203.342
113.664626 198.716
113.670625 196.329
113.674618 197.74
113.680627 200.771
113.684626 195.576
113.690628 197.084
113.694619 198.716
113.700632 195.78
113.704631 199.612
113.710626 200.25
113.714627 196.543
113.720629 195.673
113.724633 197.841
113.730627 198.6
113.734710 196.329
113.740713 195.576
113.744717 196.329
113.750718 199.361
113.754716 199.482
113.760717 197.952
113.764715 198.716
113.770717 196.431
113.774711 196.431
113.780715 197.841
113.784719 200.125
113.790723 197.841
113.794701 195.673
113.800722 201.02
113.804717 204.12
113.810718 200.25
113.814716 198.073
113.820717 200.529
113.824716 197.57
113.830716 197.57
113.834715 201.308
113.840600 198.073
113.844590 195.021
113.850579 197.952
113.854668 195.021
113.860684 195.78
113.864674 199.752
113.870671 196.665
113.874668 192.852
113.880672 198.073
113.884672 201.159
113.890668 195.78
113.894714 198.073
113.900725 202.566
113.904719 198.073
113.910720 192.852
113.914719 198.073
113.920719 198.977
113.924718 195.133
113.930718 198.073
113.934717 200.25
113.940717 198.073
113.944716 198.842
113.950717 196.431
113.954720 201.02
113.962718 205.061
113.969728 198.842
113.970712 197.19
113.975720 199.251
113.979718 195.489
113.985720 192.52
113.989719 200.661
113.995730 199.361
113.999735 193.414
114.005720 198.842
114.012714 200.062
114.014709 197.091
114.020721 198.658
114.026719 197.57
114.030718 193.507
114.036718 194.077
114.039721 199.06
114.045721 197.497
114.049720 199.65
114.057712 192.416
114.060712 193.259
114.065719 199.482
114.069718 200.529
114.075717 197.717
114.079717 196.311
114.085718 196.939
114.089721 202.089
114.095725 201.792
114.099725 196.237
114.105722 197.649
114.112719 199.905
114.114713 194.743
114.120720 196.237
114.124716 203.973
114.130715 197.307
114.134720 192.2
114.140726 197.717
114.144607 201.636
114.150726 196.939
114.154718 198.204
114.160646 196.543
114.164604 192.754
114.170593 197.952
114.174590 200.25
114.180782 195.78
114.184669 194.371
114.190599 196.543
114.194667 197.307
114.200670 195.78
114.204670 197.307
114.210669 198.716
114.214670 194.918
114.220671 195.673
114.224666 202.566
114.230670 199.482
114.234672 194.165
114.240670 197.19
114.244671 199.482
114.250597 197.952
114.254609 197.307
114.260677 199.612
114.264675 201.159
114.270666 199.752
114.274670 199.752
114.280671 196.665
114.284671 194.371
114.290669 195.898
114.294585 201.02
114.302009 200.125
114.304553 196.329
114.310679 198.494
