47.331395 181.025
47.335287 181.025
47.341396 180.325
47.345443 181.025
47.351393 181.728
47.355415 181.025
47.361281 181.728
47.365274 180.314
47.371317 178.911
47.375298 178.899
47.381295 178.191
47.385291 179.605
47.394198 179.611
47.395562 179.611
47.400355 178.933
47.406335 180.325
47.410338 181.041
47.416339 180.325
47.420333 179.611
47.426339 178.899
47.430337 178.899
47.436337 178.899
47.440342 178.911
47.446342 181.025
47.450340 181.739
47.456335 181.041
47.460339 181.739
47.466340 179.627
47.470343 179.611
47.476338 179.611
47.480342 180.314
47.486338 181.728
47.493339 180.314
47.495333 180.314
47.501340 180.314
47.505334 179.605
47.511341 181.025
47.515339 180.314
47.521335 181.025
47.525339 179.627
47.531340 178.933
47.535343 181.041
47.541343 180.347
47.545343 180.325
47.551342 178.899
47.555249 178.899
47.561341 177.485
47.565345 178.197
47.571341 178.191
47.575333 178.899
47.581341 180.325
47.585340 181.041
47.591333 181.041
47.595344 181.041
47.601340 180.325
47.606335 179.611
47.612340 179.611
47.616344 178.197
47.622329 178.899
47.626342 179.611
47.631333 180.325
47.635341 181.041
47.641342 180.325
47.645341 181.025
47.651336 178.933
47.655311 178.911
47.661340 178.899
47.665343 178.899
47.671339 180.314
47.675334 179.627
47.681344 180.347
47.685342 181.761
47.691338 182.455
47.695342 182.455
47.701342 181.069
47.705341 180.347
47.711342 180.325
47.715345 180.314
47.721335 180.314
47.725340 180.314
47.731346 181.025
47.735339 181.728
47.741342 180.314
47.745338 181.025
47.751346 181.041
47.755344 181.761
47.761344 181.069
47.768347 180.347
47.770332 180.347
47.776342 181.041
47.780340 180.347
47.786341 180.325
47.790339 178.911
47.796345 180.314
47.800343 179.611
47.806345 180.314
47.810335 178.911
47.816344 179.627
47.820206 179.627
47.826291 181.025
47.830294 181.025
47.836291 178.899
47.840305 178.899
47.846292 179.611
47.850292 179.627
47.857288 180.325
47.861292 180.325
47.867293 181.739
47.871294 181.025
47.877292 181.025
47.881292 181.025
47.886292 179.611
47.890289 178.899
47.896292 178.899
47.900293 180.314
47.906212 179.605
47.912292 180.314
47.915291 178.933
47.920431 180.347
47.926209 180.325
47.930207 180.325
47.936283 181.025
47.940291 178.213
47.946293 176.799
47.953301 176.799
47.955288 179.605
47.961297 180.314
47.965295 179.611
47.971297 179.605
47.975290 177.485
47.981296 178.899
47.985296 178.899
47.991292 179.611
47.995295 179.611
48.001284 181.019
48.005290 180.314
48.011296 181.019
48.018298 179.611
48.020290 180.314
48.026291 180.314
48.030296 180.314
48.044349 180.314
48.048296 180.314
48.049285 180.314
48.051285 179.605
48.060297 178.899
48.063286 179.605
48.065295 178.899
48.071297 177.485
48.075292 178.197
48.081296 178.911
48.085296 178.197
48.091292 178.911
48.095296 178.911
48.101297 179.611
48.105296 180.314
48.111297 179.627
48.115296 179.611
48.121295 180.325
48.125283 181.025
48.131286 180.314
48.135294 182.434
48.144292 181.728
48.145280 181.025
48.150278 180.314
48.155292 178.911
48.161297 179.611
48.165296 180.314
48.171297 181.025
48.175293 180.325
48.181297 181.739
48.185296 183.153
48.191291 182.455
48.195297 183.853
48.201295 181.739
48.205297 180.325
48.211296 180.314
48.215296 180.314
48.221297 179.605
48.228290 178.899
48.232295 178.899
48.235284 178.899
48.240291 180.314
48.247644 180.325
48.254157 181.728
48.255122 181.025
48.260168 181.728
48.266236 181.019
48.270227 182.439
48.276305 181.728
48.280295 181.728
48.286294 181.728
48.290295 181.728
48.296294 182.434
48.300295 182.434
48.306294 183.142
48.310293 182.439
48.316295 181.728
48.320294 181.728
48.326290 180.314
48.330295 179.605
48.336295 180.314
48.342290 181.025
48.345242 180.314
48.350294 180.314
48.356295 181.728
48.360295 183.142
48.366295 183.853
48.370295 183.142
48.376292 183.142
48.380292 182.434
48.389304 182.455
48.392293 181.041
48.396306 181.794
48.400297 181.069
48.406297 181.761
48.410295 183.87
48.416296 185.284
48.420295 186.003
48.426289 185.284
48.430290 186.698
48.436295 185.284
48.440297 185.311
48.446292 182.483
48.450295 182.483
48.456296 181.069
48.460295 180.38
48.466295 181.794
48.470297 181.069
48.476293 181.041
48.480297 182.455
48.486353 181.728
48.490345 183.87
48.496346 183.87
48.500345 181.739
48.507345 181.041
48.511345 180.325
48.515213 182.483
48.521278 183.935
48.525236 184.621
48.531240 186.035
48.535236 184.589
48.541214 184.589
48.545251 184.589
48.551248 185.311
48.555251 185.311
48.561249 184.621
48.565250 183.897
48.571254 183.897
48.575247 183.897
48.581250 185.311
48.585251 186.035
48.591231 184.621
48.595250 185.311
48.601250 184.621
48.605249 185.311
48.612250 186.035
48.616248 186.035
48.622250 185.311
48.626191 184.621
48.632220 184.621
48.636215 185.311
48.641219 185.284
48.645221 185.981
48.651220 185.981
48.655216 183.853
48.661218 183.87
48.665217 185.311
48.671216 183.87
48.675224 183.87
48.684218 182.439
48.685210 183.87
48.690217 183.897
48.696217 183.175
48.700218 183.897
48.706221 183.153
48.710212 183.897
48.716217 183.175
48.720217 183.897
48.726181 183.897
48.730212 185.348
48.736218 183.897
48.740218 183.897
48.746219 181.761
48.750219 182.455
48.756219 183.153
48.760220 185.284
48.766219 185.284
48.770255 185.284
48.776250 186.035
48.780253 186.035
48.786253 185.348
48.790251 184.665
48.796251 183.935
48.800246 183.208
48.806248 184.665
48.810248 183.935
48.816248 185.311
48.820250 183.87
48.829249 183.87
48.832253 183.87
48.836249 182.455
48.840251 183.208
48.846251 183.208
48.850251 181.761
48.856251 182.455
48.860253 183.87
48.866255 184.556
48.870249 184.556
48.876252 185.267
48.880252 183.153
48.887250 181.761
48.891252 180.38
48.905352 179.694
48.908342 179.655
48.909349 181.761
48.910335 183.175
48.915348 184.589
48.921347 183.87
48.925346 183.853
48.931339 183.142
48.935340 183.853
48.941346 183.175
48.949353 182.483
48.950341 180.347
48.955349 180.38
48.961346 180.38
48.965349 182.521
48.971348 183.897
48.975349 184.589
48.981348 185.284
48.985348 184.567
48.991348 185.284
48.995339 183.87
49.001342 183.853
49.005346 183.142
49.011336 181.728
49.015342 181.739
49.021352 181.739
49.025351 181.739
49.031340 181.739
49.035345 183.153
49.041357 183.153
49.045343 183.153
49.051355 184.567
49.055349 184.567
49.064353 185.981
49.067341 184.567
49.071348 183.87
49.075353 183.175
49.081349 182.455
49.085351 183.87
49.091343 184.567
49.095341 185.267
49.101350 183.853
49.105349 183.853
49.112345 183.848
49.116315 183.142
49.120236 183.142
49.126138 183.142
49.130188 183.853
49.136217 182.434
49.140221 182.434
49.146222 182.434
49.150223 183.142
49.156221 183.853
49.160219 181.739
49.166220 181.739
49.170221 181.041
49.176219 179.627
49.180220 181.761
49.186223 181.019
49.190215 181.728
49.196217 181.728
49.200228 182.439
49.206185 183.853
49.210183 182.439
49.216184 183.142
49.220182 182.434
49.226183 182.455
49.230183 180.325
49.236181 180.347
49.240184 181.041
49.246182 180.325
49.250189 179.605
49.256182 180.314
49.260183 181.739
49.266182 181.041
49.270181 181.041
49.276182 180.347
49.280182 180.347
49.287182 180.325
49.291183 178.899
49.297182 178.191
49.301183 177.485
49.307183 177.496
49.310180 177.485
49.324182 178.899
49.328183 179.611
49.329179 179.627
49.331179 181.041
49.340184 181.041
49.343181 179.655
49.345185 178.933
49.351187 178.933
49.355183 179.627
49.361185 178.911
49.365183 178.899
49.371184 178.899
49.375185 176.782
49.381183 177.496
49.385183 176.799
49.391184 177.496
49.395189 176.105
49.401185 176.139
49.408182 176.867
49.410179 177.553
49.416183 177.553
49.420182 178.281
49.426183 178.281
49.430184 178.966
49.436183 178.933
49.440183 178.911
49.446189 178.911
49.450188 177.496
49.457184 177.496
49.461183 178.213
49.465182 178.241
49.471183 178.933
49.475183 178.933
49.481184 178.966
49.485183 180.38
49.491184 179.744
49.495185 180.424
49.501188 179.694
49.508183 178.966
49.510181 177.553
49.516184 176.828
49.520184 176.799
49.527182 176.105
49.532182 176.828
49.536177 177.553
49.540177 178.966
49.546258 178.966
49.550260 179.011
49.557256 178.331
49.561251 179.067
49.567258 179.744
49.571248 179.744
49.577283 179.011
49.580251 177.598
49.586254 176.867
49.590256 176.139
49.601257 176.139
49.601835 176.799
49.605229 178.213
49.611357 178.911
49.615337 178.241
49.621351 176.867
49.625355 178.966
49.631373 178.966
49.635349 178.966
49.641354 178.281
49.645345 177.553
49.651354 176.867
49.655351 175.454
49.661215 175.414
49.667193 175.454
49.670246 175.454
49.675305 176.867
49.681352 176.139
49.685350 176.139
49.691355 175.454
49.695339 176.185
49.701349 177.553
49.705358 177.553
49.711261 177.553
49.715352 177.553
49.721209 176.867
49.725408 177.553
49.731227 177.519
49.735251 176.105
49.741253 176.105
49.745253 176.105
49.751261 175.414
49.755259 176.139
49.764259 176.867
49.767252 178.281
49.771259 179.011
49.775258 179.694
49.781260 179.011
49.785260 178.966
49.791253 177.553
49.795223 176.828
49.801353 176.139
49.805351 176.867
49.811376 177.598
49.815355 176.867
49.821351 176.185
49.825345 177.553
49.831349 176.867
49.835220 175.454
49.841327 175.454
49.845319 175.454
49.851301 176.139
49.855231 176.185
49.861227 176.918
49.865355 176.918
49.872351 178.331
49.876354 177.598
49.882355 176.867
49.888289 176.867
49.894352 175.454
49.895352 175.414
49.900354 174.691
49.906354 174.725
49.910354 175.454
49.916256 176.867
49.920229 177.553
49.926301 177.553
49.930347 176.828
49.936347 176.867
49.940356 176.185
49.946346 176.185
49.950346 175.454
49.956351 176.185
49.960354 176.185
49.966357 176.185
49.970355 176.185
49.976346 176.867
49.980230 175.454
49.986229 175.414
49.993356 174.725
49.995355 175.454
50.004357 175.505
50.005344 176.185
50.010348 176.241
50.016292 176.98
50.020353 177.654
50.026353 177.654
50.032353 177.654
50.035348 175.505
50.043344 174.092
50.045214 174.092
50.051199 174.771
50.055227 174.04
50.061227 173.358
50.065227 174.092
50.071226 176.185
50.075227 178.331
50.081224 177.654
50.085229 178.331
50.091228 176.309
50.095226 175.568
50.101228 174.828
50.105226 175.454
50.111202 173.416
50.115188 174.092
50.121310 174.092
50.125307 175.505
50.131300 177.654
50.135309 178.331
50.141340 178.393
50.145347 176.389
50.151348 177.054
50.155351 175.642
50.161357 176.98
50.165356 174.897
50.171356 175.505
50.175221 174.828
50.181195 176.185
50.185312 174.828
50.191309 175.505
50.195307 174.828
50.201308 176.241
50.205308 176.98
50.214305 174.977
50.217299 175.642
50.221305 176.309
50.225307 176.309
50.231301 177.654
50.235305 176.98
50.241212 177.654
50.245203 176.241
50.251306 176.98
50.255306 176.241
50.261306 176.185
50.265305 174.771
50.271294 174.771
50.275304 175.505
50.281310 174.828
50.285312 174.897
50.291313 176.241
50.295311 175.642
50.301229 176.309
50.305198 176.241
50.311307 176.918
50.315356 174.771
50.321311 173.358
50.325535 171.898
50.331345 173.312
50.335337 173.312
50.342353 173.358
50.346338 174.771
50.352355 174.828
50.356357 176.918
50.365657 177.654
50.367225 174.897
50.372182 174.897
50.375250 174.155
50.381259 174.771
50.385259 174.725
50.391261 173.312
50.395258 175.414
50.401260 174.725
50.405261 175.454
50.411261 176.139
50.415254 176.139
50.421262 176.139
50.425259 174.725
50.431258 174.725
50.435257 175.454
50.441259 174.771
50.445260 175.505
50.451261 176.241
50.455262 176.241
50.464261 177.598
50.465253 176.918
50.470261 174.828
50.476261 174.155
50.480265 174.092
50.486257 172.743
50.490260 174.828
50.496263 176.185
50.500262 176.918
50.506262 178.966
50.510260 176.918
50.516259 178.281
50.520258 176.98
50.526260 177.654
50.530261 177.598
50.536261 178.331
50.540230 176.918
50.546359 174.897
50.550352 176.241
50.556358 174.828
50.560357 176.185
50.566357 176.185
50.570356 176.185
50.576357 176.185
50.580308 174.771
50.586355 174.828
50.590359 177.598
50.604356 177.722
50.608356 180.48
50.609349 179.805
50.611350 179.805
50.620362 177.654
50.623347 176.241
50.625357 174.092
50.631349 174.725
50.635361 174.725
50.641229 174.725
50.645361 175.454
50.651355 176.139
50.655359 176.867
50.661359 179.694
50.668357 179.744
50.670349 179.744
50.676359 177.654
50.680384 177.598
50.686363 176.867
50.690356 175.454
50.696358 174.771
50.700361 176.139
50.706361 174.725
50.710360 175.414
50.716355 175.454
50.720359 175.505
50.726359 174.828
50.730358 176.241
50.736358 176.98
50.740358 177.654
50.746381 178.331
50.750301 177.598
50.756357 176.867
50.760356 177.553
50.766352 177.553
50.770359 176.828
50.776360 177.519
50.780359 176.828
50.786358 175.414
50.790357 175.414
50.796357 176.828
50.800356 176.828
50.806357 178.241
50.810360 178.966
50.816352 179.694
50.820354 178.966
50.826360 178.281
50.830359 177.553
50.836360 178.966
50.840359 178.241
50.846354 176.828
50.850274 176.139
50.856364 176.867
50.860362 176.867
50.866352 178.241
50.870361 177.519
50.876361 177.519
50.880360 177.519
50.886361 178.933
50.890365 178.933
50.896360 178.241
50.900361 178.966
50.906357 180.38
50.910360 179.011
50.916356 180.38
50.920224 179.011
50.926370 178.281
50.930349 177.553
50.936350 178.933
50.940343 178.213
50.946344 177.519
50.950365 177.519
50.956358 178.213
50.960360 178.241
50.966355 179.655
50.970359 179.655
50.976360 180.38
50.980359 178.966
50.986360 179.655
50.990358 179.655
50.996359 178.966
51.000356 178.966
51.006362 177.553
51.010353 178.241
51.016359 180.325
51.020362 178.911
51.029360 177.496
51.030352 177.496
51.035361 178.899
51.041362 178.899
51.048291 179.611
51.050351 179.611
51.056360 178.911
51.060359 178.911
51.066355 178.911
51.070359 179.627
51.076361 178.933
51.080363 178.933
51.086359 178.213
51.090358 178.213
51.096358 178.213
51.100362 178.197
51.106353 177.485
51.110352 177.485
51.116357 176.782
51.120360 178.197
51.126356 178.899
51.130350 178.899
51.136359 178.213
51.140358 179.627
51.146344 178.241
51.150342 178.933
51.156344 178.241
51.161344 178.213
51.167353 178.911
51.171351 178.197
51.177363 178.899
51.181361 178.899
51.186361 178.899
51.190360 179.605
51.196356 179.611
51.200360 181.739
51.206360 181.739
51.214362 181.739
51.215359 181.025
51.220363 181.025
51.226359 181.025
51.230362 179.611
51.236362 179.611
51.240361 180.325
51.246361 180.325
51.250352 179.627
51.256361 180.347
51.260228 180.347
51.269321 180.347
51.272362 181.739
51.276358 181.041
51.280357 181.739
51.286358 182.439
51.290362 181.739
51.296363 181.041
51.300359 181.041
51.306358 181.739
51.310362 181.739
51.316358 181.739
51.320361 181.025
51.326361 182.439
51.330361 181.041
51.336361 181.025
51.340364 181.728
51.350358 181.728
51.352359 181.025
51.356364 181.025
51.360315 181.739
51.366358 182.439
51.370362 181.025
51.376363 181.041
51.380361 182.455
51.386362 182.439
51.390361 182.434
51.396356 181.025
51.403362 181.728
51.405359 180.314
51.411360 181.019
51.415358 180.314
51.421362 181.019
51.425361 180.314
51.431361 181.025
51.435356 182.439
51.441360 181.728
51.445356 181.728
51.451359 181.728
51.455364 181.019
51.461343 181.025
51.465355 181.041
51.471361 181.761
51.475364 181.041
51.481365 180.325
51.485364 181.025
51.491365 183.153
51.495363 183.153
51.501364 182.439
51.505362 182.439
51.511362 181.728
51.515362 181.728
51.521362 182.434
51.525276 182.434
51.531353 181.019
51.535350 180.314
51.541344 180.325
51.545358 181.041
51.551360 180.347
51.555356 181.069
51.561363 181.041
51.565357 182.455
51.571365 183.153
51.575364 183.153
51.581365 182.439
51.588366 183.142
51.590360 182.434
51.596362 182.439
51.600364 182.439
51.605364 181.739
51.611365 182.455
51.615364 181.761
51.621364 181.761
51.625362 181.069
51.632364 181.794
51.636363 181.794
51.642363 181.761
51.646362 181.761
51.652302 181.739
51.656362 182.455
51.661362 181.739
51.665357 181.739
51.671366 182.455
51.675364 182.455
51.681360 182.455
51.685355 181.041
51.691362 181.761
51.695362 182.483
51.701357 183.208
51.707363 184.621
51.710362 184.621
51.715365 183.897
51.721371 185.311
51.725364 185.284
51.731365 185.284
51.735358 185.284
51.741365 183.853
51.745363 183.853
51.751358 182.439
51.755360 184.567
51.761363 183.87
51.765359 183.897
51.771366 183.935
51.775365 183.984
51.781365 184.719
51.785364 184.665
51.791364 187.491
51.798366 188.905
51.800376 188.905
51.806365 188.905
51.810363 188.862
51.816369 186.698
51.823368 185.311
51.825364 184.621
51.831365 184.665
51.835359 183.935
51.841364 184.665
51.845363 183.935
51.851365 185.348
51.855355 186.762
51.861367 188.175
51.865358 188.138
51.871361 188.138
51.875366 186.724
51.885362 185.311
51.889365 184.621
51.890354 183.935
51.902362 183.208
51.904365 183.935
51.905357 182.521
51.910366 184.665
51.916365 183.208
51.920364 183.897
51.926365 183.935
51.930364 186.132
51.936363 186.938
51.940366 187.609
51.946368 188.958
51.950365 188.223
51.956363 188.223
51.961365 187.491
51.967378 185.311
51.971355 185.284
51.977365 183.87
51.981364 183.87
51.986355 183.175
51.990367 182.455
51.996367 183.87
52.000361 183.175
52.006369 183.208
52.010358 182.483
52.016359 184.621
52.020361 184.621
52.026366 184.589
52.030366 185.311
52.036362 186.003
52.040365 188.862
52.046367 188.138
52.050365 186.698
52.056363 186.003
52.060366 184.589
52.066232 184.621
52.070363 184.719
52.076366 184.719
52.080365 185.456
52.086360 186.869
52.090364 188.282
52.096369 188.223
52.100368 187.449
52.106364 187.449
52.110367 187.417
52.116368 187.417
52.120365 186.003
52.126249 186.003
52.130562 183.87
52.136316 183.87
52.140311 183.87
52.146317 183.175
52.152314 183.897
52.155311 183.208
52.160318 183.208
52.166305 184.621
52.170701 185.311
52.176370 187.417
52.180362 188.112
52.186363 188.809
52.190366 188.809
52.196367 187.395
52.203363 188.112
52.205365 186.698
52.211371 185.311
52.215365 183.897
52.221365 182.521
52.225369 181.838
52.231364 182.571
52.235370 184.043
52.241367 181.838
52.245365 183.251
52.251403 183.251
52.255365 186.81
52.261360 186.724
52.265363 187.417
52.271362 187.395
52.275369 185.981
52.281369 183.853
52.285371 185.311
52.291366 183.208
52.295366 181.838
52.302362 182.631
52.306367 181.893
52.312366 181.893
52.318377 183.251
52.320361 186.078
52.325368 186.035
52.331367 186.724
52.335304 186.003
52.341368 185.284
52.345367 183.897
52.351367 182.483
52.355362 182.521
52.361371 181.838
52.365368 182.571
52.371358 182.571
52.375363 183.251
52.381369 183.251
52.385342 183.935
52.391369 183.935
52.395368 183.897
52.401368 183.175
52.405365 182.455
52.411370 183.87
52.415369 184.567
52.421369 184.556
52.427369 184.556
52.430368 183.142
52.435377 183.853
52.441368 183.87
52.445367 181.761
52.451367 181.794
52.455362 182.521
52.461370 182.521
52.465369 182.483
52.471362 183.175
52.475364 183.153
52.481369 184.567
52.485396 183.853
52.491369 184.567
52.495368 184.567
52.504365 183.853
52.505359 184.567
52.510366 183.853
52.516367 183.853
52.520366 183.87
52.526365 181.739
52.530369 182.455
52.536365 182.455
52.540368 183.87
52.546360 183.87
52.550359 184.589
52.556369 185.284
52.560372 183.153
52.566367 183.87
52.570361 183.87
52.576371 183.153
52.580370 183.153
52.586363 182.439
52.590366 183.142
52.596368 183.853
52.600370 183.142
52.606371 183.142
52.610370 181.728
52.616370 181.019
52.620365 181.019
52.626363 181.019
52.630362 181.728
52.636373 181.025
52.640368 182.455
52.646368 181.739
52.650377 181.739
52.656369 182.439
52.660367 182.434
52.666368 183.142
52.670373 181.728
52.676372 181.728
52.680370 181.025
52.686303 181.019
52.690370 181.728
52.696370 181.728
52.700369 181.728
52.706368 181.728
52.710367 181.728
52.716367 183.142
52.723368 184.567
52.725253 183.853
52.731613 182.439
52.735348 182.439
52.741356 182.455
52.745363 181.761
52.751371 181.739
52.755365 180.314
52.761370 181.728
52.765369 181.728
52.771231 181.739
52.776330 182.439
52.784323 181.761
52.785313 182.439
52.791323 181.739
52.797324 180.325
52.805325 181.025
52.806313 181.025
52.811323 180.325
52.815322 180.325
52.821323 181.739
52.825322 181.739
52.831324 181.025
52.835322 180.325
52.841323 179.627
52.845325 179.627
52.851325 180.325
52.855266 180.325
52.861325 181.025
52.865324 181.739
52.871258 181.041
52.875315 181.025
52.881324 180.325
52.885324 181.025
52.891323 180.314
52.895322 180.314
52.901324 180.314
52.905323 178.899
52.911319 179.611
52.915320 180.325
52.921321 181.739
52.925324 181.761
52.931325 182.455
52.935323 181.041
52.941324 179.627
52.945375 178.911
52.951370 178.213
52.955323 178.911
52.961375 177.496
52.965369 178.197
52.971367 177.496
52.975364 178.197
52.981372 180.314
52.985371 180.314
52.991371 178.197
52.995370 177.496
53.001369 177.496
53.005373 178.213
53.011365 178.213
53.015364 178.213
53.021368 177.519
53.025363 178.213
53.031363 178.911
53.035370 180.325
53.041371 180.347
53.045369 179.627
53.051373 179.627
53.055368 178.911
53.061370 177.496
53.065373 178.197
53.071363 178.911
53.077368 178.911
53.080372 178.911
53.085372 180.325
53.091372 178.933
53.095370 178.241
53.101372 178.241
53.105362 178.966
53.112372 178.933
53.116370 178.933
53.122362 178.933
53.126355 178.933
53.132370 178.933
53.136374 178.933
53.141368 178.933
53.145371 180.325
53.151372 179.627
53.155366 178.933
53.165379 178.933
53.169370 178.966
53.170361 178.966
53.181369 178.966
53.184372 178.966
53.185366 178.966
53.190374 178.281
53.196368 177.598
53.200377 178.281
53.206368 178.241
53.210372 178.933
53.216372 178.933
53.220371 178.241
53.226367 178.933
53.230372 178.933
53.236373 178.213
53.240371 178.213
53.246371 177.519
53.250375 177.519
53.256315 176.828
53.260374 177.553
53.266370 179.011
53.270373 179.744
53.276368 179.744
53.280372 179.805
53.286373 179.744
53.290372 178.331
53.296373 177.598
53.300375 177.553
53.306367 176.139
53.310375 176.799
53.316376 176.105
53.320374 176.799
53.326260 176.828
53.330258 178.241
53.336365 177.553
53.340377 178.281
53.346368 177.598
53.350372 176.918
53.356373 176.98
53.366372 176.98
53.368366 177.654
53.370367 177.654
53.376370 178.331
53.380375 178.331
53.386370 179.011
53.390366 178.966
53.396374 178.241
53.400373 176.828
53.406369 175.454
53.411368 176.139
53.415364 176.867
53.421349 176.867
53.425370 176.867
53.431372 177.654
53.435369 177.654
53.441376 177.722
53.445375 178.466
53.451368 179.134
53.455382 178.466
53.461379 177.722
53.465372 175.568
53.471372 176.185
53.480370 175.454
53.481363 174.691
53.486375 173.971
53.490366 173.971
53.496375 176.105
53.500375 176.139
53.506369 177.654
53.510374 177.722
53.516378 178.466
53.520377 178.466
53.526377 177.722
53.530376 176.309
53.536377 176.98
53.540375 175.505
53.546375 174.771
53.550374 174.771
53.556370 175.505
53.560375 176.867
53.566374 178.241
53.570374 176.867
53.576384 176.185
53.580371 175.505
53.586377 175.505
53.592376 176.185
53.595366 176.241
53.600374 175.642
53.606370 176.309
53.611373 177.722
53.615373 177.654
53.621374 176.98
53.625377 174.897
53.631364 175.568
53.636372 176.185
53.640375 174.04
53.646375 173.358
53.650374 175.454
53.656370 176.185
53.660374 176.918
53.667375 176.98
53.671374 179.744
53.677304 179.134
53.681369 177.054
53.687374 176.241
53.690372 174.828
53.696369 174.155
53.700377 174.828
53.706371 174.155
53.710376 174.828
53.716376 176.185
53.720375 176.918
53.726376 176.241
53.730375 174.828
53.736376 174.771
53.742372 174.771
53.745374 175.505
53.750375 175.505
53.763377 175.505
53.764369 174.828
53.765365 176.918
53.770377 177.654
53.776379 177.654
53.780372 176.98
53.786378 176.241
53.790371 175.568
53.796377 174.897
53.800376 172.818
53.809374 173.485
53.811368 175.568
53.816376 174.897
53.820370 176.918
53.826369 176.918
53.830374 176.185
53.836374 176.185
53.840374 174.828
53.846374 176.241
53.850375 176.309
53.859372 176.389
53.861374 177.054
53.869376 175.727
53.870369 177.654
53.875368 175.505
53.881372 174.771
53.885376 174.092
53.891371 172.743
53.895376 174.155
53.901376 176.309
53.905375 178.393
53.911375 178.393
53.915378 177.054
53.921379 177.722
53.925377 176.98
53.931293 174.828
53.935244 172.743
53.941235 172.743
53.945236 174.155
53.951238 174.155
53.955240 175.568
53.961241 174.897
53.965238 175.568
53.971239 177.654
53.975236 177.654
53.981236 175.568
53.985240 175.505
53.991278 175.505
53.995287 174.155
54.001280 176.185
54.005285 175.505
54.011285 175.505
54.015279 174.828
54.021287 175.568
54.025285 174.23
54.031285 173.566
54.035286 172.818
54.041285 173.566
54.045286 174.977
54.051286 177.722
54.055288 175.642
54.061287 174.23
54.065286 174.23
54.071287 175.568
54.075281 176.241
54.085282 178.331
54.086278 176.918
54.092285 175.505
54.096287 173.485
54.102286 175.505
54.106286 176.185
54.111286 176.241
54.115286 177.654
54.121286 177.654
54.125287 176.98
54.131280 177.054
54.135288 176.309
54.141283 176.98
54.145287 176.918
54.151292 176.828
54.155288 175.454
54.161289 174.828
54.165285 174.155
54.171285 175.505
54.175281 176.918
54.181274 178.331
54.185207 177.654
54.191251 175.642
54.196255 174.977
54.200325 176.309
54.206318 174.897
54.210317 176.98
54.216329 176.241
54.220329 176.185
54.226328 175.454
54.230327 176.139
54.236330 175.454
54.240323 176.139
54.246329 176.185
54.250280 176.867
54.256375 179.694
54.260379 178.331
54.266374 178.331
54.270370 177.598
54.276373 176.241
54.280378 177.654
54.286373 177.598
54.291372 179.011
54.295382 177.654
54.301378 176.918
54.305376 176.185
54.314380 176.185
54.316374 176.185
54.321377 176.918
54.325372 178.281
54.331380 178.281
54.335385 178.966
54.341374 177.598
54.345378 176.918
54.351379 177.598
54.355383 177.598
54.361378 178.281
54.365377 177.598
54.371378 176.918
54.375375 176.185
54.381382 176.918
54.385373 177.598
54.391373 179.011
54.395377 179.694
54.401378 180.38
54.405381 178.281
54.411378 178.281
54.415381 179.655
54.421382 178.241
54.428373 178.241
54.430372 177.553
54.444375 178.241
54.448379 177.553
54.449371 177.598
54.451373 178.281
54.460375 178.281
54.463369 177.553
54.465379 177.553
54.472380 178.213
54.476379 178.241
54.482379 178.241
54.486371 177.519
54.492378 179.627
54.497378 178.933
54.500373 179.655
54.505381 179.655
54.511369 179.655
54.515380 178.966
54.521381 178.241
54.525372 177.553
54.534268 177.553
54.536436 176.867
54.541206 178.966
54.545225 178.966
54.551249 179.655
54.555254 180.347
54.561258 181.041
54.565246 181.041
54.571254 179.627
54.575250 179.611
54.581251 178.911
54.585326 178.213
54.591328 178.933
54.595334 179.627
54.601335 180.347
54.605333 180.347
54.611328 181.069
54.617335 180.347
54.620329 179.655
54.628326 179.627
54.630324 178.933
54.639333 181.041
54.641367 178.933
54.646359 181.041
54.650383 181.041
54.656383 181.069
54.660382 181.041
54.666381 180.325
54.670380 180.325
54.676343 178.911
54.680379 178.911
54.686375 178.213
54.692382 179.627
54.695370 179.694
54.700379 181.761
54.706380 181.069
54.710374 182.455
54.716384 181.041
54.720381 180.325
54.726368 179.611
54.730362 178.899
54.736363 178.191
54.740375 178.191
54.746366 179.605
54.750381 180.314
54.756381 181.025
54.760381 181.739
54.766380 182.455
54.770380 181.761
54.776379 181.761
54.780379 181.041
54.786319 181.041
54.790375 179.655
54.796386 180.325
54.800382 179.611
54.806384 179.605
54.810376 178.899
54.816379 179.605
54.820382 178.899
54.826377 179.611
54.830382 181.025
54.836382 182.439
54.840381 182.455
54.846381 183.87
54.850375 182.455
54.856380 182.455
54.860381 182.439
54.866381 180.325
54.870380 181.728
54.876376 181.025
54.880379 180.314
54.886388 180.314
54.890376 181.728
54.896379 181.728
54.900383 181.728
54.906383 181.728
54.910377 181.728
54.917379 181.728
54.921383 181.739
54.927377 182.455
54.931382 182.455
54.937383 182.455
54.940377 182.455
54.946380 181.739
54.950380 181.739
54.956384 180.314
54.960384 180.314
54.966379 179.611
54.970382 179.611
54.976378 180.314
54.980382 181.019
54.986393 181.728
54.990373 182.434
54.996386 182.439
55.000376 183.142
55.006381 181.025
55.010371 183.142
55.016384 182.434
55.020384 182.434
55.026380 181.025
55.030375 181.728
55.036384 181.728
55.040382 181.728
55.046383 182.434
55.050383 181.019
55.056385 181.728
55.060387 181.728
55.066382 182.439
55.070381 181.728
55.076319 181.728
55.080386 182.434
55.086385 183.142
55.090375 183.848
55.096379 183.853
55.100383 183.853
55.106383 183.853
55.110377 183.853
55.116382 183.153
55.120386 182.439
55.126295 181.739
55.131130 181.761
55.136345 181.761
55.140257 183.175
55.146258 183.87
55.150326 184.567
55.156335 183.848
55.160338 185.262
55.166332 184.556
55.170333 185.262
55.176328 185.262
55.180333 184.556
55.186333 183.142
55.192805 182.434
55.195322 182.439
55.200335 180.325
55.206336 179.627
55.210331 180.347
55.219335 181.041
55.221336 181.761
55.226381 182.455
55.230337 182.439
55.237336 183.142
55.241335 183.142
55.247335 184.567
55.251335 183.853
55.257336 183.142
55.260341 182.439
55.266337 182.439
55.270335 183.175
55.276337 183.175
55.280334 183.87
55.286335 183.87
55.290330 183.87
55.296336 184.589
55.300336 184.589
55.309338 183.87
55.311328 183.153
55.316338 184.589
55.320337 183.87
55.326336 184.567
55.330336 183.853
55.336336 183.87
55.340335 184.589
55.346335 183.87
55.350336 183.175
55.356336 183.175
55.360254 183.175
55.366386 183.175
55.370385 183.175
55.379381 183.87
55.381376 183.87
55.386382 184.589
55.390253 184.589
55.396342 186.035
55.400340 184.589
55.406341 186.003
55.412338 184.567
55.415331 185.981
55.420341 185.284
55.426340 185.284
55.431330 186.003
55.435337 183.87
55.441340 183.153
55.447339 183.87
55.450338 182.455
55.458343 183.935
55.460414 183.935
55.466336 183.175
55.470337 183.87
55.476337 184.589
55.480335 185.311
55.486336 185.311
55.490369 183.87
55.496337 184.567
55.500336 183.87
55.506336 186.003
55.510336 185.981
55.516337 185.267
55.520337 185.267
55.526336 185.284
55.530338 185.284
55.536337 186.035
55.540336 186.035
55.546332 185.348
55.550337 184.621
55.556338 186.762
55.560336 185.311
55.566342 186.035
55.570338 185.311
55.576338 186.035
55.580339 184.589
55.586339 186.003
55.590338 185.284
55.596339 186.724
55.600340 187.417
55.606341 185.284
55.610337 187.449
55.616345 185.311
55.620340 185.348
55.626337 183.935
55.630327 184.665
55.636338 186.078
55.640337 185.348
55.646332 187.449
55.650336 186.003
55.656337 184.567
55.660335 186.003
55.667343 184.567
55.671339 183.87
55.677339 183.897
55.683340 184.589
55.686339 183.897
55.692715 183.897
55.696336 184.665
55.701339 182.483
55.705341 182.521
55.711259 183.251
55.715340 183.984
55.725337 183.984
55.729329 183.935
55.730328 184.621
55.741337 185.284
55.744320 186.003
55.745329 186.698
55.750328 186.682
55.756337 186.698
55.760337 185.284
55.766342 185.311
55.770337 185.348
55.776337 184.665
55.780338 184.665
55.786338 184.665
55.790337 183.935
55.796344 185.348
55.800336 186.035
55.806337 186.003
55.810338 186.003
55.816337 185.284
55.820338 186.698
55.826337 186.698
55.830330 185.981
55.836338 185.981
55.840338 185.267
55.846336 184.567
55.850336 183.87
55.856342 183.897
55.860339 183.208
55.869342 183.208
55.871330 183.897
55.876339 185.311
55.880338 185.284
55.886338 185.981
55.890338 186.676
55.896333 186.676
55.900341 187.385
55.909340 185.97
55.911329 186.682
55.916341 185.267
55.920339 184.589
55.926337 184.621
55.930332 183.935
55.936340 183.251
55.941338 183.208
55.945267 183.175
55.951338 183.87
55.958341 185.284
55.960333 185.267
55.966347 185.267
55.970341 185.97
55.979337 185.97
55.981341 185.267
55.986341 184.556
55.990343 184.556
55.996337 183.853
56.000336 183.853
56.006336 182.439
56.010341 183.153
56.016340 183.153
56.020340 183.87
56.026339 183.87
56.031333 184.589
56.035338 184.567
56.041339 185.267
56.045336 184.556
56.051339 184.556
56.055339 185.262
56.061339 183.848
56.065343 183.848
56.071338 183.142
56.075343 182.434
56.081342 183.853
56.085351 182.439
56.091341 182.439
56.095721 182.439
56.101342 183.153
56.105343 183.153
56.111342 182.439
56.115335 183.142
56.121342 183.142
56.125342 183.142
56.131330 183.853
56.135340 183.853
56.141340 183.142
56.145342 182.439
56.151339 181.728
56.155335 180.314
56.161339 181.025
56.165346 180.325
56.171342 181.041
56.175342 181.739
56.181342 181.019
56.185341 181.025
56.191342 181.728
56.195315 181.025
56.201336 181.025
56.205331 180.325
56.211337 179.611
56.215338 179.611
56.221344 178.911
56.225343 178.911
56.231338 180.325
56.235331 181.041
56.241341 181.739
56.245340 182.455
56.251339 181.069
56.255339 181.761
56.261340 180.347
56.265347 180.325
56.271343 180.325
56.275343 180.325
56.282344 179.611
56.286341 179.611
56.292334 180.325
56.296277 180.325
56.302339 181.761
56.306332 181.761
56.311335 181.761
56.315337 181.069
56.321342 181.761
56.325340 181.761
56.331336 181.069
56.335344 180.38
56.341339 180.38
56.345325 178.966
56.351343 178.933
56.355338 178.241
56.361343 178.933
56.365349 178.933
56.371344 178.966
56.378345 180.38
56.380339 180.38
56.386344 180.48
56.390343 181.157
56.399339 181.108
56.401343 180.424
56.406334 180.38
56.410337 179.655
56.416340 178.241
56.420342 177.519
56.426341 177.519
56.430338 178.213
56.436344 178.241
56.440341 178.241
56.446341 178.966
56.450342 178.281
56.456343 179.011
56.460342 179.011
56.469346 179.011
56.471334 179.694
56.476342 179.011
56.480347 179.011
56.486342 179.011
56.490342 178.966
56.496343 178.966
56.500341 178.966
56.506280 178.281
56.510335 178.281
56.516340 177.598
56.520344 178.331
56.526342 176.98
56.530277 176.98
56.536344 177.654
56.540342 176.867
56.546343 177.598
56.550341 176.918
56.556344 176.918
56.560341 176.918
56.566348 177.598
56.570345 178.331
56.576345 178.331
56.580266 179.011
56.587342 178.966
56.591343 176.918
56.597347 176.918
56.601342 176.241
56.607338 177.598
56.610337 177.598
56.616340 177.598
56.620343 176.867
56.626341 177.598
56.630328 178.281
56.636343 177.598
56.640342 178.331
56.646343 177.654
56.650341 178.331
56.656346 178.281
56.660343 176.918
56.666347 176.867
56.670344 174.725
56.676344 176.105
56.686345 176.828
56.688345 176.139
56.690335 176.185
56.696345 176.918
56.702348 177.654
56.705345 178.393
56.710336 179.134
56.716340 179.134
56.720344 179.134
56.726343 178.393
56.730344 178.331
56.736344 178.331
56.740342 176.918
56.746342 176.185
56.750344 177.553
56.756344 176.867
56.760342 176.867
56.766344 176.185
56.770345 175.505
56.776346 174.828
56.780345 174.828
56.786346 175.568
56.790345 175.642
56.796346 175.642
56.800346 176.309
56.806345 176.309
56.810337 177.722
56.816344 176.98
56.820345 176.98
56.829347 178.331
56.831341 178.241
56.836344 177.553
56.840343 175.454
56.846343 175.505
56.850342 176.867
56.856344 176.185
56.860343 175.505
56.866344 176.98
56.870338 178.393
56.876347 177.722
56.880343 176.98
56.886344 176.98
56.890344 176.918
56.896343 175.454
56.900343 175.414
56.907343 175.414
56.911336 175.454
56.917344 175.505
56.921344 177.598
56.927344 178.331
56.930344 178.331
56.936231 177.654
56.940912 177.722
56.946377 177.054
56.950385 174.316
56.956390 175.642
56.960393 177.138
56.966394 177.8
56.970394 178.466
56.976395 178.466
56.980393 177.722
56.985393 176.309
56.991393 176.918
56.995397 174.828
57.005396 176.185
57.009394 174.828
57.010373 174.23
57.021395 176.309
57.024384 176.98
57.025385 179.067
57.030393 176.309
57.036394 177.722
57.040392 177.722
57.046392 176.309
57.050384 177.654
57.056392 176.98
57.060395 176.98
57.066390 176.918
57.070394 179.694
57.076395 178.331
57.080394 178.331
57.086395 176.918
57.090393 176.918
57.096393 177.598
57.100392 177.654
57.106393 176.98
57.110257 176.309
57.116352 174.897
57.120347 174.828
57.126348 174.155
57.130337 176.185
57.136345 175.505
57.145345 175.454
57.148379 176.867
57.150337 176.185
57.156350 176.185
57.160346 177.654
57.166344 178.393
57.170344 177.654
57.177345 176.309
57.181345 175.642
57.187345 174.897
57.191344 174.897
57.197342 172.818
57.201345 173.485
57.206345 176.241
57.210272 175.568
57.216341 175.568
57.220346 176.241
57.226351 177.598
57.230344 177.598
57.236349 176.867
57.240345 177.598
57.246346 177.598
57.250342 177.598
57.256346 178.966
57.260345 177.553
57.266344 177.553
57.270346 176.867
57.279347 176.185
57.285347 178.281
57.290345 178.281
57.291338 177.553
57.296345 178.281
57.300347 178.966
57.306345 179.655
57.310347 181.069
57.316347 178.966
57.320345 178.966
57.326347 178.966
57.330346 176.867
57.336348 176.185
57.340347 175.505
57.346346 176.185
57.350342 176.185
57.356346 176.918
57.360347 177.598
57.366347 179.011
57.370348 179.011
57.376350 179.011
57.380402 178.281
57.386395 178.241
57.390398 179.627
57.396401 178.911
57.400398 176.799
57.406399 176.105
57.410396 176.799
57.416402 177.519
57.420397 178.241
57.426388 178.331
57.430389 179.744
57.436392 180.48
57.440391 180.424
57.446389 179.011
57.450393 178.966
57.456343 177.553
57.460398 177.519
57.466404 178.213
57.470393 178.911
57.476394 179.611
57.480397 179.611
57.486393 181.025
57.490395 180.347
57.496397 180.38
57.500396 181.069
57.506396 180.38
57.510396 179.655
57.516303 178.241
57.520394 179.627
57.527397 180.325
57.531399 181.041
57.537280 181.739
57.541286 181.739
57.547389 183.853
57.551387 182.455
57.556382 181.761
57.560381 181.069
57.566404 181.069
57.570398 179.655
57.576399 178.933
57.582395 179.611
57.585395 181.025
57.590394 180.347
57.596395 181.069
57.600398 181.069
57.606399 181.761
57.610398 183.142
57.616418 182.439
57.620397 182.434
57.626397 179.611
57.630387 180.314
57.636395 178.899
57.640396 179.605
57.646395 179.605
57.655397 181.019
57.656390 181.025
57.661398 181.739
57.665425 181.069
57.671397 181.794
57.678398 181.108
57.680392 182.483
57.686396 183.175
57.690395 181.761
57.696396 181.041
57.700397 179.611
57.706402 181.019
57.710396 180.314
57.716392 179.611
57.720401 180.314
57.726396 178.899
57.730391 178.911
57.736396 181.025
57.740399 179.627
57.746399 181.761
57.750330 183.153
57.756400 181.761
57.760398 183.853
57.766394 183.142
57.770399 181.728
57.776399 181.728
57.780398 181.728
57.786399 181.728
57.790397 181.728
57.796398 181.728
57.800402 181.728
57.806399 181.728
57.810401 181.728
57.821400 182.434
57.823388 182.439
57.825398 182.439
57.831400 182.439
57.835393 181.025
57.844401 181.025
57.846390 181.025
57.851392 181.019
57.855401 180.314
57.861398 180.325
57.865400 179.627
57.871402 180.325
57.875399 180.314
57.881399 181.019
57.888400 182.439
57.890389 182.455
57.896398 184.589
57.900424 184.589
57.909399 183.897
57.911388 184.567
57.916262 182.455
57.920356 182.439
57.926352 183.142
57.930352 181.025
57.936350 181.041
57.940351 180.325
57.946352 181.739
57.950351 182.439
57.956354 182.434
57.960353 183.142
57.966289 182.455
57.970403 183.153
57.976403 183.853
57.983400 183.853
57.985394 182.439
57.991400 181.728
57.995398 182.439
58.001402 182.455
58.006397 183.175
58.012393 182.455
58.016382 182.439
58.022392 182.434
58.026401 183.142
58.031400 183.853
58.035390 183.853
58.041400 183.853
58.045400 183.153
58.051404 183.142
58.055397 183.142
58.061398 182.439
58.065401 183.153
58.071402 182.455
58.075401 182.455
58.081401 181.761
58.085392 180.325
58.091400 182.455
58.095399 182.455
58.101337 181.728
58.105399 183.142
58.111400 182.434
58.115403 183.848
58.121394 183.142
58.125393 183.142
58.131390 182.439
58.135396 183.853
58.141319 184.556
58.148304 185.267
58.150292 184.556
58.156311 183.142
58.163310 184.567
58.165310 183.175
58.171304 183.175
58.175309 183.208
58.181310 183.175
58.185302 183.87
58.191309 183.853
58.195310 183.853
58.201331 183.853
58.205309 185.262
58.211309 183.853
58.215312 183.142
58.221298 183.848
58.225305 184.567
58.231309 182.455
58.235314 183.897
58.241310 183.208
58.245311 182.483
58.251310 183.935
58.255309 183.897
58.261313 184.567
58.265308 183.853
58.271304 184.556
58.275311 185.267
58.285314 184.556
58.289311 183.848
58.290303 183.853
58.301310 183.153
58.304302 183.153
58.305298 182.483
58.310306 181.069
58.316311 182.483
58.320306 183.208
58.326314 184.621
58.330312 184.621
58.336308 184.621
58.340311 184.621
58.346310 184.589
58.350309 184.589
58.356311 183.87
58.360313 183.153
58.366311 183.142
58.370307 183.142
58.376431 183.142
58.380326 183.142
58.389231 184.556
58.391374 185.267
58.405263 185.981
58.408288 186.003
58.409457 185.311
58.410397 186.035
58.415234 184.621
58.421240 185.348
58.425338 183.935
58.431337 183.897
58.435348 183.175
58.441361 184.589
58.445355 183.153
58.451354 183.853
58.455348 183.853
58.461356 185.262
58.465354 184.556
58.471356 185.97
58.475356 186.682
58.481356 185.97
58.485354 186.003
58.491355 184.589
58.495357 184.665
58.501356 182.571
58.505357 183.984
58.511357 183.208
58.518356 183.153
58.520341 184.567
58.526352 185.267
58.530409 185.262
58.536403 185.262
58.540401 185.262
58.546403 185.97
58.550462 185.284
58.556417 184.589
58.560405 183.935
58.566405 183.251
58.572401 183.984
58.575394 183.984
58.580404 184.665
58.586243 184.621
58.590368 184.621
