47.331395 153
47.335287 150
47.341396 155
47.345443 152
47.351393 149
47.355415 153
47.361281 152
47.365274 150
47.371317 151
47.375298 151
47.381295 153
47.385291 153
47.394198 152
47.395562 151
47.400355 151
47.406335 152
47.410338 153
47.416339 151
47.420333 151
47.426339 153
47.430337 155
47.436337 152
47.440342 148
47.446342 150
47.450340 150
47.456335 152
47.460339 155
47.466340 153
47.470343 151
47.476338 149
47.480342 149
47.486338 152
47.493339 157
47.495333 157
47.501340 150
47.505334 153
47.511341 157
47.515339 152
47.521335 154
47.525339 152
47.531340 147
47.535343 149
47.541343 158
47.545343 157
47.551342 151
47.555249 154
47.561341 158
47.565345 155
47.571341 156
47.575333 151
47.581341 151
47.585340 152
47.591333 154
47.595344 151
47.601340 152
47.606335 155
47.612340 151
47.616344 151
47.622329 154
47.626342 150
47.631333 150
47.635341 153
47.641342 151
47.645341 151
47.651336 152
47.655311 155
47.661340 151
47.665343 155
47.671339 157
47.675334 151
47.681344 147
47.685342 147
47.691338 150
47.695342 150
47.701342 151
47.705341 152
47.711342 146
47.715345 149
47.721335 153
47.725340 154
47.731346 153
47.735339 150
47.741342 150
47.745338 152
47.751346 156
47.755344 153
47.761344 146
47.768347 144
47.770332 149
47.776342 153
47.780340 154
47.786341 147
47.790339 144
47.796345 150
47.800343 157
47.806345 152
47.810335 150
47.816344 152
47.820206 150
47.826291 155
47.830294 159
47.836291 154
47.840305 149
47.846292 151
47.850292 156
47.857288 148
47.861292 149
47.867293 151
47.871294 148
47.877292 149
47.881292 152
47.886292 150
47.890289 147
47.896292 147
47.900293 154
47.906212 153
47.912292 151
47.915291 152
47.920431 149
47.926209 150
47.930207 154
47.936283 156
47.940291 153
47.946293 150
47.953301 144
47.955288 152
47.961297 155
47.965295 154
47.971297 153
47.975290 150
47.981296 153
47.985296 159
47.991292 154
47.995295 152
48.001284 151
48.005290 153
48.011296 156
48.018298 155
48.020290 155
48.026291 147
48.030296 150
48.044349 156
48.048296 152
48.049285 149
48.051285 148
48.060297 151
48.063286 159
48.065295 151
48.071297 148
48.075292 153
48.081296 153
48.085296 150
48.091292 154
48.095296 156
48.101297 153
48.105296 153
48.111297 158
48.115296 152
48.121295 149
48.125283 154
48.131286 150
48.135294 150
48.144292 156
48.145280 154
48.150278 150
48.155292 150
48.161297 154
48.165296 154
48.171297 156
48.175293 150
48.181297 146
48.185296 149
48.191291 151
48.195297 153
48.201295 150
48.205297 148
48.211296 149
48.215296 155
48.221297 152
48.228290 153
48.232295 156
48.235284 154
48.240291 154
48.247644 156
48.254157 147
48.255122 149
48.260168 156
48.266236 154
48.270227 152
48.276305 157
48.280295 155
48.286294 151
48.290295 155
48.296294 151
48.300295 145
48.306294 148
48.310293 148
48.316295 150
48.320294 153
48.326290 153
48.330295 150
48.336295 150
48.342290 156
48.345242 153
48.350294 151
48.356295 149
48.360295 149
48.366295 150
48.370295 152
48.376292 149
48.380292 147
48.389304 149
48.392293 154
48.396306 160
48.400297 159
48.406297 152
48.410295 146
48.416296 148
48.420295 151
48.426289 151
48.430290 153
48.436295 152
48.440297 151
48.446292 151
48.450295 159
48.456296 160
48.460295 154
48.466295 155
48.470297 152
48.476293 152
48.480297 152
48.486353 151
48.490345 150
48.496346 152
48.500345 153
48.507345 158
48.511345 152
48.515213 151
48.521278 153
48.525236 151
48.531240 154
48.535236 152
48.541214 148
48.545251 145
48.551248 150
48.555251 155
48.561249 151
48.565250 149
48.571254 150
48.575247 152
48.581250 153
48.585251 151
48.591231 148
48.595250 149
48.601250 151
48.605249 152
48.612250 150
48.616248 149
48.622250 150
48.626191 153
48.632220 153
48.636215 151
48.641219 151
48.645221 148
48.651220 149
48.655216 150
48.661218 151
48.665217 151
48.671216 152
48.675224 150
48.684218 145
48.685210 152
48.690217 154
48.696217 153
48.700218 153
48.706221 152
48.710212 150
48.716217 147
48.720217 152
48.726181 151
48.730212 152
48.736218 152
48.740218 148
48.746219 150
48.750219 155
48.756219 153
48.760220 151
48.766219 150
48.770255 147
48.776250 149
48.780253 152
48.786253 156
48.790251 151
48.796251 150
48.800246 154
48.806248 151
48.810248 146
48.816248 152
48.820250 157
48.829249 151
48.832253 151
48.836249 155
48.840251 150
48.846251 151
48.850251 155
48.856251 150
48.860253 144
48.866255 147
48.870249 153
48.876252 155
48.880252 154
48.887250 155
48.891252 156
48.905352 159
48.908342 159
48.909349 155
48.910335 152
48.915348 149
48.921347 152
48.925346 154
48.931339 153
48.935340 152
48.941346 151
48.949353 152
48.950341 159
48.955349 159
48.961346 153
48.965349 151
48.971348 153
48.975349 154
48.981348 150
48.985348 147
48.991348 146
48.995339 150
49.001342 157
49.005346 159
49.011336 150
49.015342 147
49.021352 154
49.025351 160
49.031340 152
49.035345 148
49.041357 144
49.045343 149
49.051355 154
49.055349 154
49.064353 153
49.067341 148
49.071348 149
49.075353 156
49.081349 162
49.085351 155
49.091343 148
49.095341 149
49.101350 148
49.105349 146
49.112345 152
49.116315 152
49.120236 146
49.126138 148
49.130188 153
49.136217 154
49.140221 152
49.146222 150
49.150223 151
49.156221 151
49.160219 151
49.166220 154
49.170221 152
49.176219 152
49.180220 154
49.186223 150
49.190215 152
49.196217 150
49.200228 150
49.206185 152
49.210183 152
49.216184 151
49.220182 150
49.226183 151
49.230183 153
49.236181 155
49.240184 155
49.246182 154
49.250189 151
49.256182 150
49.260183 153
49.266182 152
49.270181 149
49.276182 148
49.280182 155
49.287182 156
49.291183 151
49.297182 150
49.301183 152
49.307183 155
49.310180 154
49.324182 155
49.328183 153
49.329179 150
49.331179 153
49.340184 155
49.343181 149
49.345185 150
49.351187 154
49.355183 158
49.361185 152
49.365183 151
49.371184 152
49.375185 157
49.381183 155
49.385183 151
49.391184 155
49.395189 155
49.401185 154
49.408182 155
49.410179 154
49.416183 151
49.420182 151
49.426183 155
49.430184 151
49.436183 146
49.440183 150
49.446189 155
49.450188 155
49.457184 154
49.461183 154
49.465182 150
49.471183 152
49.475183 153
49.481184 154
49.485183 150
49.491184 150
49.495185 147
49.501188 145
49.508183 152
49.510181 154
49.516184 150
49.520184 153
49.527182 152
49.532182 153
49.536177 153
49.540177 153
49.546258 149
49.550260 150
49.557256 152
49.561251 153
49.567258 150
49.571248 147
49.577283 150
49.580251 151
49.586254 154
49.590256 153
49.601257 150
49.601835 151
49.605229 154
49.611357 155
49.615337 152
49.621351 151
49.625355 151
49.631373 153
49.635349 154
49.641354 150
49.645345 151
49.651354 152
49.655351 150
49.661215 150
49.667193 153
49.670246 158
49.675305 153
49.681352 150
49.685350 155
49.691355 154
49.695339 154
49.701349 155
49.705358 149
49.711261 145
49.715352 151
49.721209 154
49.725408 151
49.731227 149
49.735251 148
49.741253 152
49.745253 152
49.751261 153
49.755259 150
49.764259 147
49.767252 150
49.771259 153
49.775258 150
49.781260 145
49.785260 149
49.791253 151
49.795223 153
49.801353 151
49.805351 151
49.811376 150
49.815355 145
49.821351 152
49.825345 160
49.831349 153
49.835220 151
49.841327 151
49.845319 151
49.851301 153
49.855231 155
49.861227 153
49.865355 149
49.872351 149
49.876354 153
49.882355 152
49.888289 154
49.894352 152
49.895352 151
49.900354 154
49.906354 156
49.910354 152
49.916256 149
49.920229 150
49.926301 151
49.930347 154
49.936347 158
49.940356 154
49.946346 149
49.950346 149
49.956351 153
49.960354 157
49.966357 154
49.970355 149
49.976346 152
49.980230 156
49.986229 157
49.993356 156
49.995355 153
50.004357 151
50.005344 150
50.010348 153
50.016292 151
50.020353 148
50.026353 153
50.032353 156
50.035348 151
50.043344 153
50.045214 156
50.051199 154
50.055227 153
50.061227 153
50.065227 155
50.071226 156
50.075227 152
50.081224 146
50.085229 146
50.091228 152
50.095226 159
50.101228 157
50.105226 151
50.111202 156
50.115188 151
50.121310 151
50.125307 152
50.131300 151
50.135309 147
50.141340 147
50.145347 153
50.151348 154
50.155351 148
50.161357 154
50.165356 153
50.171356 150
50.175221 156
50.181195 153
50.185312 146
50.191309 146
50.195307 150
50.201308 154
50.205308 153
50.214305 145
50.217299 146
50.221305 149
50.225307 155
50.231301 155
50.235305 149
50.241212 148
50.245203 147
50.251306 150
50.255306 152
50.261306 151
50.265305 151
50.271294 149
50.275304 155
50.281310 153
50.285312 149
50.291313 145
50.295311 148
50.301229 153
50.305198 151
50.311307 151
50.315356 151
50.321311 150
50.325535 154
50.331345 162
50.335337 155
50.342353 150
50.346338 153
50.352355 155
50.356357 156
50.365657 152
50.367225 148
50.372182 149
50.375250 152
50.381259 157
50.385259 155
50.391261 148
50.395258 152
50.401260 156
50.405261 156
50.411261 150
50.415254 153
50.421262 157
50.425259 152
50.431258 156
50.435257 153
50.441259 150
50.445260 149
50.451261 151
50.455262 151
50.464261 148
50.465253 149
50.470261 152
50.476261 152
50.480265 152
50.486257 152
50.490260 154
50.496263 150
50.500262 154
50.506262 157
50.510260 152
50.516259 152
50.520258 151
50.526260 151
50.530261 146
50.536261 150
50.540230 152
50.546359 146
50.550352 151
50.556358 153
50.560357 153
50.566357 153
50.570356 153
50.576357 156
50.580308 150
50.586355 148
50.590359 153
50.604356 153
50.608356 152
50.609349 147
50.611350 149
50.620362 151
50.623347 152
50.625357 155
50.631349 156
50.635361 152
50.641229 151
50.645361 152
50.651355 148
50.655359 151
50.661359 153
50.668357 150
50.670349 150
50.676359 150
50.680384 151
50.686363 155
50.690356 153
50.696358 153
50.700361 156
50.706361 151
50.710360 150
50.716355 154
50.720359 152
50.726359 150
50.730358 155
50.736358 155
50.740358 153
50.746381 153
50.750301 148
50.756357 149
50.760356 156
50.766352 155
50.770359 148
50.776360 147
50.780359 153
50.786358 154
50.790357 155
50.796357 155
50.800356 149
50.806357 153
50.810360 156
50.816352 154
50.820354 151
50.826360 147
50.830359 146
50.836360 155
50.840359 156
50.846354 147
50.850274 149
50.856364 154
50.860362 152
50.866352 152
50.870361 153
50.876361 152
50.880360 154
50.886361 156
50.890365 150
50.896360 147
50.900361 152
50.906357 151
50.910360 147
50.916356 150
50.920224 148
50.926370 148
50.930349 150
50.936350 151
50.940343 152
50.946344 152
50.950365 148
50.956358 149
50.960360 153
50.966355 150
50.970359 147
50.976360 152
50.980359 150
50.986360 150
50.990358 154
50.996359 152
51.000356 148
51.006362 147
51.010353 152
51.016359 153
51.020362 152
51.029360 153
51.030352 152
51.035361 153
51.041362 155
51.048291 156
51.050351 153
51.056360 154
51.060359 151
51.066355 152
51.070359 156
51.076361 154
51.080363 148
51.086359 150
51.090358 153
51.096358 153
51.100362 154
51.106353 155
51.110352 155
51.116357 156
51.120360 158
51.126356 157
51.130350 153
51.136359 152
51.140358 155
51.146344 155
51.150342 152
51.156344 151
51.161344 152
51.167353 156
51.171351 157
51.177363 155
51.181361 152
51.186361 154
51.190360 155
51.196356 154
51.200360 152
51.206360 151
51.214362 152
51.215359 154
51.220363 157
51.226359 158
51.230362 153
51.236362 149
51.240361 151
51.246361 153
51.250352 153
51.256361 148
51.260228 148
51.269321 151
51.272362 152
51.276358 152
51.280357 152
51.286358 149
51.290362 150
51.296363 152
51.300359 150
51.306358 151
51.310362 154
51.316358 151
51.320361 146
51.326361 153
51.330361 154
51.336361 150
51.340364 152
51.350358 155
51.352359 152
51.356364 149
51.360315 154
51.366358 147
51.370362 144
51.376363 152
51.380361 153
51.386362 149
51.390361 146
51.396356 151
51.403362 154
51.405359 153
51.411360 154
51.415358 153
51.421362 154
51.425361 154
51.431361 148
51.435356 146
51.441360 146
51.445356 149
51.451359 153
51.455364 148
51.461343 146
51.465355 151
51.471361 154
51.475364 154
51.481365 152
51.485364 149
51.491365 149
51.495363 153
51.501364 154
51.505362 151
51.511362 149
51.515362 151
51.521362 149
51.525276 151
51.531353 154
51.535350 152
51.541344 149
51.545358 152
51.551360 156
51.555356 154
51.561363 148
51.565357 151
51.571365 153
51.575364 151
51.581365 151
51.588366 151
51.590360 149
51.596362 150
51.600364 153
51.605364 154
51.611365 153
51.615364 152
51.621364 155
51.625362 153
51.632364 153
51.636363 156
51.642363 154
51.646362 154
51.652302 153
51.656362 154
51.661362 156
51.665357 155
51.671366 154
51.675364 156
51.681360 157
51.685355 154
51.691362 156
51.695362 159
51.701357 156
51.707363 153
51.710362 154
51.715365 152
51.721371 151
51.725364 150
51.731365 151
51.735358 150
51.741365 151
51.745363 151
51.751358 149
51.755360 147
51.761363 150
51.765359 156
51.771366 151
51.775365 154
51.781365 164
51.785364 153
51.791364 145
51.798366 153
51.800376 156
51.806365 150
51.810363 152
51.816369 157
51.823368 152
51.825364 153
51.831365 158
51.835359 159
51.841364 156
51.845363 153
51.851365 157
51.855355 160
51.861367 155
51.865358 154
51.871361 154
51.875366 155
51.885362 157
51.889365 157
51.890354 152
51.902362 151
51.904365 154
51.905357 154
51.910366 153
51.916365 153
51.920364 152
51.926365 151
51.930364 156
51.936363 158
51.940366 154
51.946368 152
51.950365 154
51.956363 154
51.961365 152
51.967378 154
51.971355 153
51.977365 151
51.981364 151
51.986355 150
51.990367 153
51.996367 160
52.000361 155
52.006369 152
52.010358 155
52.016359 163
52.020361 161
52.026366 156
52.030366 152
52.036362 149
52.040365 150
52.046367 150
52.050365 149
52.056363 147
52.060366 148
52.066232 152
52.070363 151
52.076366 152
52.080365 152
52.086360 153
52.090364 153
52.096369 148
52.100368 149
52.106364 152
52.110367 150
52.116368 146
52.120365 146
52.126249 152
52.130562 151
52.136316 148
52.140311 148
52.146317 149
52.152314 152
52.155311 153
52.160318 152
52.166305 151
52.170701 148
52.176370 149
52.180362 150
52.186363 147
52.190366 145
52.196367 148
52.203363 149
52.205365 147
52.211371 150
52.215365 152
52.221365 149
52.225369 149
52.231364 158
52.235370 158
52.241367 152
52.245365 151
52.251403 147
52.255365 149
52.261360 153
52.265363 152
52.271362 145
52.275369 141
52.281369 147
52.285371 157
52.291366 156
52.295366 151
52.302362 152
52.306367 153
52.312366 153
52.318377 154
52.320361 155
52.325368 146
52.331367 149
52.335304 153
52.341368 152
52.345367 150
52.351367 150
52.355362 153
52.361371 151
52.365368 150
52.371358 150
52.375363 152
52.381369 153
52.385342 149
52.391369 152
52.395368 156
52.401368 154
52.405365 152
52.411370 153
52.415369 153
52.421369 155
52.427369 153
52.430368 148
52.435377 148
52.441368 153
52.445367 153
52.451367 151
52.455362 151
52.461370 149
52.465369 152
52.471362 155
52.475364 154
52.481369 153
52.485396 149
52.491369 152
52.495368 155
52.504365 152
52.505359 151
52.510366 150
52.516367 151
52.520366 153
52.526365 156
52.530369 152
52.536365 152
52.540368 154
52.546360 152
52.550359 151
52.556369 155
52.560372 153
52.566367 151
52.570361 152
52.576371 157
52.580370 153
52.586363 149
52.590366 152
52.596368 152
52.600370 153
52.606371 153
52.610370 153
52.616370 154
52.620365 151
52.626363 154
52.630362 153
52.636373 152
52.640368 156
52.646368 157
52.650377 152
52.656369 153
52.660367 152
52.666368 152
52.670373 147
52.676372 152
52.680370 155
52.686303 152
52.690370 152
52.696370 153
52.700369 153
52.706368 151
52.710367 150
52.716367 151
52.723368 151
52.725253 152
52.731613 156
52.735348 157
52.741356 153
52.745363 153
52.751371 154
52.755365 152
52.761370 152
52.765369 149
52.771231 149
52.776330 150
52.784323 152
52.785313 151
52.791323 149
52.797324 149
52.805325 153
52.806313 153
52.811323 152
52.815322 148
52.821323 149
52.825322 153
52.831324 152
52.835322 152
52.841323 150
52.845325 148
52.851325 150
52.855266 147
52.861325 147
52.865324 152
52.871258 150
52.875315 146
52.881324 148
52.885324 154
52.891323 155
52.895322 153
52.901324 153
52.905323 152
52.911319 153
52.915320 153
52.921321 151
52.925324 149
52.931325 150
52.935323 150
52.941324 153
52.945375 155
52.951370 152
52.955323 153
52.961375 148
52.965369 151
52.971367 152
52.975364 152
52.981372 154
52.985371 155
52.991371 152
52.995370 153
53.001369 154
53.005373 153
53.011365 152
53.015364 148
53.021368 152
53.025363 153
53.031363 149
53.035370 149
53.041371 149
53.045369 146
53.051373 153
53.055368 156
53.061370 155
53.065373 154
53.071363 155
53.077368 155
53.080372 153
53.085372 155
53.091372 155
53.095370 150
53.101372 151
53.105362 153
53.112372 154
53.116370 151
53.122362 150
53.126355 150
53.132370 151
53.136374 152
53.141368 154
53.145371 152
53.151372 148
53.155366 150
53.165379 153
53.169370 156
53.170361 152
53.181369 152
53.184372 152
53.185366 154
53.190374 158
53.196368 153
53.200377 148
53.206368 147
53.210372 151
53.216372 154
53.220371 150
53.226367 150
53.230372 152
53.236373 158
53.240371 163
53.246371 156
53.250375 152
53.256315 154
53.260374 154
53.266370 155
53.270373 154
53.276368 148
53.280372 145
53.286373 152
53.290372 155
53.296373 153
53.300375 153
53.306367 152
53.310375 151
53.316376 156
53.320374 155
53.326260 152
53.330258 151
53.336365 152
53.340377 154
53.346368 151
53.350372 152
53.356373 154
53.366372 147
53.368366 153
53.370367 154
53.376370 152
53.380375 147
53.386370 150
53.390366 152
53.396374 152
53.400373 153
53.406369 156
53.411368 158
53.415364 154
53.421349 155
53.425370 151
53.431372 153
53.435369 152
53.441376 147
53.445375 144
53.451368 145
53.455382 151
53.461379 151
53.465372 148
53.471372 150
53.480370 153
53.481363 163
53.486375 158
53.490366 153
53.496375 155
53.500375 151
53.506369 155
53.510374 151
53.516378 149
53.520377 150
53.526377 149
53.530376 153
53.536377 155
53.540375 151
53.546375 145
53.550374 149
53.556370 154
53.560375 157
53.566374 152
53.570374 153
53.576384 150
53.580371 154
53.586377 159
53.592376 156
53.595366 147
53.600374 144
53.606370 147
53.611373 153
53.615373 149
53.621374 144
53.625377 146
53.631364 152
53.636372 157
53.640375 153
53.646375 148
53.650374 151
53.656370 159
53.660374 151
53.667375 145
53.671374 154
53.677304 156
53.681369 151
53.687374 150
53.690372 153
53.696369 154
53.700377 150
53.706371 150
53.710376 148
53.716376 148
53.720375 153
53.726376 160
53.730375 151
53.736376 150
53.742372 158
53.745374 159
53.750375 155
53.763377 148
53.764369 153
53.765365 152
53.770377 153
53.776379 153
53.780372 146
53.786378 144
53.790371 149
53.796377 158
53.800376 152
53.809374 148
53.811368 152
53.816376 154
53.820370 153
53.826369 151
53.830374 151
53.836374 146
53.840374 148
53.846374 154
53.850375 153
53.859372 150
53.861374 146
53.869376 148
53.870369 157
53.875368 156
53.881372 157
53.885376 150
53.891371 146
53.895376 151
53.901376 153
53.905375 154
53.911375 151
53.915378 149
53.921379 154
53.925377 155
53.931293 152
53.935244 149
53.941235 156
53.945236 161
53.951238 152
53.955240 145
53.961241 145
53.965238 147
53.971239 153
53.975236 160
53.981236 149
53.985240 145
53.991278 154
53.995287 157
54.001280 156
54.005285 154
54.011285 151
54.015279 144
54.021287 152
54.025285 154
54.031285 156
54.035286 150
54.041285 146
54.045286 151
54.051286 161
54.055288 151
54.061287 145
54.065286 150
54.071287 157
54.075281 159
54.085282 157
54.086278 150
54.092285 148
54.096287 151
54.102286 155
54.106286 155
54.111286 154
54.115286 146
54.121286 148
54.125287 156
54.131280 151
54.135288 145
54.141283 150
54.145287 156
54.151292 151
54.155288 155
54.161289 161
54.165285 146
54.171285 145
54.175281 157
54.181274 160
54.185207 153
54.191251 146
54.196255 148
54.200325 152
54.206318 157
54.210317 160
54.216329 151
54.220329 146
54.226328 149
54.230327 158
54.236330 155
54.240323 152
54.246329 149
54.250280 152
54.256375 158
54.260379 157
54.266374 150
54.270370 143
54.276373 148
54.280378 155
54.286373 151
54.291372 151
54.295382 147
54.301378 145
54.305376 153
54.314380 160
54.316374 155
54.321377 149
54.325372 148
54.331380 155
54.335385 155
54.341374 151
54.345378 151
54.351379 146
54.355383 150
54.361378 156
54.365377 153
54.371378 149
54.375375 146
54.381382 151
54.385373 158
54.391373 153
54.395377 152
54.401378 148
54.405381 146
54.411378 154
54.415381 159
54.421382 152
54.428373 150
54.430372 152
54.444375 155
54.448379 151
54.449371 148
54.451373 148
54.460375 152
54.463369 153
54.465379 155
54.472380 152
54.476379 152
54.482379 154
54.486371 151
54.492378 156
54.497378 155
54.500373 151
54.505381 151
54.511369 153
54.515380 154
54.521381 153
54.525372 156
54.534268 152
54.536436 147
54.541206 151
54.545225 152
54.551249 152
54.555254 151
54.561258 149
54.565246 152
54.571254 152
54.575250 153
54.581251 153
54.585326 152
54.591328 150
54.595334 151
54.601335 153
54.605333 148
54.611328 149
54.617335 151
54.620329 150
54.628326 151
54.630324 152
54.639333 152
54.641367 149
54.646359 150
54.650383 152
54.656383 151
54.660382 151
54.666381 154
54.670380 156
54.676343 154
54.680379 151
54.686375 151
54.692382 151
54.695370 150
54.700379 150
54.706380 147
54.710374 147
54.716384 152
54.720381 155
54.726368 155
54.730362 154
54.736363 156
54.740375 155
54.746366 154
54.750381 155
54.756381 155
54.760381 152
54.766380 153
54.770380 152
54.776379 147
54.780379 147
54.786319 149
54.790375 153
54.796386 152
54.800382 151
54.806384 154
54.810376 155
54.816379 156
54.820382 152
54.826377 151
54.830382 154
54.836382 151
54.840381 152
54.846381 151
54.850375 145
54.856380 150
54.860381 152
54.866381 147
54.870380 152
54.876376 154
54.880379 150
54.886388 149
54.890376 154
54.896379 152
54.900383 155
54.906383 157
54.910377 150
54.917379 150
54.921383 156
54.927377 153
54.931382 149
54.937383 152
54.940377 149
54.946380 148
54.950380 152
54.956384 152
54.960384 151
54.966379 153
54.970382 159
54.976378 156
54.980382 154
54.986393 152
54.990373 152
54.996386 158
55.000376 155
55.006381 150
55.010371 153
55.016384 154
55.020384 153
55.026380 150
55.030375 150
55.036384 147
55.040382 149
55.046383 149
55.050383 152
55.056385 154
55.060387 153
55.066382 151
55.070381 153
55.076319 153
55.080386 153
55.086385 152
55.090375 148
55.096379 147
55.100383 152
55.106383 152
55.110377 148
55.116382 148
55.120386 153
55.126295 156
55.131130 154
55.136345 152
55.140257 154
55.146258 154
55.150326 155
55.156335 152
55.160338 149
55.166332 147
55.170333 150
55.176328 153
55.180333 153
55.186333 151
55.192805 151
55.195322 156
55.200335 156
55.206336 155
55.210331 153
55.219335 154
55.221336 155
55.226381 153
55.230337 155
55.237336 153
55.241335 152
55.247335 150
55.251335 152
55.257336 157
55.260341 155
55.266337 151
55.270335 151
55.276337 152
55.280334 153
55.286335 151
55.290330 150
55.296336 152
55.300336 155
55.309338 156
55.311328 154
55.316338 150
55.320337 151
55.326336 156
55.330336 151
55.336336 148
55.340335 149
55.346335 149
55.350336 151
55.356336 150
55.360254 151
55.366386 153
55.370385 154
55.379381 153
55.381376 154
55.386382 152
55.390253 153
55.396342 153
55.400340 156
55.406341 154
55.412338 148
55.415331 149
55.420341 150
55.426340 151
55.431330 158
55.435337 154
55.441340 152
55.447339 150
55.450338 151
55.458343 156
55.460414 153
55.466336 153
55.470337 153
55.476337 149
55.480335 153
55.486336 157
55.490369 155
55.496337 154
55.500336 149
55.506336 150
55.510336 150
55.516337 148
55.520337 149
55.526336 149
55.530338 148
55.536337 150
55.540336 152
55.546332 151
55.550337 151
55.556338 153
55.560336 148
55.566342 152
55.570338 156
55.576338 152
55.580339 150
55.586339 150
55.590338 147
55.596339 146
55.600340 151
55.606341 151
55.610337 147
55.616345 153
55.620340 156
55.626337 150
55.630327 154
55.636338 155
55.640337 150
55.646332 151
55.650336 153
55.656337 153
55.660335 151
55.667343 153
55.671339 155
55.677339 149
55.683340 152
55.686339 153
55.692715 148
55.696336 153
55.701339 156
55.705341 155
55.711259 150
55.715340 156
55.725337 155
55.729329 151
55.730328 154
55.741337 154
55.744320 148
55.745329 146
55.750328 150
55.756337 150
55.760337 148
55.766342 153
55.770337 152
55.776337 153
55.780338 155
55.786338 154
55.790337 154
55.796344 152
55.800336 151
55.806337 151
55.810338 147
55.816337 148
55.820338 151
55.826337 150
55.830330 151
55.836338 152
55.840338 149
55.846336 150
55.850336 152
55.856342 151
55.860339 153
55.869342 155
55.871330 152
55.876339 151
55.880338 154
55.886338 153
55.890338 151
55.896333 153
55.900341 149
55.909340 145
55.911329 150
55.916341 153
55.920339 151
55.926337 150
55.930332 152
55.936340 152
55.941338 156
55.945267 157
55.951338 152
55.958341 152
55.960333 155
55.966347 154
55.970341 152
55.979337 151
55.981341 149
55.986341 146
55.990343 150
55.996337 148
56.000336 149
56.006336 151
56.010341 152
56.016340 152
56.020340 154
56.026339 154
56.031333 150
56.035338 153
56.041339 155
56.045336 148
56.051339 149
56.055339 150
56.061339 150
56.065343 150
56.071338 149
56.075343 148
56.081342 150
56.085351 152
56.091341 152
56.095721 151
56.101342 153
56.105343 152
56.111342 150
56.115335 154
56.121342 153
56.125342 150
56.131330 151
56.135340 154
56.141340 152
56.145342 154
56.151339 154
56.155335 152
56.161339 154
56.165346 153
56.171342 153
56.175342 155
56.181342 152
56.185341 150
56.191342 150
56.195315 152
56.201336 157
56.205331 156
56.211337 155
56.215338 156
56.221344 155
56.225343 154
56.231338 153
56.235331 151
56.241341 147
56.245340 147
56.251339 150
56.255339 152
56.261340 152
56.265347 152
56.271343 153
56.275343 153
56.282344 152
56.286341 151
56.292334 152
56.296277 149
56.302339 150
56.306332 150
56.311335 149
56.315337 152
56.321342 153
56.325340 151
56.331336 150
56.335344 152
56.341339 153
56.345325 151
56.351343 151
56.355338 153
56.361343 152
56.365349 153
56.371344 153
56.378345 151
56.380339 150
56.386344 153
56.390343 152
56.399339 149
56.401343 151
56.406334 155
56.410337 155
56.416340 152
56.420342 152
56.426341 150
56.430338 154
56.436344 156
56.440341 150
56.446341 151
56.450342 152
56.456343 153
56.460342 153
56.469346 150
56.471334 148
56.476342 151
56.480347 152
56.486342 152
56.490342 148
56.496343 152
56.500341 150
56.506280 149
56.510335 150
56.516340 151
56.520344 151
56.526342 152
56.530277 153
56.536344 152
56.540342 151
56.546343 154
56.550341 152
56.556344 152
56.560341 150
56.566348 149
56.570345 153
56.576345 151
56.580266 153
56.587342 151
56.591343 151
56.597347 152
56.601342 153
56.607338 154
56.610337 151
56.616340 153
56.620343 153
56.626341 152
56.630328 155
56.636343 147
56.640342 148
56.646343 152
56.650341 153
56.656346 150
56.660343 153
56.666347 158
56.670344 152
56.676344 155
56.686345 152
56.688345 149
56.690335 148
56.696345 150
56.702348 151
56.705345 150
56.710336 153
56.716340 149
56.720344 146
56.726343 151
56.730344 152
56.736344 154
56.740342 152
56.746342 149
56.750344 150
56.756344 153
56.760342 154
56.766344 152
56.770345 153
56.776346 156
56.780345 152
56.786346 152
56.790345 154
56.796346 150
56.800346 150
56.806345 152
56.810337 152
56.816344 148
56.820345 150
56.829347 153
56.831341 153
56.836344 158
56.840343 158
56.846343 156
56.850342 153
56.856344 153
56.860343 152
56.866344 152
56.870338 154
56.876347 147
56.880343 143
56.886344 150
56.890344 158
56.896343 160
56.900343 152
56.907343 149
56.911336 152
56.917344 154
56.921344 153
56.927344 151
56.930344 150
56.936231 146
56.940912 157
56.946377 158
56.950385 146
56.956390 146
56.960393 153
56.966394 153
56.970394 146
56.976395 152
56.980393 150
56.985393 148
56.991393 155
56.995397 155
57.005396 153
57.009394 150
57.010373 153
57.021395 152
57.024384 150
57.025385 155
57.030393 148
57.036394 148
57.040392 149
57.046392 147
57.050384 150
57.056392 153
57.060395 155
57.066390 150
57.070394 153
57.076395 149
57.080394 151
57.086395 153
57.090393 150
57.096393 153
57.100392 150
57.106393 152
57.110257 150
57.116352 150
57.120347 148
57.126348 149
57.130337 158
57.136345 152
57.145345 151
57.148379 156
57.150337 152
57.156350 149
57.160346 152
57.166344 156
57.170344 151
57.177345 151
57.181345 151
57.187345 149
57.191344 155
57.197342 153
57.201345 150
57.206345 153
57.210272 153
57.216341 150
57.220346 145
57.226351 154
57.230344 158
57.236349 151
57.240345 149
57.246346 152
57.250342 150
57.256346 151
57.260345 151
57.266344 152
57.270346 150
57.279347 150
57.285347 153
57.290345 152
57.291338 148
57.296345 153
57.300347 153
57.306345 149
57.310347 153
57.316347 152
57.320345 153
57.326347 156
57.330346 152
57.336348 149
57.340347 154
57.346346 157
57.350342 155
57.356346 150
57.360347 149
57.366347 150
57.370348 151
57.376350 153
57.380402 152
57.386395 152
57.390398 160
57.396401 155
57.400398 153
57.406399 158
57.410396 153
57.416402 157
57.420397 153
57.426388 148
57.430389 146
57.436392 150
57.440391 148
57.446389 149
57.450393 154
57.456343 157
57.460398 154
57.466404 150
57.470393 154
57.476394 153
57.480397 152
57.486393 155
57.490395 155
57.496397 149
57.500396 150
57.506396 151
57.510396 153
57.516303 152
57.520394 154
57.527397 151
57.531399 147
57.537280 147
57.541286 151
57.547389 155
57.551387 150
57.556382 149
57.560381 152
57.566404 156
57.570398 154
57.576399 155
57.582395 155
57.585395 153
57.590394 153
57.596395 149
57.600398 143
57.606399 150
57.610398 151
57.616418 153
57.620397 155
57.626397 154
57.630387 153
57.636395 153
57.640396 160
57.646395 155
57.655397 148
57.656390 154
57.661398 152
57.665425 148
57.671397 150
57.678398 152
57.680392 149
57.686396 150
57.690395 154
57.696396 150
57.700397 148
57.706402 154
57.710396 153
57.716392 154
57.720401 156
57.726396 152
57.730391 151
57.736396 154
57.740399 151
57.746399 152
57.750330 154
57.756400 149
57.760398 148
57.766394 150
57.770399 154
57.776399 152
57.780398 154
57.786399 154
57.790397 150
57.796398 154
57.800402 154
57.806399 151
57.810401 154
57.821400 156
57.823388 151
57.825398 150
57.831400 152
57.835393 150
57.844401 151
57.846390 157
57.851392 155
57.855401 151
57.861398 157
57.865400 156
57.871402 155
57.875399 153
57.881399 152
57.888400 149
57.890389 148
57.896398 151
57.900424 148
57.909399 146
57.911388 152
57.916262 153
57.920356 150
57.926352 152
57.930352 153
57.936350 155
57.940351 153
57.946352 153
57.950351 152
57.956354 151
57.960353 151
57.966289 149
57.970403 151
57.976403 150
57.983400 151
57.985394 151
57.991400 152
57.995398 155
58.001402 153
58.006397 154
58.012393 153
58.016382 153
58.022392 155
58.026401 156
58.031400 154
58.035390 152
58.041400 152
58.045400 148
58.051404 151
58.055397 152
58.061398 150
58.065401 151
58.071402 151
58.075401 153
58.081401 154
58.085392 153
58.091400 157
58.095399 154
58.101337 153
58.105399 154
58.111400 152
58.115403 152
58.121394 151
58.125393 149
58.131390 147
58.135396 150
58.141319 151
58.148304 149
58.150292 152
58.156311 154
58.163310 152
58.165310 151
58.171304 156
58.175309 153
58.181310 153
58.185302 154
58.191309 149
58.195310 148
58.201331 151
58.205309 154
58.211309 150
58.215312 149
58.221298 149
58.225305 152
58.231309 151
58.235314 153
58.241310 152
58.245311 151
58.251310 154
58.255309 154
58.261313 155
58.265308 153
58.271304 151
58.275311 151
58.285314 153
58.289311 154
58.290303 151
58.301310 149
58.304302 155
58.305298 151
58.310306 152
58.316311 155
58.320306 151
58.326314 152
58.330312 156
58.336308 157
58.340311 153
58.346310 155
58.350309 155
58.356311 152
58.360313 152
58.366311 151
58.370307 149
58.376431 149
58.380326 151
58.389231 150
58.391374 148
58.405263 154
58.408288 154
58.409457 150
58.410397 153
58.415234 156
58.421240 151
58.425338 150
58.431337 158
58.435348 152
58.441361 148
58.445355 154
58.451354 153
58.455348 147
58.461356 149
58.465354 150
58.471356 149
58.475356 150
58.481356 152
58.485354 151
58.491355 151
58.495357 156
58.501356 157
58.505357 156
58.511357 156
58.518356 151
58.520341 150
58.526352 152
58.530409 151
58.536403 152
58.540401 150
58.546403 149
58.550462 149
58.556417 148
58.560405 152
58.566405 156
58.572401 152
58.575394 154
58.580404 157
58.586243 157
58.590368 156
