234.764263 127
234.767249 127
234.774371 127
234.777646 126
234.784519 126
234.787271 127
234.794286 127
234.797278 128
234.801285 127
234.807286 126
234.811250 126
234.817335 127
234.821319 127
234.827312 127
234.831316 125
234.837318 125
234.841319 124
234.847316 124
234.851311 123
234.859437 124
234.862410 122
234.869411 124
234.872406 123
234.879406 124
234.882412 124
234.890416 125
234.893417 125
234.897412 125
234.901416 126
234.907415 125
234.911410 126
234.925412 126
234.928407 126
234.929403 127
234.940417 127
234.943417 128
234.944415 127
234.949415 126
234.952410 125
234.956408 125
234.962406 126
234.966416 127
234.972412 127
234.976435 127
234.982358 126
234.986395 126
234.992410 126
234.996414 126
235.002409 125
235.006413 125
235.012410 124
235.016414 126
235.022414 126
235.026441 125
235.032414 125
235.036414 126
235.042414 127
235.046367 126
235.052414 124
235.056412 124
235.062406 124
235.066415 125
235.072411 126
235.076411 127
235.082410 126
235.086348 126
235.092415 125
235.096416 127
235.102414 128
235.106414 127
235.112413 126
235.116417 126
235.122413 126
235.126413 126
235.132414 126
235.136408 124
235.142408 125
235.146417 124
235.152413 126
235.156416 126
235.162412 124
235.166416 125
235.172416 125
235.176415 126
235.182411 125
235.186415 126
235.192416 127
235.196410 127
235.202415 127
235.206419 127
235.212409 126
235.216414 128
235.222414 126
235.226412 127
235.232418 127
235.236412 125
235.242422 125
235.246410 124
235.252414 125
235.256417 124
235.262408 124
235.266416 125
235.272417 126
235.276415 124
235.282411 125
235.287424 126
235.293412 127
235.297415 126
235.304416 125
235.307406 125
235.312414 124
235.316417 124
235.322419 124
235.326416 124
235.332413 124
235.336417 125
235.342880 126
235.346303 126
235.352408 126
235.356414 127
235.362416 127
235.366415 127
235.372415 128
235.379410 127
235.381440 128
235.387415 128
235.391409 129
235.397419 128
235.401417 129
235.407415 128
235.411418 126
235.417418 127
235.421417 127
235.427409 126
235.431408 124
235.437418 125
235.441415 125
235.447408 125
235.451415 126
235.457415 125
235.461352 124
235.467415 124
235.471418 124
235.478419 124
235.482413 123
235.486417 125
235.492411 124
235.496420 125
235.502416 124
235.506414 125
235.512415 123
235.516415 124
235.522415 125
235.526418 125
235.532418 126
235.536417 126
235.542417 126
235.546408 127
235.552417 127
235.556415 127
235.562410 127
235.566420 127
235.572419 127
235.576419 126
235.582414 127
235.586417 127
235.592412 127
235.596418 127
235.602418 126
235.606414 126
235.612417 127
235.616417 127
235.622417 126
235.626415 125
235.632415 127
235.636419 128
235.642416 129
235.646415 131
235.652420 130
235.657416 130
235.663416 132
235.667419 131
235.673415 131
235.677419 130
235.685422 129
235.688411 130
235.692413 127
235.696422 129
235.702417 129
235.706420 129
235.712410 129
235.716412 130
235.722420 130
235.726417 129
235.732418 130
235.736417 129
235.742417 127
235.746415 127
235.755418 128
235.758421 128
235.762422 128
235.766420 127
235.772417 129
235.776419 130
235.782413 129
235.786424 131
235.792420 129
235.796418 131
235.802418 130
235.806417 131
235.812268 132
235.816427 131
235.822423 132
235.826421 134
235.832415 132
235.836411 133
235.842414 133
235.846415 133
235.852420 133
235.856420 131
235.862359 132
235.866419 132
235.872420 131
235.876421 132
235.882419 132
235.886423 132
235.892424 132
235.896413 132
235.902424 132
235.906418 133
235.912426 134
235.916416 134
235.922417 134
235.926416 136
235.932415 136
235.936420 136
235.942420 135
235.946629 137
235.952279 137
235.956278 136
235.962282 134
235.966287 134
235.972284 135
235.976281 133
235.983280 134
235.988282 134
235.992301 135
235.996284 135
236.002278 134
236.006323 134
236.012324 134
236.016330 134
236.022329 133
236.026330 133
236.032327 134
236.036328 133
236.042327 133
236.046324 134
236.052329 135
236.056328 136
236.062329 136
236.066328 138
236.072328 136
236.076329 137
236.082326 136
236.086333 135
236.092330 136
236.097326 134
236.103332 135
236.107330 133
236.113335 135
236.117334 135
236.125327 135
236.127313 133
236.134328 133
236.137328 134
236.141329 135
236.150330 136
236.153329 134
236.157330 132
236.161328 132
236.167328 135
236.171330 135
236.177330 134
236.181327 135
236.187329 132
236.191328 135
236.205334 135
236.208326 134
236.209321 133
236.222329 134
236.224324 135
236.225320 136
236.227320 139
236.234331 135
236.237331 136
236.244331 135
236.247326 136
236.251330 136
236.257330 135
236.261330 134
236.267330 132
236.271329 132
236.277331 133
236.281321 133
236.290335 132
236.293323 133
236.297326 132
236.301330 134
236.307331 132
236.311332 133
236.317331 133
236.321330 134
236.327331 134
236.331326 135
236.337331 134
236.341331 134
236.356329 133
236.359321 132
236.360331 134
236.362322 133
236.366331 133
236.372329 133
236.376331 131
236.382325 132
236.386335 132
236.392331 132
236.396249 132
236.402328 132
236.406326 134
236.412333 134
236.416331 133
236.422332 132
236.426333 133
236.432329 133
236.436332 132
236.442331 133
236.446322 131
236.452331 131
236.456331 131
236.462332 133
236.466324 131
236.472334 132
236.476331 132
236.482327 131
236.486337 131
236.492335 132
236.496265 133
236.502329 131
236.507332 132
236.513332 132
236.517333 132
236.523333 132
236.527328 131
236.532329 131
236.536333 131
236.542331 130
236.546323 129
236.552283 130
236.556274 130
236.562278 131
236.566335 130
236.572326 130
236.576321 128
236.582326 128
236.586332 129
236.592329 128
236.596330 128
236.602326 127
236.609331 127
236.612325 127
236.616328 129
236.622325 128
236.626330 126
236.632330 127
236.636329 128
236.642328 126
236.646330 127
236.652331 124
236.656332 125
236.662421 126
236.666420 125
236.672426 124
236.676424 126
236.685421 126
236.688425 126
236.692302 124
236.696428 125
236.705426 127
236.708416 125
236.712422 125
236.716426 124
236.722421 123
236.732421 124
236.733413 125
236.737424 123
236.744421 124
236.747416 123
236.754421 124
236.759424 122
236.762422 121
236.769424 121
236.772419 120
236.779423 121
236.782420 121
236.789427 119
236.792417 120
236.799290 120
236.802417 120
236.806423 120
236.812423 120
236.816422 119
236.822422 119
236.826425 119
236.832421 119
236.836424 120
236.842424 119
236.846429 119
236.852425 118
236.856424 118
236.862425 119
236.866415 118
236.872430 117
236.876423 118
236.882418 118
236.886418 119
236.892423 118
236.896426 118
236.902421 118
236.906426 118
236.915331 119
236.918427 118
236.922425 116
236.926424 116
236.935419 116
236.938423 115
236.942426 115
236.946426 114
236.952426 116
236.956425 117
236.962425 116
236.966419 116
236.972426 116
236.976424 117
236.982429 118
236.986431 118
236.992424 117
236.996426 117
237.003409 115
237.007422 116
237.013422 116
237.017427 115
237.023428 116
237.026425 116
237.032357 117
237.036424 117
237.042420 117
237.046419 116
237.052428 117
237.056426 119
237.062427 117
237.066420 119
237.072426 118
237.076425 118
237.082432 116
237.086425 116
237.092426 117
237.099432 119
237.102417 119
237.106423 117
237.112429 116
237.116427 117
237.122428 118
237.126416 116
237.132444 117
237.136428 116
237.142429 118
237.146990 117
237.152631 118
237.156321 119
237.162319 118
237.169341 120
237.172327 118
237.176330 118
237.182331 119
237.186330 118
237.192332 118
237.196332 117
237.202318 117
237.206333 119
237.215328 118
237.218326 119
237.222334 118
237.226324 118
237.232330 118
237.236332 118
237.242329 120
237.246331 119
237.252328 118
237.256330 118
237.262331 119
237.266333 121
237.272332 118
237.276328 118
237.285328 119
237.288331 118
237.292331 119
237.296333 118
237.302319 117
237.306327 118
237.312333 118
237.316316 120
237.322330 118
237.326332 120
237.332331 119
237.336332 118
237.342331 120
237.346331 120
237.352330 121
237.356331 120
237.362334 119
237.366313 119
237.372334 119
237.376330 119
237.382326 119
237.386470 119
237.392334 118
237.396331 118
237.402330 117
237.406332 120
237.412331 119
237.416333 118
237.422330 119
237.426332 119
237.432333 118
237.436333 119
237.442326 118
237.446325 118
237.452330 118
237.456331 117
237.462330 117
237.469334 116
237.473331 117
237.483313 117
237.487333 118
237.488329 117
237.500334 117
237.503326 118
237.504342 117
237.506424 118
237.512427 119
237.516431 119
237.522428 119
237.526428 120
237.532432 119
237.536427 120
237.542427 121
237.546426 119
237.552426 117
237.556426 118
237.562427 119
237.566429 117
237.572427 119
237.576430 119
237.582430 117
237.586430 119
237.592431 118
237.596429 119
237.602425 118
237.606424 119
237.612429 119
237.616428 118
237.622429 117
237.626432 118
237.633429 116
237.637430 116
237.641425 118
237.647421 116
237.651418 116
237.657429 116
237.661427 117
237.667376 117
237.671426 116
237.677431 120
237.681429 119
237.687424 120
237.691431 117
237.697431 119
237.704437 115
237.706365 120
237.712430 119
237.716429 119
237.725432 118
237.728418 118
237.732423 118
237.736435 118
237.742428 119
237.746427 119
237.752260 120
237.756334 118
237.762335 119
237.766341 118
237.772435 119
237.776429 120
237.782429 119
237.786432 118
237.793430 116
237.797428 116
237.803423 118
237.810424 117
237.811422 117
237.816430 118
237.822430 118
237.826429 118
237.835426 119
237.838429 118
237.843429 119
237.850431 119
237.853429 119
237.857427 120
237.861432 119
237.867426 119
237.871420 119
237.877428 119
237.881429 118
237.887421 119
237.891431 120
237.897432 119
237.901359 118
237.910424 120
237.916429 119
237.918430 120
237.922432 122
237.929438 119
237.932429 118
237.939432 119
237.942431 120
237.949432 121
237.955432 120
237.958430 119
237.962429 120
237.969425 120
237.972433 120
237.976432 119
237.982432 119
237.986426 120
237.992432 120
237.996430 121
238.002424 120
238.006425 121
238.012416 122
238.016414 123
238.022424 122
238.026428 122
238.032432 122
238.036430 120
238.042431 121
238.046430 120
238.052430 120
238.056434 121
238.062430 121
238.066433 122
238.072433 121
238.076432 121
238.082432 122
238.086426 124
238.092433 123
238.096430 124
238.102426 123
238.106430 123
238.112435 125
238.116293 125
238.122387 124
238.126387 124
238.132385 124
238.136385 123
238.142386 122
238.146386 122
238.152392 122
238.156385 120
238.162385 121
238.166386 121
238.172385 120
238.176386 120
238.182386 122
238.186381 123
238.192397 123
238.196385 121
238.202913 121
238.206329 120
238.212309 122
238.216278 123
238.222309 125
238.226307 124
238.232307 122
238.236307 122
238.242308 123
238.246308 123
238.252296 123
238.256307 120
238.262307 124
238.266307 123
238.272308 125
238.276311 125
238.282307 125
238.289313 126
238.292308 126
238.298309 126
238.302317 123
238.308307 123
238.312308 123
238.317301 124
238.321309 122
238.327308 123
238.331307 122
238.337308 124
238.341308 125
238.347308 124
238.351312 124
238.357312 123
238.361302 125
238.367255 125
238.371260 126
238.377303 127
238.381303 126
238.387302 125
238.391307 125
238.397305 125
238.401304 123
238.407304 125
238.411305 124
238.417305 124
238.421305 123
238.427303 123
238.431302 124
238.437302 124
238.441302 124
238.447302 125
238.451301 124
238.457303 124
238.461302 125
238.467301 126
238.471303 126
238.477302 125
238.481302 126
238.487304 127
238.491308 126
238.497302 127
238.501302 125
238.507302 126
238.511302 126
238.517302 127
238.521301 127
238.527303 126
238.531302 128
238.537289 128
238.541269 129
238.547376 129
238.551294 129
238.557310 131
238.561308 131
238.567310 130
238.571305 130
238.578308 129
238.582307 129
238.586307 127
238.592313 126
238.596381 126
238.602328 128
238.606278 128
238.612343 128
238.616341 128
238.622432 128
238.626437 128
238.632429 131
238.636430 131
238.642436 128
238.646434 128
238.652435 128
238.656434 128
238.662434 128
238.666298 129
238.672277 127
238.676438 128
238.683434 127
238.687427 130
238.693438 129
238.697428 129
238.703402 131
238.707436 130
238.712436 131
238.716435 131
238.722429 130
238.726429 130
238.732296 130
238.736275 130
238.742393 130
238.746395 131
238.753395 130
238.763391 130
238.766379 130
238.768387 130
238.779388 132
238.781387 133
238.783378 133
238.787392 131
238.791385 132
238.797294 132
238.801277 132
238.807393 130
238.811440 132
238.817437 131
238.821301 132
238.827429 131
238.834440 131
238.836433 132
238.842437 132
238.846431 132
238.852431 132
238.856314 132
238.862311 132
238.866433 133
238.872434 131
238.876438 131
238.882429 132
238.886428 132
238.892437 131
238.896438 130
238.902437 130
238.906429 131
238.912437 131
238.916432 133
238.922271 132
238.926311 131
238.932437 132
238.936435 133
238.942435 133
238.946434 132
238.952372 133
238.956407 132
238.962437 134
238.966418 134
238.972444 134
238.976436 133
238.982436 135
238.986302 133
238.993283 134
238.997441 134
239.003428 131
239.007436 134
239.013431 134
239.017430 134
239.025420 133
239.028432 133
239.032437 134
239.036440 134
239.042440 132
239.046430 134
239.052344 133
239.056313 133
239.062439 134
239.066439 134
239.072438 136
239.076437 135
239.082437 134
239.086428 133
239.092439 133
239.096437 135
239.102442 134
239.106432 134
239.112342 134
239.116313 134
239.122435 134
239.126424 133
239.132439 133
239.136438 133
239.142440 134
239.146437 134
239.152440 134
239.156438 132
239.162437 134
239.166437 134
239.172423 134
239.176298 132
239.182279 133
239.186305 132
239.192313 132
239.196307 133
239.202315 132
239.206308 134
239.212308 131
239.216311 135
239.222309 135
239.226383 136
239.232393 136
239.236392 134
239.242329 136
239.246279 135
239.252442 137
239.256440 137
239.262436 135
239.266440 136
239.272427 133
239.279432 133
239.281439 133
239.286436 133
239.292440 133
239.296438 133
239.302438 133
239.306303 134
239.312280 132
239.316398 134
239.322399 131
239.327384 131
239.333391 134
239.337393 134
239.343385 134
239.347392 135
239.355364 135
239.358394 134
239.362390 136
239.366391 135
239.372267 135
239.376245 134
239.382314 134
239.386389 132
239.392402 133
239.396393 135
239.402392 135
239.406388 135
239.412395 136
239.416393 137
239.422327 136
239.426387 137
239.432393 134
239.436447 133
239.442438 134
239.446441 137
239.452433 135
239.456436 134
239.462436 133
239.466441 132
239.472407 131
239.476302 133
239.482441 132
239.486439 132
239.492441 133
239.496441 133
239.502437 135
239.506435 134
239.512441 137
239.516439 136
239.522450 136
239.526443 137
239.532440 136
239.536439 135
239.542439 134
239.546438 134
239.552311 133
239.556306 135
239.562393 134
239.566379 133
239.572387 133
239.576404 134
239.582391 136
239.586391 135
239.592444 136
239.596439 137
239.602439 135
239.606445 136
239.612439 136
239.616439 135
239.622439 134
239.626452 134
239.632443 133
239.636441 132
239.642438 132
239.646441 133
239.652441 132
239.656376 133
239.662441 132
239.666439 133
239.672439 132
239.676446 136
239.682441 135
239.686440 135
239.692445 135
239.696445 135
239.702440 135
239.706380 134
239.712443 135
239.716441 134
239.722442 134
239.726441 134
239.733447 134
239.737442 134
239.743441 134
239.747436 136
239.753444 134
239.757435 135
239.762442 135
239.766442 137
239.772442 137
239.776441 135
239.782442 134
239.786445 134
239.792444 134
239.796442 133
239.802442 134
239.806425 132
239.812440 133
239.816444 131
239.822440 133
239.826444 131
239.832440 133
239.836439 134
239.842437 134
239.846440 136
239.852441 134
239.856440 136
239.862441 135
239.866440 136
239.872439 136
239.876443 135
239.882439 135
239.886442 133
239.892442 134
239.896442 132
239.902443 133
239.906441 133
239.912443 132
239.916441 135
239.922445 133
239.926439 133
239.932439 131
239.936443 131
239.942439 132
239.946442 133
239.952443 133
239.956442 132
239.962440 132
239.966443 133
239.972443 131
239.976442 132
239.982442 131
239.986441 131
239.992447 131
239.996441 131
240.002436 132
240.006446 132
240.012440 132
240.016444 134
240.022444 134
240.026435 134
240.033425 134
240.043439 134
240.046442 133
240.048435 132
240.059438 132
240.061441 135
240.063434 131
240.067440 131
240.071444 130
240.077442 129
240.081441 131
240.087440 130
240.091461 129
240.097446 128
240.101450 130
240.107450 131
240.111443 131
240.117444 132
240.121444 131
240.127431 132
240.131357 132
240.137442 133
240.141440 131
240.147441 130
240.151441 129
240.157324 129
240.164316 130
240.167301 129
240.171303 128
240.177324 128
240.181316 130
240.187316 130
240.191322 130
240.197326 130
240.201317 130
240.210319 129
240.213318 129
240.217318 127
240.221318 128
240.227312 128
240.231311 127
240.237319 127
240.241322 127
240.247316 128
240.251319 127
240.257318 128
240.261317 126
240.267317 125
240.271317 126
240.277317 126
240.281319 126
240.287317 126
240.291337 128
240.297354 127
240.301348 127
240.307350 127
240.311346 127
240.317347 126
240.321346 125
240.327342 126
240.331348 125
240.337441 124
240.341454 124
240.347445 125
240.351444 125
240.357445 125
240.361443 124
240.367448 123
240.371447 122
240.377443 122
240.381446 123
240.387442 124
240.391419 124
240.397447 125
240.401445 124
240.407446 123
240.411437 124
240.417444 125
240.421443 124
240.427440 123
240.431449 121
240.437439 121
240.444446 121
240.447435 121
240.451437 120
240.457443 121
240.461446 122
240.467446 121
240.471446 122
240.477446 121
240.481450 122
240.487445 123
240.491444 122
240.498447 122
240.502445 120
240.508423 120
240.512443 120
240.518444 120
240.522447 120
240.527438 119
240.531445 118
240.537441 120
240.541444 119
240.547444 119
240.551447 120
240.557448 120
240.561447 121
240.567447 121
240.571445 121
240.577447 120
240.581445 121
240.587445 121
240.591445 119
240.597456 119
240.601450 119
240.607445 117
240.611439 117
240.617450 118
240.621448 118
240.627443 118
240.631438 118
240.637443 118
240.641447 117
240.647447 119
240.651446 117
240.657446 118
240.661446 118
240.667447 118
240.671450 118
240.677451 118
240.681445 118
240.687446 119
240.691448 117
240.697450 116
240.701448 117
240.707448 118
240.711444 117
240.717449 117
240.721440 117
240.727440 119
240.731446 118
240.737442 119
240.741446 119
240.747447 120
240.751445 119
240.757322 119
240.761710 119
240.767349 118
240.771347 119
240.777360 119
240.781360 118
240.790360 118
240.793349 118
240.797357 119
240.801356 119
240.808357 118
240.812355 119
240.818356 119
240.822357 119
240.828356 119
240.832357 119
240.837352 119
240.841358 119
240.847357 118
240.851357 118
240.857359 118
240.861361 117
240.867358 117
240.871358 117
240.877353 117
240.881357 118
240.887358 118
240.891356 118
240.897357 119
240.901350 118
240.907358 117
240.911353 118
240.917357 119
240.921357 119
240.927352 120
240.931359 118
240.937353 119
240.941355 118
240.947359 119
240.951356 119
240.957360 118
240.961361 118
240.967360 118
240.971360 117
240.977355 118
240.981366 118
240.987358 118
240.991353 118
240.997365 118
241.001441 118
241.007449 118
241.011439 119
241.017449 119
241.021448 120
241.027443 119
241.031446 120
241.037433 118
241.041316 118
241.047443 118
241.051446 117
241.057447 117
241.061439 117
241.067448 119
241.071451 118
241.077442 117
241.081449 117
241.087450 117
241.091449 118
241.097454 118
241.101449 118
241.107450 118
241.111442 118
241.117453 119
241.121452 118
241.127446 118
241.131439 118
241.137464 118
241.141445 118
241.147452 117
241.152447 117
241.158448 116
241.162439 116
241.168448 115
241.172456 114
241.177454 116
241.181448 117
241.187445 117
241.191438 117
241.197456 117
241.201450 117
241.207451 118
241.211445 119
241.217451 118
241.221449 118
241.227386 118
241.231448 118
241.237449 117
241.241444 117
241.247445 117
241.251448 118
241.257449 118
241.261444 120
241.267452 119
241.271447 118
241.277433 121
241.281452 120
241.287447 119
241.291451 119
241.297451 118
241.301450 115
241.307451 115
241.311445 116
241.325452 115
241.328443 116
241.329442 116
241.340441 117
241.343441 116
241.344382 115
241.349450 117
241.352444 118
241.356320 115
241.362384 115
241.366288 114
241.372284 114
241.376390 115
241.382407 115
241.386402 115
241.392402 116
241.396410 115
241.402405 116
241.406404 117
241.412403 116
241.416405 119
241.422405 116
241.426405 118
241.432404 120
241.436403 121
241.442401 121
241.446401 120
241.452410 118
241.456406 117
241.462400 118
241.466405 118
241.472406 117
241.476395 116
241.482402 116
241.486402 117
241.492402 117
241.496405 118
241.502403 117
241.506401 117
241.512399 117
241.516403 116
241.522406 115
241.526402 117
241.532412 118
241.536404 118
241.542398 119
241.546399 118
241.552403 120
241.556401 120
241.563399 119
241.567403 120
241.573405 119
241.577404 121
241.583403 120
241.586404 119
241.592404 120
241.596406 119
241.602404 122
241.606402 120
241.612401 121
241.616403 121
241.622404 120
241.626402 120
241.632403 120
241.636404 120
241.642403 119
241.646396 120
241.652403 119
241.656403 120
241.662398 118
241.666403 119
241.672405 120
241.676403 121
241.682404 120
241.686403 120
241.692403 119
241.696409 120
241.702404 121
241.706412 120
241.712403 121
241.716408 121
241.722406 122
241.726407 121
241.732408 121
241.736407 122
241.742909 122
241.746400 121
241.752408 122
241.756407 122
241.762411 121
241.766396 122
241.772404 121
241.776406 121
241.782405 121
241.786458 121
241.792451 121
241.796460 121
241.802455 122
241.806454 121
241.812392 123
241.816454 122
241.822453 122
241.826452 121
241.832448 120
241.836453 121
241.842467 121
241.846444 121
241.852452 118
241.856447 120
241.862395 118
241.866450 120
241.872455 122
241.876454 123
241.882453 123
241.886451 124
241.892452 123
241.896460 123
241.905453 124
241.908448 123
241.912461 123
241.916454 123
241.922454 123
241.926453 122
241.932453 122
241.936452 123
241.942454 122
241.946444 122
241.952452 123
241.956451 121
241.962332 121
241.966361 120
241.972350 122
241.976454 121
241.982462 121
241.986454 122
241.992453 121
241.996464 122
242.003450 123
242.007450 124
242.013455 123
242.017454 121
242.023454 121
242.026453 122
242.032453 122
242.036457 122
242.042457 123
242.046375 122
242.052451 123
242.056454 123
242.062455 124
242.066453 123
242.072454 126
242.076453 125
242.082453 125
242.086452 124
242.092452 124
242.096379 124
242.102457 124
242.106455 122
242.112456 123
242.116454 122
242.122459 122
242.126448 121
242.132452 121
242.136456 122
242.142457 122
242.146460 122
242.152455 123
242.156455 123
242.162455 124
242.166454 126
242.172455 126
242.176453 128
242.182448 125
242.186457 123
242.192453 123
242.196434 123
242.202456 124
242.206456 124
242.212457 125
242.216460 126
242.222456 126
242.226451 124
242.232460 126
242.236457 127
242.242455 126
242.246322 125
242.252420 126
242.256411 126
242.262409 127
242.266407 128
242.272409 125
242.276409 122
242.282403 123
242.286406 125
242.292408 129
242.296360 131
242.302411 131
242.306409 123
242.312411 121
242.316410 128
242.322410 132
242.326412 128
242.332407 127
242.336410 124
242.342453 125
242.346342 126
242.352459 130
242.356454 129
242.362455 128
242.366458 127
242.372458 129
242.376457 126
242.382452 129
242.386456 131
242.393457 128
242.397396 128
242.403457 128
242.407456 128
242.413457 130
242.416451 129
242.422459 129
242.426458 129
242.432453 128
242.436457 129
242.442457 128
242.446456 129
242.452456 128
242.456451 131
242.462456 131
242.466452 133
242.472455 129
242.476460 132
242.482449 131
242.486458 133
242.492459 134
242.496456 132
242.502463 131
242.506457 132
242.512457 129
242.516458 133
242.522458 131
242.526458 132
242.532463 132
242.536456 131
242.542456 131
242.546455 131
242.552451 133
242.556459 133
242.562341 133
242.566682 133
242.572439 133
242.576444 132
242.582458 134
242.586457 134
242.593458 133
242.603464 132
242.606453 132
242.608458 132
242.619459 132
242.621459 132
242.623448 131
242.628455 131
242.632460 132
242.636457 131
242.642459 131
242.646458 133
242.652453 131
242.656457 133
242.662457 134
242.666449 133
242.672458 133
242.676461 134
242.682451 135
242.686460 134
242.692460 132
242.696331 133
242.702460 134
242.706458 132
242.712459 132
242.716459 131
242.722459 133
242.726458 133
242.732454 134
242.736458 134
242.742458 133
242.746427 134
242.752460 134
242.756458 134
242.762459 133
242.766452 132
242.772464 133
242.776462 133
242.782452 134
242.786456 135
242.792460 133
242.796440 134
242.802465 133
242.806459 133
242.812459 131
242.816459 132
242.822460 132
242.826459 133
242.832455 134
242.836458 135
242.842458 135
242.846457 135
242.852453 135
242.856457 135
242.862458 135
242.866454 134
242.872459 132
242.876459 132
242.882453 131
242.886457 131
242.892458 131
242.896456 129
242.902462 130
242.906461 129
242.912454 132
242.916455 133
242.922461 130
242.926459 131
242.932464 133
242.936458 135
242.942458 135
242.946458 134
242.952457 134
242.956461 132
242.962457 133
242.966456 132
242.972461 131
242.976460 131
242.982468 132
242.986461 132
242.995459 131
242.998456 133
243.002453 134
243.006460 135
243.012455 134
243.016460 134
243.022460 135
243.026453 135
243.032395 135
243.036462 134
243.042462 134
243.046461 133
243.052445 135
243.056443 134
243.062445 134
243.069455 133
243.071453 133
243.078459 134
243.082452 134
243.088459 136
243.092457 136
243.098458 135
243.102462 134
243.107460 135
243.111460 135
243.117461 134
243.121463 134
243.127456 134
243.131455 133
243.137459 134
243.141463 134
243.147458 133
243.151454 133
243.157462 134
243.161285 134
243.167302 134
243.171320 134
243.177406 131
243.181412 131
243.187422 132
243.191413 133
243.197463 132
243.201414 133
243.207408 133
243.211413 133
243.217408 134
243.221410 135
243.227412 135
243.231411 134
243.237413 135
243.241412 135
243.247412 135
243.251407 137
243.257413 137
243.261347 137
243.267409 136
243.271413 138
243.277415 137
243.281412 137
243.287412 136
243.291413 135
243.297412 135
243.301418 134
243.307467 133
243.311463 132
243.317459 133
243.324461 132
243.326455 133
243.332463 133
243.336462 132
243.342463 131
243.346461 131
243.352456 132
243.356466 131
243.362457 131
243.366462 131
243.373461 130
243.377460 131
243.383403 129
243.387464 131
243.393459 132
243.396455 132
243.402463 132
243.406464 131
243.412464 133
243.416491 135
243.422464 135
243.426462 134
243.432463 134
243.436466 135
243.442462 137
243.446466 136
243.452461 136
243.456465 135
243.462326 135
243.466457 135
243.472464 135
243.476462 135
243.482463 135
243.486463 136
243.492457 135
243.496461 136
243.502462 135
243.506465 136
243.512461 138
243.516462 137
243.522464 137
243.526465 134
243.532464 133
243.536468 132
243.542464 131
243.546466 132
243.552460 130
243.556465 131
243.562427 130
243.566456 131
243.572463 131
243.576462 132
243.582462 132
243.586461 132
243.592462 132
243.596464 134
243.602464 135
243.606464 134
243.612465 134
243.616471 133
243.625463 133
243.628456 133
243.632463 134
243.636462 133
243.642462 133
243.646465 132
243.652461 133
243.656464 131
243.662461 132
243.666458 133
243.672464 135
243.676462 135
243.682464 135
243.686458 135
243.692463 135
243.696461 136
243.702466 136
243.706465 137
243.712466 135
243.716465 134
243.722464 133
243.726463 132
243.732464 130
243.736463 130
243.742463 130
243.746462 132
243.752462 132
243.756465 131
243.762356 128
243.766349 129
243.772456 130
243.776448 132
243.782449 131
243.786468 131
243.792463 130
243.797505 131
243.803470 129
243.807467 131
243.813462 128
243.817465 128
243.823467 127
243.826464 128
243.832465 128
243.836464 129
243.842463 128
243.846464 130
243.852462 129
243.856467 133
243.862467 131
243.866457 129
243.873466 129
243.883465 130
243.886459 131
243.888465 129
243.899464 127
243.901400 126
243.903455 127
243.907466 129
243.911466 128
243.917467 127
243.923464 126
243.927464 127
243.931463 127
243.937463 128
243.941466 126
243.947467 128
243.951475 126
243.957466 126
243.961465 127
243.967460 126
243.971456 127
243.977464 127
243.981463 127
243.987459 127
243.991468 126
243.997463 124
244.001439 123
244.007467 123
244.011457 123
244.017467 124
244.021466 124
244.027466 125
244.031465 123
244.037469 123
244.041468 123
244.047469 123
244.051467 123
244.057468 121
244.061467 120
244.067448 120
244.072196 120
244.077466 121
244.081465 122
244.087461 121
244.091463 123
244.097464 126
244.101469 125
244.107469 125
244.113469 125
244.118444 126
244.122468 125
244.128462 124
244.132466 123
244.138467 122
244.142471 123
244.147465 121
244.151468 123
244.157467 123
244.161466 122
244.167418 120
244.171459 121
244.177467 120
244.181466 120
244.187461 121
244.191465 121
244.197465 122
244.201474 120
244.207465 121
244.211468 120
244.217468 120
244.221469 120
244.227467 119
244.231464 119
244.237467 119
244.241466 120
244.247467 120
244.251465 120
244.257466 120
244.261461 122
244.267477 123
244.271459 123
244.277473 121
244.281466 121
244.287461 121
244.291465 121
244.297465 120
244.301466 120
244.307465 120
244.311468 121
244.317470 118
244.321468 119
244.327468 120
244.331467 119
244.337463 118
244.341466 117
244.347472 118
244.351471 118
244.357460 117
244.361468 117
244.367546 116
244.371419 119
244.377412 119
244.381414 121
244.387424 120
244.391419 120
244.397420 121
244.401414 120
244.407420 120
244.411419 120
244.417421 121
244.421422 120
244.427419 118
244.431419 121
244.437415 120
244.441419 122
244.447420 119
244.454416 119
244.456413 117
244.462418 118
244.466419 119
244.472468 118
244.476470 118
244.482470 116
244.486377 117
244.492469 115
244.496469 115
244.502468 114
244.506470 114
244.512466 117
244.516466 117
244.522470 118
244.526465 116
244.532469 119
244.536479 120
244.542469 119
244.546467 119
244.552468 119
244.556468 119
244.562469 118
244.567468 117
244.573463 116
244.577468 116
244.583468 117
244.587462 116
244.592471 117
244.598467 116
244.601467 118
244.606470 115
244.612470 114
244.616469 119
244.622465 116
244.626469 117
244.632469 117
244.636473 115
244.642464 114
244.646464 114
244.652469 116
244.656472 115
244.662473 115
244.666471 117
244.672467 116
244.676471 116
244.682471 118
244.686470 116
244.695478 115
244.698471 117
244.702466 119
244.706470 116
244.712469 118
244.716468 117
244.722463 116
244.726465 116
244.732466 116
244.736465 117
244.742465 114
244.746470 113
244.752469 115
244.756468 114
244.762470 116
244.766472 114
244.772464 111
244.776472 114
244.782468 113
244.786472 115
244.792475 115
244.796474 116
244.802469 117
244.806474 116
244.812473 115
244.816472 117
244.822466 114
244.826470 114
244.832470 114
244.836469 115
244.843470 116
244.847470 117
244.853470 115
244.857472 113
244.862471 111
244.866462 113
244.872381 113
244.876469 115
244.882470 115
244.886473 115
244.892476 113
244.896474 115
244.902469 115
244.906465 115
244.915471 114
244.918474 115
244.922467 113
244.926471 112
244.932466 112
244.936471 114
244.942470 114
244.946469 114
244.952469 116
244.956468 115
244.962470 115
244.966608 115
244.972487 116
244.976466 114
244.982467 116
244.986471 116
244.992485 116
244.996471 115
245.002467 117
245.006470 117
245.012466 118
245.016469 119
245.022465 118
245.026465 117
245.032475 117
245.036474 120
245.042474 117
245.046473 116
245.052473 115
245.056473 116
245.066471 114
245.068465 115
245.072472 114
245.078467 112
245.082470 114
245.088481 112
245.092475 114
245.098476 114
245.102469 115
245.108475 115
245.112473 116
245.118473 116
245.122468 115
245.126468 116
245.132473 116
245.136472 117
245.142473 118
245.146472 118
245.153473 117
245.162472 118
245.166475 120
245.168468 120
245.180473 117
245.183467 116
245.184471 118
245.186465 117
245.192474 118
245.196472 120
245.202416 119
245.206469 117
245.212474 119
245.216469 120
245.222468 118
245.226472 119
245.232474 120
245.236472 118
245.242473 116
245.246477 116
245.252473 116
245.256475 116
245.262475 116
245.266474 117
245.276468 115
245.278463 118
245.282475 116
245.288485 115
245.292473 117
245.298474 118
245.302477 118
245.308474 118
245.312477 119
245.321476 116
245.324471 115
245.326467 117
245.332475 118
245.336475 118
245.342476 119
245.346474 117
245.352475 118
245.356474 120
245.362474 120
245.366473 120
245.372479 119
245.376339 119
245.382427 118
245.386427 118
245.392425 121
245.396428 120
245.402431 120
245.406429 121
245.412430 121
245.416428 120
245.422362 122
245.426428 120
245.432428 121
245.436429 120
245.442429 120
245.446428 121
245.452428 120
245.456429 121
245.462428 120
245.466418 120
245.472365 123
245.476363 122
245.482424 123
245.486430 124
245.492432 123
245.496428 125
245.502429 124
245.506426 123
245.512427 122
245.516426 123
245.522424 124
245.526426 124
245.532431 124
245.536426 124
245.542478 124
245.546474 121
245.552475 124
245.556469 124
245.562474 125
245.566345 125
245.572454 125
245.576426 126
245.583419 125
245.587424 124
245.593440 124
245.597481 125
245.603417 125
245.607469 125
245.612479 124
245.616477 126
245.622473 126
245.629469 127
245.631468 126
245.637477 126
245.641476 127
245.647475 127
245.651475 126
245.657470 125
245.661475 126
245.667474 127
245.671478 127
245.677456 128
245.681468 129
245.687482 129
245.691470 128
245.697476 129
245.701479 129
245.707475 129
245.711478 127
245.717478 128
245.721478 128
245.727476 127
245.731475 128
245.737476 126
245.741475 127
245.747475 127
245.751478 127
245.757474 128
245.761476 127
245.767473 128
245.771490 127
245.777477 127
245.781468 128
245.787476 128
245.791475 129
245.797471 129
245.803486 128
245.807471 128
245.811479 129
245.817475 129
245.821474 130
245.827479 129
245.831478 128
245.837478 128
245.841468 129
245.847472 129
245.851476 129
245.857472 129
245.861475 128
245.867480 130
245.871480 129
245.877475 130
245.881470 130
245.887478 129
245.891473 129
245.897478 128
245.901477 128
245.907470 128
245.911481 128
245.917476 128
245.921480 127
245.927476 127
245.931480 128
245.937480 130
245.941471 129
245.947475 129
245.951479 130
245.957482 131
245.961479 132
245.967480 131
245.971478 131
245.977478 132
245.981470 132
245.987473 131
245.991472 131
245.997477 128
246.001473 127
246.007425 126
246.011471 129
246.017481 136
246.021480 135
246.027472 132
246.031479 129
246.037479 130
246.041470 130
246.048479 132
246.052478 135
246.058473 134
246.062477 131
246.068479 130
246.072483 132
246.077479 133
246.081460 132
246.087477 132
246.091476 130
246.097481 129
246.101478 130
246.107481 131
246.111478 129
246.117478 131
246.121478 132
246.127465 131
246.131475 130
246.137482 129
246.141474 131
246.147481 131
246.151479 130
246.157455 131
246.161478 132
246.167479 133
246.171478 134
246.177479 133
246.181386 131
246.187429 133
246.191437 132
246.197432 134
246.201430 134
246.207432 134
246.211429 135
246.217430 135
246.221431 134
246.227423 133
246.231430 135
246.237431 133
246.241428 134
246.247429 133
246.251430 133
246.257432 134
246.261430 133
246.267429 134
246.271425 130
246.277432 133
246.281432 133
246.287425 132
246.291352 132
246.297433 132
246.301432 134
246.307432 135
246.311426 135
246.317434 136
246.321433 135
246.327426 134
246.331486 134
246.337479 135
246.341488 135
246.347479 134
246.351478 135
246.357482 135
246.361483 134
246.367478 135
246.374474 134
246.376481 134
246.382481 135
246.386473 134
246.393426 133
246.397481 131
246.403472 133
246.407472 134
246.413481 133
246.417479 133
246.421478 134
246.427473 133
246.434479 132
246.444478 132
246.446472 134
246.448482 134
246.459477 136
246.461479 134
246.463473 134
246.467480 136
246.471479 135
246.477479 135
246.481478 136
246.487470 135
246.491476 135
246.497483 135
246.501481 135
246.507477 134
246.511472 135
246.517481 134
246.521479 134
246.527475 134
246.531479 136
246.537480 137
246.541483 135
246.547482 135
246.551480 135
246.557480 135
246.561479 135
246.567480 136
246.571479 137
246.577480 136
246.581479 135
246.587475 135
246.591477 137
246.597480 137
246.601480 137
246.607483 135
246.611479 135
246.617484 135
246.621483 135
246.627479 134
246.631474 137
246.647483 135
246.649483 136
246.650472 136
246.652474 136
246.658478 136
246.662472 134
246.668480 135
246.672479 134
246.678480 134
246.682482 134
246.688478 135
246.692493 135
246.696481 136
246.705480 137
246.708988 137
246.713482 136
246.717480 136
246.721480 137
246.727479 136
246.731483 134
246.737484 134
246.741482 135
246.747473 135
246.751480 135
246.757482 137
246.761481 136
246.767482 134
246.771480 137
246.777478 137
246.781482 137
246.787476 136
246.791472 136
246.797482 136
246.801481 135
246.807476 135
246.811475 136
246.817481 133
246.821479 134
246.827476 135
246.831484 133
246.837351 133
246.841444 135
246.847492 134
246.854485 134
246.858485 135
246.862484 135
246.866482 137
246.873483 135
246.877474 135
246.881481 135
246.887397 135
246.891477 136
246.897481 134
246.901484 133
246.907479 133
246.911479 134
246.917484 135
246.921447 136
246.927384 136
246.931417 136
246.937355 135
246.941350 136
246.947437 136
246.951433 136
246.957440 135
246.961440 132
246.967438 133
246.971436 134
246.977433 134
246.982436 133
246.988374 134
246.992439 133
246.998436 132
247.002429 132
247.007436 134
247.011432 134
247.027434 133
247.030438 134
247.031427 135
247.033438 134
247.037437 136
247.043414 132
247.047437 133
247.053437 132
247.057438 135
247.068438 132
247.069429 131
247.073438 133
247.082438 133
247.085438 135
247.087429 136
247.093820 134
247.097433 136
247.106490 134
247.109484 134
247.111478 134
247.117487 134
247.121486 136
247.127483 134
247.131474 133
247.137487 134
247.141485 134
247.147482 134
247.153483 132
247.157485 132
247.161477 131
247.167486 133
247.171484 133
247.177490 133
247.181484 133
247.187484 133
247.196483 133
247.199477 133
247.201483 134
247.207483 134
247.219484 132
247.220477 131
247.222479 130
247.228482 132
247.232482 130
247.238481 131
247.242485 130
247.248485 130
247.252483 131
247.262482 132
247.265486 131
247.270485 130
247.272479 132
247.287482 130
247.290346 132
247.291433 132
247.293432 133
247.297438 131
247.304439 131
247.306427 132
247.312440 132
247.316437 132
247.322438 131
247.326437 132
247.332438 131
247.336438 131
247.342441 132
247.346432 131
247.352440 130
247.356441 131
247.362434 129
247.366439 129
247.372439 128
247.381439 130
247.384434 130
247.386429 131
247.392434 130
247.396440 131
247.405487 131
247.408481 131
247.412486 131
247.416485 130
247.425480 129
247.428478 127
247.433486 129
247.437484 129
247.445481 128
247.448489 129
247.453484 128
247.457487 128
247.472487 128
247.475482 131
247.476486 130
247.478479 129
247.482485 130
247.486489 129
247.492483 129
247.506487 130
247.513489 129
247.514476 129
247.515477 127
247.517487 128
247.523482 128
247.530482 128
247.532489 127
247.538488 128
247.542487 128
247.548483 128
247.552486 128
247.558487 127
247.561495 127
247.573486 127
247.574479 127
247.585487 128
247.588481 128
247.589477 127
247.596484 127
247.599478 126
247.601488 127
247.607489 128
247.616488 126
247.619477 126
247.621487 126
247.627487 127
247.631477 125
247.643486 124
247.644479 125
247.648485 126
247.652489 126
247.658495 124
247.662483 126
247.675490 125
247.678498 125
247.679481 124
247.681485 124
247.687487 124
247.691490 124
247.697485 123
247.706489 124
247.709479 123
247.711480 123
247.725487 122
247.728458 123
247.729482 125
247.745424 124
247.746482 125
247.748480 124
247.752487 124
247.758488 126
247.762494 125
247.768489 125
247.772488 124
247.778488 123
247.782487 123
247.786486 124
247.792486 125
247.796485 124
247.802491 125
247.806616 123
247.813484 124
247.818489 124
247.822489 124
247.828489 122
247.832488 121
247.836490 122
247.842486 122
247.848487 122
247.851482 121
247.856489 119
247.862418 120
247.866489 120
247.875492 120
247.878489 120
247.882490 119
247.886488 120
247.892484 119
247.896488 120
247.902493 121
247.906492 121
247.912498 121
247.918487 120
247.921490 120
247.926490 121
247.932482 120
247.936500 121
247.942491 120
247.946483 121
247.952489 120
247.956488 121
247.962466 121
247.966492 121
247.972488 121
247.976491 121
247.982491 122
247.987491 122
247.993491 121
247.998482 121
248.003484 121
248.007484 122
248.013486 122
248.016493 120
248.022491 119
248.026492 119
248.032487 120
248.036490 120
248.042496 120
248.046437 119
248.052491 118
248.056489 119
248.062489 118
248.066488 119
248.072489 119
248.076487 119
248.082489 120
248.086491 119
248.092488 120
248.099474 118
248.101476 119
248.107475 119
248.111475 118
248.117485 117
248.121489 117
248.127484 117
248.131479 117
248.137493 118
248.141491 117
248.147486 117
248.151490 119
248.157491 118
248.164488 120
248.166481 120
248.172489 119
248.176489 119
248.182484 118
248.186488 118
248.192489 119
248.196466 117
248.202491 118
248.206492 117
248.212365 116
248.216453 117
248.222498 117
248.226491 118
248.232486 117
248.236490 118
248.242490 116
248.246490 118
248.252490 118
248.256494 117
248.262494 118
248.268490 117
248.272492 116
248.276491 117
248.282387 116
248.286492 117
248.293493 116
248.297486 116
248.301490 116
248.307495 114
248.311489 116
248.317489 116
248.321494 117
248.327489 118
248.331487 118
248.337492 117
248.344494 116
248.346483 118
248.352493 118
248.356492 118
248.362493 117
248.366491 116
248.372492 117
248.376490 116
248.382486 118
248.386486 117
248.392495 117
248.396493 116
248.402492 117
248.406489 119
248.412471 119
248.416489 119
248.422494 118
248.426494 118
248.432489 118
248.436492 118
248.442493 118
248.446492 116
248.452493 117
248.459489 117
248.464494 116
248.470490 117
248.473492 116
248.479488 116
248.483484 116
248.489492 118
248.493491 117
248.508489 116
248.511485 116
248.513366 116
248.514359 116
248.518436 115
248.522494 116
248.528479 115
248.532486 115
248.538486 116
248.542486 116
248.548492 116
248.552496 116
248.558496 116
248.562494 117
248.568490 117
248.572493 118
248.578494 118
248.582487 119
248.586490 119
248.592492 120
248.596495 120
248.602490 119
248.606494 120
248.612496 118
248.616491 116
248.622497 118
248.626495 118
248.632497 117
248.636495 117
248.642496 117
248.646493 117
248.652493 116
248.656492 118
248.662493 116
248.666483 115
248.672487 116
248.676490 118
248.682491 118
248.686494 119
248.692495 120
248.699486 118
248.701492 118
248.707493 118
248.711487 119
248.717492 119
248.721495 119
248.727491 118
248.731501 118
248.737497 118
248.741495 120
248.747496 119
248.751487 119
248.757496 120
248.761495 121
248.767489 121
248.771493 121
248.777494 120
248.781508 120
248.787493 120
248.791491 120
248.797494 119
248.806495 118
248.809493 118
248.811483 117
248.817491 116
248.821490 118
248.827496 118
248.831521 118
248.837495 118
248.841494 118
248.847494 118
248.851486 119
248.857494 119
248.861493 120
248.867489 118
248.871498 119
248.877493 119
248.881496 121
248.887497 120
248.891495 120
248.898507 120
248.903496 120
248.907495 121
248.913496 121
248.917430 120
248.923490 120
248.926493 121
248.932499 120
248.936496 121
248.942493 121
248.946497 121
248.952497 121
248.956495 122
248.962486 123
248.966487 122
248.972496 121
248.976495 121
248.982499 120
248.986493 121
248.993499 121
249.002491 120
249.006496 120
249.008613 120
249.019498 120
249.021495 121
249.023490 121
249.030494 121
249.033488 121
249.037500 121
249.041499 121
249.047494 121
249.051493 122
249.057494 121
249.064495 121
249.066489 120
249.072497 121
249.076496 121
249.082477 121
249.086496 121
249.092496 122
249.096496 122
249.102494 121
249.106499 121
249.112495 121
249.119481 121
249.121475 121
249.127483 122
249.131491 122
249.137496 122
249.141495 123
249.147495 122
249.151490 124
249.157495 124
249.161494 123
249.167491 123
249.171494 122
249.177495 123
249.181498 124
249.187494 124
249.191498 123
249.197498 123
249.201496 124
249.207497 124
249.211496 124
249.217492 123
249.223491 123
249.230483 123
249.233478 124
249.239478 122
249.243491 121
249.249502 123
249.253493 121
249.258500 120
249.262498 121
249.268494 120
249.272498 121
249.278489 122
249.282489 121
249.291498 121
249.294496 122
249.299522 124
249.301497 125
249.307497 124
249.311497 122
249.318493 123
249.322491 123
249.326495 124
249.332496 122
249.336483 122
249.342492 122
249.348498 123
249.352497 124
249.356495 123
249.362495 123
249.366504 123
249.372499 125
249.376498 124
249.382499 124
249.386498 124
249.392489 122
249.396497 124
249.402496 124
249.406499 125
249.412455 124
249.419497 124
249.421493 123
249.427494 123
249.431498 123
249.438499 124
249.442498 126
249.446493 124
249.452493 125
249.456496 123
249.462496 124
249.466496 125
249.472496 124
249.476499 123
249.482495 126
249.486498 125
249.492495 126
249.496498 123
249.502493 123
249.506496 123
249.512452 124
249.516497 124
249.522490 125
249.526493 124
249.532504 123
249.536494 124
249.545503 124
249.548492 126
249.552498 125
249.556492 125
249.562493 125
249.566496 125
249.572498 125
249.576497 125
249.582498 125
249.586501 125
249.592497 126
249.596495 126
249.602491 124
249.606499 125
249.612500 125
249.618186 126
249.623407 124
249.627392 126
249.633494 127
249.637494 127
249.642500 126
249.646498 125
249.652498 127
249.656498 127
249.662498 127
249.666497 125
249.672496 126
249.676500 126
249.682501 125
249.686492 126
249.692496 126
249.696499 127
249.702494 128
249.706499 129
249.712499 129
249.716499 129
249.722895 129
249.726494 129
249.732503 129
249.736496 128
249.742497 130
249.746500 127
249.752497 128
249.756500 128
249.762501 129
249.766499 128
249.772501 128
249.776499 129
249.782498 129
249.786490 130
249.792499 128
249.796497 129
249.802493 129
249.806497 129
249.812497 128
249.816482 129
249.822370 129
249.826336 128
249.832341 128
249.836330 127
249.842361 127
249.846352 127
249.852480 128
249.856482 128
249.862484 129
249.866482 130
249.872497 131
249.876502 131
249.882502 131
249.886492 132
249.892504 131
249.896502 131
249.902499 131
249.906507 132
249.912507 133
249.916508 131
249.922502 131
249.926492 131
249.932501 133
249.936500 133
249.942494 132
249.946494 133
249.952501 132
249.956502 133
249.962499 131
249.966502 133
249.972503 131
249.976501 131
249.982502 131
249.986495 131
249.992501 130
249.996504 132
250.002495 131
250.006499 131
250.012499 130
250.016504 132
250.022503 133
250.026494 132
250.032503 132
250.036504 132
250.042505 134
250.046504 134
250.052499 133
250.056503 131
250.063500 133
250.067504 132
250.073504 134
250.077502 131
250.083502 131
250.086499 133
250.092502 131
250.096504 134
250.102495 133
250.106500 134
250.112496 132
250.118477 132
250.121385 133
250.126334 131
250.132359 131
250.136396 131
250.142394 132
250.146407 132
250.152417 132
250.156410 134
250.162411 134
250.166412 133
250.172410 133
250.176414 131
250.182412 134
250.186411 134
250.192412 133
250.196406 132
250.202413 134
250.206411 134
250.212336 134
250.216424 134
250.222411 134
250.226328 133
250.232384 134
250.236415 133
250.242412 134
250.246411 133
250.252394 134
250.256411 135
250.262413 132
250.266412 134
250.281414 134
250.286409 134
250.288409 135
250.289405 135
250.299413 132
250.301412 136
250.303402 134
250.307412 134
250.311413 136
250.317415 134
250.321413 135
250.327330 133
250.331375 135
250.337377 133
250.341380 135
250.347378 136
250.351378 134
250.357378 134
250.361379 134
250.367380 135
250.371376 135
250.377379 134
250.381377 133
250.387374 132
250.391381 133
250.397381 133
250.403374 134
250.407373 134
250.411380 132
250.417384 135
250.421380 135
250.427372 135
250.431375 135
250.437378 134
250.441381 135
250.447381 135
250.451381 136
250.457384 137
250.461380 135
250.467381 137
250.471375 137
250.477380 135
250.481381 136
250.487412 135
250.491414 136
250.497413 135
250.501412 137
250.507412 134
250.511412 134
250.517415 134
250.521413 134
250.527412 134
250.531405 134
250.537409 133
250.541412 131
250.547412 132
250.551414 134
250.557414 133
250.561412 133
250.567413 135
250.571408 133
250.577412 136
250.581413 136
250.587407 135
250.591413 134
250.597414 135
250.601414 136
250.607412 136
250.611367 136
250.617418 136
250.621408 134
250.627416 136
250.631500 136
250.637504 136
250.641506 135
250.647503 135
250.651506 135
250.657508 134
250.661505 136
250.667506 136
250.671499 133
250.677505 132
250.681509 133
250.687499 133
250.692498 134
250.696506 133
250.702506 133
250.706506 131
250.712507 132
250.716506 134
250.722502 134
250.726505 134
250.732500 135
250.736503 134
250.742505 136
250.746471 135
250.752509 136
250.756507 134
250.762508 134
250.766507 135
250.772502 135
250.776507 135
250.782503 135
250.786506 136
250.792507 136
250.796506 136
250.802506 136
250.806498 134
250.812506 136
250.816505 136
250.822499 133
250.826504 134
250.832504 134
250.836507 134
250.842510 134
250.846507 136
250.852507 136
250.856505 135
250.862504 133
250.866509 135
250.873505 132
250.877508 133
250.883509 135
250.887498 134
250.893504 135
250.896499 135
250.902508 134
250.906498 133
250.912517 133
250.916502 132
250.922502 133
250.926506 133
250.932501 134
250.936510 135
250.942510 134
250.946509 133
250.952509 136
250.956508 136
250.962508 137
250.966507 136
250.972505 135
250.976499 135
250.982504 135
250.986507 136
250.992508 137
250.996506 135
251.002502 135
251.006502 137
251.012507 136
251.016501 137
251.022504 135
251.026503 135
251.032377 135
251.036469 136
251.042514 134
251.046510 136
251.052511 134
251.056510 133
251.062506 135
251.066509 133
251.072505 136
251.076509 133
251.082509 132
251.086508 133
251.092508 131
251.096510 132
251.102507 133
251.106501 133
251.112509 133
251.116382 133
251.122504 135
251.126504 135
251.132438 135
251.136870 135
251.142503 135
251.146506 133
251.152507 135
251.156506 134
251.162507 132
251.166509 133
251.172507 132
251.176510 134
251.182512 132
251.186507 132
251.192510 131
251.196509 132
251.202508 132
251.206505 132
251.213511 132
251.217502 133
251.223505 132
251.227509 132
251.233887 131
251.236503 132
251.242512 132
251.246510 131
251.252511 131
251.256512 131
251.262512 131
251.266507 129
251.272507 129
251.276509 129
251.282510 129
251.286509 130
251.292509 130
251.296508 130
251.302508 130
251.306503 131
251.312508 130
251.316506 130
251.322505 129
251.326508 131
251.332509 129
251.336506 128
251.342509 130
251.346507 127
251.352507 127
251.356510 127
251.362511 127
251.366511 130
251.372514 128
251.376507 126
251.382509 125
251.386512 127
251.392506 126
251.396510 128
251.402507 129
251.406505 129
251.412644 128
251.416509 127
251.422447 129
251.426509 130
251.432509 129
251.436507 130
251.442514 127
251.446511 128
251.452512 129
251.456511 129
251.462511 126
251.466510 127
251.472444 126
251.476510 127
251.482510 128
251.486513 128
251.492507 128
251.496511 126
251.502511 129
251.506505 128
251.512510 127
251.516509 127
251.522521 127
251.526513 126
251.532509 125
251.536442 125
251.542514 125
251.546512 124
251.553504 124
251.562512 124
251.566512 124
251.568505 123
251.579508 124
251.581510 125
251.582503 127
251.587510 128
251.591503 127
251.597510 127
251.601513 126
251.607506 125
251.611511 125
251.617557 124
251.621514 125
251.627509 124
251.634511 124
251.636484 124
251.642509 124
251.646512 125
251.652512 124
251.656448 124
251.665509 124
251.667503 124
251.673507 124
251.679509 124
251.683513 124
251.687512 124
251.692511 123
251.696509 123
251.702511 124
251.706443 124
251.712509 123
251.716513 122
251.722514 121
251.728515 121
251.731504 121
251.736523 121
251.742507 121
251.746511 122
251.752517 122
251.756520 120
251.762516 122
251.766515 123
251.772511 124
251.776513 124
251.782514 123
251.786513 123
251.792509 121
251.796518 120
251.802513 120
251.806495 122
251.812512 122
251.819508 121
251.821510 120
251.827511 120
251.832511 121
251.836514 122
251.845509 122
251.847504 123
251.852512 123
251.856510 123
251.862511 124
251.866515 123
251.872514 125
251.876514 122
251.882513 120
251.886513 121
251.892508 119
251.896512 118
251.902513 118
251.906511 116
251.912512 118
251.916511 119
251.922513 119
251.926515 119
251.932515 119
251.936513 120
251.942509 120
251.946513 120
251.952513 121
251.956512 120
251.962511 119
251.966514 118
251.972511 118
251.976514 119
251.982514 119
251.986503 118
251.992514 119
251.996512 119
252.002509 119
252.006517 119
252.012507 120
252.017512 119
252.021516 119
252.027511 120
252.031514 122
252.037515 121
252.041506 120
252.048515 120
252.052514 121
252.058517 118
252.062516 117
252.068516 117
252.072515 114
252.077512 116
252.081516 117
252.087517 118
252.091514 117
252.097515 118
252.101514 119
252.107514 119
252.111514 117
252.117514 119
252.121519 117
252.127508 116
252.131497 119
252.137515 117
252.141492 118
252.147511 117
252.151513 119
252.157512 118
252.161517 118
252.167518 118
252.171512 117
252.177517 116
252.181516 117
252.187516 120
252.191523 118
252.197514 119
252.201513 117
252.207512 118
252.211517 118
252.217518 117
252.221516 117
252.227516 118
252.231515 117
252.237515 117
252.241371 116
252.247515 118
252.251513 117
252.257514 118
252.261513 118
252.267514 116
252.271517 118
252.277517 118
252.281516 118
252.287516 117
252.291520 118
252.297512 119
252.301516 118
252.307517 118
252.311515 119
252.317516 118
252.321516 118
252.327515 119
252.331518 119
252.338515 117
252.342509 118
252.348515 118
252.352513 119
252.358522 118
252.362516 118
252.367516 116
252.373516 118
252.376511 119
252.381518 120
252.387514 117
252.391516 118
252.397517 118
252.401516 117
252.407517 117
252.411516 119
252.417508 117
252.421507 118
252.427515 117
252.432515 117
252.436513 119
252.442426 118
252.446510 119
252.452520 117
252.456518 116
252.462518 119
252.466517 118
252.472517 120
252.476520 119
252.482518 118
252.486517 120
252.492517 119
252.497517 118
252.501515 119
252.507516 119
252.513515 116
252.520512 120
252.522511 118
252.526514 120
252.532519 119
252.536517 119
252.542536 120
252.546511 119
252.552516 120
252.556519 119
252.562520 119
252.566518 119
252.572519 119
252.576518 118
252.582519 118
252.586519 119
252.592528 119
252.596517 118
252.602518 119
252.606517 118
252.612516 118
252.617516 118
252.621511 119
252.627515 119
252.631511 118
252.637519 119
252.641518 118
252.647510 120
252.651517 119
252.657518 120
252.661519 119
252.667519 120
252.671518 120
252.677519 120
252.681518 119
252.687518 119
252.691516 119
252.697517 119
252.701515 119
252.707511 119
252.711512 118
252.718516 119
252.722513 118
252.728520 121
252.734522 119
252.737519 119
252.743520 120
252.747511 120
252.752518 120
252.758518 120
252.762521 121
252.766520 119
252.772517 120
252.776529 118
252.782519 120
252.786518 119
252.792518 120
252.796517 120
252.802519 119
252.806516 119
252.812520 120
252.818520 120
252.822512 120
252.826524 120
252.833520 120
252.842519 121
252.846511 120
252.848515 119
252.859518 118
252.861517 119
252.862509 119
252.867517 120
252.871521 118
252.877523 119
252.881520 120
252.887522 119
252.891519 120
252.897520 121
252.901518 121
252.907519 120
252.912518 121
252.916522 120
252.925521 120
252.927511 120
252.932518 121
252.938518 121
252.942522 120
252.946427 122
252.955521 122
252.957518 123
252.962523 121
252.966521 121
252.972522 120
252.976515 122
252.982521 121
252.986519 121
252.992512 121
252.996515 122
253.002517 122
253.006521 121
253.012519 122
253.016519 122
253.022516 123
253.026518 121
253.032519 122
253.036518 121
253.042522 121
253.046521 122
253.052523 121
253.058513 120
253.062513 121
253.066519 122
253.072531 124
253.076519 122
253.082521 122
253.086524 123
253.092519 123
253.096522 124
253.105521 123
253.107509 123
253.112521 122
253.116521 123
253.122517 123
253.126515 123
253.132520 122
253.139521 122
253.141519 123
253.147505 123
253.151501 122
253.157507 123
253.161517 122
253.167520 124
253.171520 124
253.177531 124
253.181520 124
253.187520 123
253.194522 123
253.196515 123
253.202520 124
253.206522 124
253.212522 123
253.216521 122
253.222518 123
253.226522 124
253.232521 125
253.236520 126
253.242521 125
253.246520 126
253.252521 124
253.256515 126
253.262520 125
253.266523 125
253.272523 125
253.276523 125
253.285515 126
253.287513 125
253.292521 124
253.296524 124
253.302519 125
253.306519 124
253.312519 126
253.316522 126
253.322520 125
253.326521 126
253.332522 125
253.336521 125
253.342530 125
253.346528 126
253.355582 125
253.357514 123
253.362514 125
253.366523 124
253.372518 124
253.376522 124
253.382523 124
253.386522 125
253.392521 126
253.396518 125
253.402519 125
253.406523 127
253.412521 127
253.416521 127
253.422518 127
253.426521 127
253.432520 127
253.436519 123
253.442520 126
253.447525 125
253.453520 127
253.457382 126
253.463472 126
253.467471 125
253.472473 127
253.476472 127
253.482472 128
253.486471 126
253.492473 127
253.496472 127
253.502473 127
253.506472 128
253.512472 130
253.516472 127
253.522451 128
253.526522 128
253.532526 128
253.536525 126
253.542526 125
253.546524 126
253.552525 126
253.559516 126
253.561521 126
253.567524 126
253.571518 125
253.577524 125
253.583527 126
253.586526 125
253.591526 122
253.597521 121
253.601520 123
253.607525 123
253.611523 128
253.617524 126
253.621523 126
253.627523 126
253.631516 126
253.637524 127
253.641524 127
253.647522 126
253.651526 127
253.657520 126
253.661517 127
253.667524 127
253.673526 127
253.676516 127
253.681524 126
253.687524 126
253.691523 127
253.697525 127
253.701524 126
253.707525 125
253.711522 127
253.717523 128
253.722523 127
253.728523 128
253.732525 125
253.738525 125
253.742529 125
253.747526 124
253.751525 124
253.757525 125
253.761518 123
253.770526 123
253.772520 123
253.777528 125
253.781525 126
253.787523 124
253.794523 126
253.796517 125
253.802525 127
253.806524 126
253.812532 126
253.816433 125
253.822533 124
253.826527 123
253.832527 126
253.836525 126
253.842526 125
253.846524 126
253.852525 125
253.856518 125
253.862526 128
253.866526 128
253.872527 127
253.876525 128
253.885527 128
253.887515 128
253.892524 129
253.896521 128
253.902522 128
253.906526 127
253.912521 128
253.916525 128
253.922526 128
253.926525 126
253.932524 127
253.936527 128
253.942524 127
253.946523 128
253.952527 129
253.956527 129
253.962521 130
253.966521 130
253.972527 130
253.976524 128
253.982528 129
253.986528 130
253.992528 129
253.996537 127
254.002523 128
254.006527 129
254.012522 130
254.018519 127
254.022519 128
254.026526 131
254.032526 132
254.036518 132
254.042524 131
254.049524 131
254.051519 131
254.057526 132
254.061388 132
254.067477 131
254.071478 131
254.077480 130
254.081479 129
254.087479 129
254.094481 130
254.096480 131
254.102478 133
254.106479 133
254.113490 133
254.129475 133
254.130468 134
254.140477 133
254.142468 133
254.144476 134
254.148476 134
254.152478 134
254.158478 134
254.162469 132
254.168475 133
254.171469 133
254.176478 134
254.182530 134
254.186526 134
254.192526 135
254.196524 136
254.203526 136
254.207525 134
254.213533 135
254.217472 134
254.223526 134
254.227518 133
254.232526 133
254.236524 133
254.245527 134
254.247517 134
254.252524 136
254.256528 134
254.262421 135
254.266519 136
254.272528 134
254.276527 136
254.286529 135
254.292530 134
254.294523 135
254.298526 134
254.302528 134
254.308529 133
254.312528 135
254.318529 134
254.322527 133
254.328528 135
254.332529 136
254.338525 137
254.342529 137
254.346527 138
254.352528 136
254.356526 138
254.362527 138
254.366518 139
254.372526 140
254.376530 137
254.382527 139
254.386531 140
254.392526 138
254.396530 140
254.402527 137
254.406530 137
254.412530 136
254.416529 137
254.422530 137
254.426525 138
254.432523 136
254.437522 135
254.441527 136
254.447534 135
254.451528 138
254.460531 135
254.462521 134
254.467523 136
254.471521 134
254.477528 136
254.481526 135
254.487527 135
254.491529 133
254.497537 135
254.501533 135
254.507532 136
254.511523 136
254.517529 135
254.521528 135
254.527524 137
254.531528 136
254.537532 136
254.541531 136
254.547531 136
254.551530 138
254.557531 137
254.561529 137
254.567522 137
254.571524 136
254.577529 135
254.581537 136
254.587532 137
254.591530 133
254.597531 136
254.601530 136
254.608531 136
254.612529 137
254.618523 135
254.622532 137
254.628523 134
254.632529 134
254.637529 135
254.641528 133
254.650531 134
254.652524 135
254.657527 133
254.661531 132
254.667526 133
254.671522 132
254.677530 133
254.681535 133
254.687531 132
254.691530 133
254.697530 132
254.701530 134
254.707531 133
254.711530 134
254.717530 135
254.721520 132
254.730517 134
254.732511 134
254.737515 134
254.741523 134
254.747526 133
254.751530 134
254.757530 132
254.761530 134
254.767524 133
254.771526 133
254.777530 131
254.781527 133
254.787528 131
254.791533 132
254.797528 130
254.801529 130
254.807530 129
254.811530 129
254.817529 131
254.821528 130
254.827532 131
254.831532 131
254.837527 129
254.841531 128
254.847532 128
254.851530 128
254.857531 128
254.861530 128
254.867392 128
254.871479 129
254.877482 130
254.881481 131
254.887480 130
254.891480 131
254.897482 130
254.901483 129
254.907481 127
254.911481 129
254.918482 128
254.922481 128
254.928486 127
254.932493 128
254.938484 128
254.942485 128
254.947484 129
254.951485 127
254.957483 127
254.961484 128
254.967389 128
254.971529 128
254.977535 128
254.981534 128
254.987531 127
254.991530 126
254.997531 126
255.001522 125
255.007531 123
255.011525 124
255.017532 125
255.021535 126
255.027530 126
255.031535 125
255.037532 126
255.041532 126
255.047536 126
255.051534 126
255.057530 126
255.061533 125
255.067533 124
255.071525 123
255.077532 124
255.081532 125
255.087529 125
255.093530 125
255.096524 124
255.101531 123
255.107532 124
255.111531 124
255.117532 122
255.121530 121
255.127520 121
255.132529 122
255.136529 122
255.145532 121
255.147522 121
255.152532 122
255.158532 123
255.162532 122
255.166529 122
255.172515 123
255.176529 123
255.182533 123
255.186534 122
255.192528 122
255.197527 121
255.201530 121
255.207531 122
255.211529 121
255.217528 120
255.221530 120
255.227533 119
255.231532 120
255.237532 122
255.241531 123
255.247536 121
255.251534 121
255.257536 120
255.261534 119
255.267533 117
255.271529 117
255.277533 118
255.281537 115
255.287536 115
255.294534 117
255.296519 118
255.302525 120
255.306533 119
255.313535 120
255.317532 121
255.323533 121
255.327530 122
255.333541 120
255.336525 120
255.342534 120
255.346533 121
255.352533 119
255.356532 120
255.362532 119
255.366530 120
255.372527 118
255.376535 118
255.382531 117
255.386530 117
255.393532 117
255.402534 116
255.406533 116
255.407526 116
255.419412 115
255.421492 116
255.422476 117
255.427482 116
255.431483 116
255.437483 116
255.441483 115
255.447485 114
255.451484 115
255.457483 116
255.461483 116
255.467483 118
255.471475 118
255.477485 118
255.481484 118
255.487484 119
255.492485 119
255.496536 120
255.502533 121
255.506536 120
255.512538 120
255.516535 119
255.522534 118
255.526532 119
255.531542 118
255.537534 119
255.541533 117
255.547534 116
255.551536 115
255.557533 115
255.561536 118
255.567544 117
255.571598 115
255.577533 116
255.581537 116
255.587533 117
255.594539 120
255.596527 120
255.602535 120
255.606534 119
255.612534 120
255.616539 119
255.622536 118
255.626535 118
255.632540 118
255.638536 116
255.642535 119
255.646533 120
255.652533 119
255.656538 119
255.662534 118
255.666537 119
255.672544 119
255.676530 120
255.682534 119
255.686534 118
255.692534 118
255.696537 118
255.702532 118
255.706537 118
255.712537 119
255.716531 116
255.722536 115
255.727519 115
255.731535 116
255.737533 115
255.741532 115
255.747534 115
255.751535 115
255.757537 117
255.761535 114
255.767535 117
255.771535 118
255.777535 118
255.781534 119
255.787538 118
255.791536 118
255.797536 119
255.801545 119
255.807535 118
255.811534 118
255.816533 118
255.822530 119
255.826534 119
255.832542 120
255.836537 120
255.842537 119
255.846537 120
255.855534 119
255.857536 119
255.862535 118
255.866539 117
255.872532 118
255.876532 118
255.882539 118
255.886537 119
255.892538 117
255.896537 118
255.905534 118
255.907526 119
255.912540 119
255.916533 118
255.922537 118
255.926536 118
255.932541 118
255.936536 120
255.942535 120
255.946536 120
255.952535 118
255.956540 119
255.962539 119
255.966538 119
255.972537 119
255.976531 120
255.982536 120
255.986536 119
255.992540 120
255.996539 120
256.002534 119
256.006538 120
256.012532 121
256.019538 119
256.021536 120
256.027536 120
256.031537 120
256.037539 120
256.041537 122
256.047538 120
256.051537 120
256.057538 121
256.061536 121
256.067537 120
256.073538 120
256.077528 120
256.083532 120
256.087530 120
256.092536 121
256.096537 121
256.102537 121
256.106540 121
256.111539 120
256.117535 121
256.121539 121
256.127530 121
256.131534 121
256.137540 121
256.141538 122
256.147538 121
256.151541 123
256.157537 122
256.161531 122
256.167532 123
256.171540 122
256.177525 122
256.182235 123
256.187533 122
256.191538 122
256.197538 124
256.201532 124
256.207537 124
256.211536 123
256.217536 120
256.221532 121
256.227540 122
256.231539 123
256.237539 122
256.243540 123
256.246538 123
256.251538 121
256.257538 121
256.261541 123
256.267537 121
256.271540 120
256.277531 121
256.281532 121
256.287542 124
256.291540 123
256.297541 123
256.301540 121
256.307541 123
256.311538 123
256.317547 123
256.321538 123
256.327538 123
256.331534 123
256.337538 122
256.341536 126
256.347537 125
256.351541 122
256.357537 120
256.361540 122
256.367540 124
256.374540 121
256.376534 122
256.382533 122
256.386549 124
256.392539 121
256.396538 123
256.406531 120
256.407529 123
256.413538 125
256.418538 125
256.422540 124
256.426538 125
256.432543 125
256.436549 126
256.442539 128
256.446538 124
256.452533 125
256.457542 125
256.461541 123
256.467541 125
256.471540 126
256.477540 125
256.481532 123
256.487542 122
256.491541 123
256.497541 120
256.501540 122
256.507540 122
256.512545 123
256.516538 123
256.522539 124
256.526538 126
256.532542 124
256.536544 125
256.542540 122
256.546540 124
256.552541 124
256.556539 124
256.562540 124
256.566539 122
256.572539 124
256.576539 124
256.582537 124
256.586541 126
256.592550 126
256.596541 127
256.602541 126
256.606541 126
256.612542 127
256.616540 129
256.622535 129
256.628562 127
256.631536 127
256.636543 125
256.642539 125
256.646543 124
256.652539 124
256.656542 124
256.662542 122
256.666546 124
256.673536 124
256.682539 127
256.686537 127
256.687535 126
256.699540 124
256.701541 125
256.702533 125
256.707543 127
256.711541 127
256.717541 127
256.721540 126
256.727532 124
256.731539 125
256.737546 126
256.741536 126
256.747545 124
256.751543 124
256.757544 126
256.761543 127
256.767542 128
256.771545 128
256.777540 129
256.783532 129
256.786539 129
256.791545 128
256.797540 128
256.801542 128
256.807544 129
256.811542 126
256.817542 127
256.821541 126
256.827543 128
256.831540 128
256.837551 128
256.841540 127
256.847541 127
256.851539 128
256.857542 128
256.861540 129
256.867541 128
256.871545 128
256.877541 128
256.881937 129
256.888543 129
256.892542 127
256.898541 127
256.902541 128
256.908542 128
256.911535 127
256.917544 127
256.921542 127
256.927543 127
256.933544 128
256.937541 128
256.941541 129
256.947546 129
256.951545 128
256.957544 128
256.961542 129
256.967543 128
256.971543 128
256.977544 129
256.981542 128
256.987539 128
256.991547 128
256.997542 128
257.001532 129
257.007547 129
257.011536 130
257.017551 129
257.021573 129
257.027545 129
257.031536 129
257.037543 129
257.041542 130
257.047542 130
257.051541 131
257.057542 131
257.061544 132
257.067546 131
257.071553 131
257.077543 131
257.081542 131
257.087539 132
257.091542 131
257.097543 131
257.101542 130
257.107543 132
257.111542 131
257.119544 131
257.122543 131
257.127539 131
257.131534 131
257.137542 131
257.141544 131
257.147544 131
257.151543 130
257.157545 130
257.161543 129
257.167542 128
257.171541 129
257.177542 128
257.181540 128
257.187524 129
257.191539 129
257.197540 129
257.201545 129
257.207546 129
257.211544 131
257.217545 130
257.221542 131
257.227544 131
257.231542 131
257.237544 130
257.241552 131
257.247547 131
257.251545 130
257.257546 130
257.261543 129
257.267544 131
257.271544 131
257.277543 131
257.281543 130
257.287534 131
257.291540 131
257.298547 131
257.302547 131
257.308546 131
257.312541 130
257.318540 130
257.321542 129
257.327545 129
257.331538 128
257.337543 128
257.341543 129
257.347544 130
257.351546 131
257.357545 131
257.361544 131
257.367544 131
257.371543 131
257.377547 131
257.381545 132
257.387541 132
257.391500 130
257.397545 130
257.401543 130
257.407544 132
257.411543 131
257.417543 132
257.421542 131
257.427553 132
257.431543 132
257.437547 131
257.441546 130
257.447542 129
257.451547 129
257.457546 130
257.461544 130
257.467546 129
257.471545 128
257.477545 127
257.481543 126
257.487539 128
257.491543 129
257.497545 129
257.501545 128
257.507550 128
257.511544 128
257.517543 129
257.521615 129
257.527843 129
257.531451 128
257.537446 127
257.541677 128
257.547449 129
257.553447 130
257.556446 129
257.561447 128
257.567429 128
257.571440 126
257.577538 128
257.581545 128
257.587445 128
257.591496 127
257.597499 128
257.601497 128
257.607488 127
257.611495 127
257.617496 127
257.621496 127
257.627495 126
257.632501 125
257.638708 125
257.642556 126
257.648545 126
257.652544 127
257.657542 127
257.661546 127
257.667547 128
257.674544 128
257.676538 127
257.682546 127
257.686545 128
257.692551 128
257.696544 127
257.702544 127
257.706467 126
257.712548 125
257.716547 125
257.722543 126
257.726546 126
257.732542 126
257.736545 126
257.742545 127
257.746426 126
257.752556 127
257.754537 127
