258.893466 125
258.897456 125
258.903512 126
258.907638 128
258.913712 129
258.917661 130
258.922550 129
258.928561 128
258.932550 126
258.938557 124
258.942556 123
258.951556 124
258.954554 125
258.956548 127
258.962551 129
258.966555 129
258.972555 130
258.978550 130
258.982554 130
258.986553 128
258.992549 127
258.996591 125
259.002552 124
259.006550 125
259.012434 125
259.016525 127
259.022509 128
259.026506 128
259.032507 128
259.036511 127
259.042506 127
259.046498 126
259.052507 125
259.056507 125
259.062504 125
259.066507 126
259.072508 127
259.076507 129
259.082508 130
259.089509 130
259.091498 129
259.097508 127
259.101506 126
259.107500 125
259.111503 125
259.117509 125
259.121508 126
259.127502 127
259.134510 128
259.136505 129
259.142504 128
259.146505 127
259.152505 126
259.156504 125
259.164506 126
259.167496 127
259.172505 128
259.178500 128
259.185505 129
259.192505 130
259.199503 130
259.200508 130
259.202498 129
259.208497 127
259.211499 126
259.216508 126
259.224510 126
259.227437 128
259.231507 128
259.245509 129
259.252509 131
259.261505 132
259.264509 132
259.265499 130
259.267499 127
259.273508 127
259.277432 127
259.283508 127
259.287509 128
259.293509 129
259.297508 130
259.303508 130
259.308505 131
259.314510 130
259.318509 129
259.324511 128
259.328508 127
259.332504 127
259.337513 127
259.341510 128
259.347500 128
259.351510 129
259.358509 128
259.365510 128
259.367500 128
259.376514 128
259.379501 127
259.383508 127
259.387498 126
259.393507 127
259.397507 127
259.403508 128
259.407932 128
259.413507 128
259.417508 128
259.423512 128
259.426508 127
259.431502 125
259.437511 124
259.441507 124
259.447500 125
259.451507 125
259.457507 126
259.461440 127
259.467507 128
259.471507 128
259.477838 128
259.481674 127
259.487417 126
259.491418 125
259.497438 124
259.501427 123
259.507462 123
259.511408 123
259.517430 124
259.521428 126
259.527429 127
259.531423 126
259.537433 126
259.541430 126
259.547428 126
259.551429 127
259.557432 128
259.561428 128
259.567431 128
259.571431 127
259.577433 127
259.582430 126
259.586431 125
259.592431 124
259.598431 124
259.602430 124
259.608423 125
259.611425 127
259.616431 128
259.622505 128
259.626510 129
259.632510 129
259.636511 128
259.642511 128
259.646506 127
259.653512 127
259.657511 126
259.663507 125
259.667511 125
259.673511 125
259.679506 125
259.681512 126
259.687510 127
259.691513 128
259.697512 129
259.701512 128
259.707512 128
259.711507 128
259.719511 129
259.722512 130
259.727511 130
259.731505 128
259.737510 126
259.741511 125
259.747506 124
259.751511 124
259.757512 124
259.761510 125
259.767513 126
259.771511 128
259.777512 128
259.781512 129
259.786512 129
259.792513 129
259.796512 128
259.802513 128
259.806512 127
259.814508 127
259.816513 126
259.824512 126
259.827509 126
259.832510 126
259.838510 126
259.842513 126
259.846508 126
259.852511 127
259.856512 129
259.862432 128
259.866512 128
259.872513 127
259.876512 127
259.882512 127
259.886513 127
259.892513 126
259.899514 126
259.901513 126
259.907514 126
259.911413 126
259.917516 126
259.921513 127
259.927512 128
259.931508 129
259.937511 129
259.941513 129
259.947508 129
259.951512 128
259.957514 126
259.961515 125
259.967510 125
259.971511 124
259.977509 124
259.981516 125
259.987516 126
259.993515 128
259.996518 129
260.001506 128
260.007512 128
260.011423 126
260.017514 125
260.021513 125
260.028512 126
260.032514 126
260.038512 127
260.042512 127
260.048512 127
260.051504 128
260.057512 128
260.061514 127
260.067512 126
260.071513 125
260.077436 124
260.081418 124
260.087400 125
260.092392 126
260.096395 127
260.101516 128
260.107509 129
260.113519 129
260.116510 128
260.121514 126
260.127513 125
260.131505 123
260.137513 123
260.141514 124
260.150514 125
260.152509 127
260.156514 129
260.162514 129
260.166514 129
260.172514 129
260.176514 128
260.182510 126
260.186516 124
260.192515 124
260.196518 125
260.202511 126
260.206511 128
260.212585 128
260.216504 129
260.222508 130
260.226512 130
260.232516 129
260.236512 128
260.242516 128
260.246512 128
260.252511 127
260.256512 126
260.262512 126
260.266512 127
260.272513 129
260.276511 129
260.282508 129
260.286512 128
260.292512 128
260.296511 127
260.302512 128
260.306512 128
260.312512 128
260.316508 129
260.322511 129
260.326513 129
260.332508 129
260.336511 130
260.342516 130
260.346511 130
260.352513 129
260.356512 127
260.362513 126
260.366513 126
260.372513 126
260.376513 126
260.382509 128
260.386512 129
260.392513 129
260.396513 129
260.402512 130
260.406512 129
260.412514 128
260.417511 127
260.423513 126
260.427512 125
260.433527 126
260.437515 126
260.442521 127
260.446515 128
260.452517 128
260.456516 128
260.462517 127
260.466509 127
260.472517 127
260.476517 127
260.482511 127
260.487508 128
260.491513 128
260.497504 128
260.501518 128
260.507513 127
260.511508 126
260.525459 125
260.527509 124
260.529509 124
260.540509 125
260.542500 125
260.544511 126
260.546507 127
260.552516 127
260.556515 128
260.562517 127
260.566507 127
260.572515 126
260.576510 125
260.582513 124
260.586515 124
260.592516 124
260.596517 125
260.602518 125
260.606516 126
260.612517 126
260.616430 127
260.622512 126
260.626515 126
260.632529 126
260.636519 126
260.642521 126
260.646517 127
260.652517 128
260.656517 127
260.662517 127
260.666509 126
260.672518 126
260.676518 125
260.682441 126
260.686433 126
260.692426 127
260.696433 127
260.702447 127
260.706438 127
260.712437 126
260.716431 126
260.722436 126
260.726438 126
260.732436 126
260.736437 127
260.742441 127
260.746438 127
260.752438 127
260.756403 127
260.762436 127
260.766435 127
260.772435 127
260.776438 127
260.782435 128
260.787438 129
260.791438 129
260.797438 128
260.801439 128
260.807439 127
260.811438 127
260.817635 128
260.821435 128
260.831438 128
260.834439 127
260.836433 127
260.843444 127
260.847437 127
260.853438 128
260.857437 128
260.863438 128
260.866435 128
260.872440 127
260.876438 127
260.882435 127
260.886439 127
260.892439 127
260.896438 128
260.902474 128
260.906469 127
260.912471 128
260.916468 128
260.922469 128
260.926466 129
260.932468 129
260.936468 129
260.942476 128
260.946470 127
260.952474 125
260.956470 125
260.962474 124
260.966466 125
260.972473 125
260.979471 126
260.981471 128
260.987473 129
260.991473 130
260.997469 129
261.001465 128
261.007469 126
261.011468 122
261.017570 121
261.021560 121
261.027564 124
261.031560 129
261.037563 134
261.041568 135
261.047567 134
261.051558 131
261.057563 124
261.061558 120
261.067561 122
261.071565 126
261.077565 128
261.081564 128
261.087565 129
261.091568 125
261.097568 124
261.101565 127
261.107564 131
261.111568 132
261.117563 133
261.121562 131
261.127559 129
261.131558 124
261.137566 120
261.141566 121
261.147566 126
261.151559 130
261.157566 131
261.161569 133
261.167560 131
261.171567 124
261.177563 124
261.181567 127
261.187567 128
261.191566 126
261.197566 127
261.201565 134
261.207566 141
261.211565 142
261.217562 137
261.221552 129
261.227562 120
261.231565 113
261.237566 114
261.241565 121
261.247565 130
261.251565 133
261.257571 133
261.261570 131
261.267565 130
261.271569 131
261.277570 132
261.281805 135
261.287557 134
261.291550 130
261.297567 125
261.301567 118
261.307566 115
261.311565 117
261.317564 125
261.321431 136
261.327520 139
261.331521 137
261.337521 133
261.341517 128
261.347520 123
261.351509 121
261.357518 125
261.361518 130
261.367512 131
261.371517 129
261.377519 125
261.381518 121
261.387518 122
261.391517 125
261.397519 127
261.401511 126
261.407519 124
261.411519 126
261.417563 127
261.421500 127
261.427562 127
261.431563 129
261.437564 129
261.441560 129
261.447568 127
261.451563 125
261.457568 124
261.462752 125
261.466559 126
261.472553 127
261.476552 127
261.482561 127
261.486566 128
261.492567 129
261.496565 129
261.502561 130
261.506569 129
261.512576 128
261.516568 126
261.522550 125
261.526560 125
261.532573 125
261.536567 126
261.542564 126
261.546572 127
261.552567 129
261.556571 129
261.562571 128
261.566570 128
261.572568 127
261.576566 127
261.582572 128
261.586562 128
261.592571 128
261.596570 129
261.602565 130
261.606568 129
261.612569 128
261.616567 127
261.622581 126
261.626563 127
261.633564 128
261.637560 129
261.643563 131
261.647571 131
261.653567 130
261.656562 129
261.662572 128
261.666568 127
261.672569 127
261.676568 127
261.682569 127
261.686561 126
261.692571 126
261.696570 128
261.702565 129
261.706570 130
261.712569 129
261.716568 128
261.722569 128
261.726559 129
261.732572 128
261.736572 128
261.742568 128
261.746570 128
261.756570 128
261.757563 128
261.762570 128
261.766569 128
261.772570 128
261.776564 128
261.782568 127
261.786567 127
261.792573 126
261.802566 126
261.806570 126
261.807563 126
261.819566 126
261.821569 127
261.822561 128
261.827561 129
261.831571 129
261.840572 128
261.845571 128
261.847560 127
261.851561 126
261.857571 125
261.861571 125
261.867571 126
261.871562 126
261.877570 127
261.884877 128
261.886684 129
261.892556 129
261.899554 129
261.901630 128
261.907562 127
261.911556 126
261.917572 127
261.921568 127
261.927564 127
261.931566 127
261.937571 128
261.941509 128
261.947571 128
261.951579 127
261.957570 125
261.961569 124
261.967570 125
261.971565 127
261.977573 128
261.981572 129
261.987566 130
261.991571 131
261.997571 130
262.001540 129
262.007571 128
262.011565 127
262.017564 126
262.021869 126
262.027826 126
262.039924 126
262.039953 127
262.041602 128
262.047395 128
262.051454 128
262.057409 128
262.062412 128
262.068405 129
262.072392 129
262.078404 128
262.084395 127
262.087384 127
262.095411 127
262.097410 127
262.103440 128
262.106439 129
262.111427 129
262.117432 130
262.121440 130
262.127381 129
262.134367 127
262.136409 127
262.142384 126
262.146462 126
262.152386 126
262.156416 126
262.162444 127
262.166461 129
262.172639 130
262.176412 129
262.182412 129
262.186465 129
262.192524 129
262.196406 127
262.202407 125
262.206401 125
262.212442 125
262.216438 127
262.222465 128
262.226524 128
262.232413 128
262.236520 130
262.244415 130
262.247411 129
262.252375 128
262.256479 126
262.262465 123
262.266466 123
262.272480 125
262.276459 127
262.282470 128
262.286448 128
262.292455 128
262.296405 128
262.302443 128
262.306581 126
262.312580 125
262.316579 124
262.322533 124
262.327983 125
262.332644 127
262.336465 128
262.342370 129
262.346396 130
262.352484 129
262.356418 128
262.362428 127
262.366429 126
262.372447 125
262.376397 124
262.384411 124
262.387397 124
262.392401 127
262.396395 129
262.402394 130
262.406359 130
262.412415 129
262.416832 129
262.422379 129
262.426409 129
262.432541 128
262.436418 128
262.442433 127
262.446437 127
262.452469 128
262.459479 128
262.461375 128
262.467490 128
262.471477 128
262.479446 129
262.482436 128
262.487518 128
262.491517 128
262.497541 129
262.503528 130
262.506525 130
262.512530 129
262.518526 128
262.522526 128
262.528436 128
262.532535 126
262.537532 126
262.541528 127
262.549538 128
262.552523 129
262.557528 129
262.561538 129
262.567536 129
262.571521 129
262.577523 129
262.581536 128
262.587520 127
262.593533 126
262.596530 127
262.601524 128
262.608362 128
262.611406 128
262.617354 128
262.621366 128
262.627380 128
262.634389 127
262.636368 127
262.642415 127
262.646430 127
262.652397 128
262.656456 129
262.662439 130
262.667346 131
262.675577 131
262.676371 129
262.682396 127
262.686369 125
262.692424 124
262.696947 124
262.702375 126
262.706378 128
262.712638 129
262.717426 130
262.721435 131
262.727416 130
262.731478 129
262.737481 127
262.741481 125
262.747482 125
262.751479 126
262.760406 127
262.762482 128
262.768478 128
262.772479 129
262.779483 130
262.783477 130
262.790474 129
262.794484 128
262.797481 127
262.802478 127
262.806474 127
262.812486 127
262.818481 128
262.822474 129
262.826425 129
262.832493 129
262.839573 128
262.841575 128
262.847582 127
262.851574 126
262.857574 125
262.861575 125
262.867574 126
262.871568 126
262.885582 127
262.890575 129
262.891568 129
262.892569 129
262.897581 129
262.901575 129
262.907569 129
262.912577 128
262.918576 127
262.922571 126
262.926600 126
262.932585 127
262.936448 127
262.942527 128
262.949542 129
262.954468 130
262.956526 130
262.965541 129
262.967523 127
262.973530 125
262.980538 124
262.982522 124
262.988528 125
262.991520 127
262.996537 128
263.002527 129
263.006527 129
263.015536 128
263.020532 128
263.022522 127
263.028531 126
263.032530 127
263.037451 127
263.045535 128
263.047524 128
263.051535 129
263.057531 129
263.061429 128
263.067582 128
263.071519 129
263.085585 129
263.087568 129
263.089569 128
263.100588 127
263.102570 126
263.104564 126
263.106574 126
263.112585 127
263.116578 128
263.122573 128
263.126572 128
263.132581 128
263.140574 128
263.142567 128
263.146579 127
263.152579 128
263.156578 128
263.162580 129
263.166577 129
263.172573 129
263.176576 129
263.182587 129
263.186576 129
263.192576 129
263.198583 129
263.202576 128
263.206577 127
263.212458 127
263.216408 127
263.222455 127
263.226444 127
263.232525 127
263.236525 127
263.242521 128
263.246529 129
263.252530 130
263.256534 130
263.262477 128
263.266539 126
263.272529 126
263.276531 126
263.282543 126
263.286533 127
263.292531 128
263.296536 128
263.302534 128
263.306530 128
263.312431 129
263.316544 128
263.324532 128
263.327523 128
263.332540 128
263.336534 128
263.342534 127
263.346473 126
263.352533 126
263.356532 126
263.362539 127
263.366534 127
263.372536 128
263.376530 129
263.382534 129
263.386531 129
263.392532 128
263.396427 128
263.402542 128
263.406527 128
263.412531 127
263.416538 127
263.422465 127
263.426530 127
263.432535 128
263.436535 128
263.442531 128
263.446525 127
263.452544 128
263.456530 128
263.462528 128
263.466530 128
263.472466 128
263.479531 128
263.482532 128
263.488532 129
263.492530 130
263.498534 130
263.502531 129
263.507526 129
263.511530 128
263.517527 127
263.524520 127
263.526515 128
263.532542 129
263.536532 130
263.542532 130
263.546525 129
263.552538 128
263.556528 128
263.562531 128
263.569540 129
263.571522 129
263.577532 128
263.581479 128
263.587532 129
263.591527 128
263.597514 128
263.601592 128
263.607573 128
263.611581 129
263.617589 130
263.621583 130
263.627578 130
263.631463 129
263.637596 129
263.641581 129
263.647576 129
263.651574 129
263.657579 129
263.661579 129
263.667782 129
263.671580 129
263.677578 129
263.681416 128
263.687544 128
263.691528 128
263.697531 128
263.703540 128
263.709533 128
263.712520 129
263.717542 128
263.721531 128
263.727531 128
263.731492 129
263.737541 130
263.741524 131
263.747535 130
263.751533 129
263.757530 127
263.761531 127
263.767534 127
263.771531 128
263.777531 128
263.783534 129
263.786531 130
263.791527 130
263.799532 129
263.802532 129
263.807527 129
263.811533 129
263.818132 129
263.821532 129
263.827528 129
263.831442 129
263.837461 129
263.841452 128
263.847453 128
263.851455 128
263.857452 128
263.861454 128
263.867458 129
263.871455 130
263.877453 129
263.881453 128
263.892460 129
263.897453 129
263.898446 129
263.903461 130
263.907452 130
263.913455 130
263.917458 130
263.923457 130
263.927455 129
263.933459 129
263.937457 128
263.943449 127
263.948458 128
263.956466 128
263.957460 129
263.963455 129
263.967461 130
263.972456 130
263.976455 129
263.984464 129
263.987449 129
263.992453 128
263.996455 128
264.002453 128
264.006453 128
264.013533 128
264.016536 128
264.022532 128
264.028538 129
264.032531 130
264.036545 130
264.042532 129
264.046536 129
264.052542 128
264.056538 127
264.062538 127
264.066540 128
264.072535 129
264.076538 129
264.082480 129
264.086595 129
264.092585 130
264.096584 130
264.102589 130
264.106582 129
264.112585 129
264.116420 128
264.122549 128
264.128527 128
264.131525 128
264.136541 128
264.142531 129
264.146533 129
264.152463 130
264.156537 130
264.162535 130
264.166431 130
264.172549 129
264.176535 129
264.182533 128
264.186544 129
264.192531 128
264.196534 128
264.202542 129
264.206537 129
264.212539 129
264.216536 129
264.222550 129
264.226530 128
264.232534 129
264.236548 130
264.242533 130
264.248538 130
264.251540 130
264.257450 129
264.261533 128
264.267456 128
264.271536 128
264.277529 128
264.281534 128
264.287536 128
264.291469 128
264.297539 129
264.301536 130
264.307534 131
264.311526 130
264.317581 129
264.323542 129
264.326531 128
264.332535 128
264.336545 128
264.342531 130
264.346542 130
264.352543 130
264.362537 131
264.366535 131
264.367611 130
264.378588 129
264.381584 128
264.382576 128
264.387581 129
264.391593 130
264.399585 131
264.402583 131
264.407588 131
264.411578 130
264.417860 130
264.421710 130
264.427585 130
264.431490 129
264.437502 129
264.441495 129
264.447490 130
264.453504 130
264.456487 130
264.464493 130
264.467420 129
264.472490 130
264.476463 131
264.482461 131
264.486465 131
264.492459 131
264.496462 130
264.502468 130
264.506462 130
264.512467 129
264.516457 129
264.522489 129
264.526480 129
264.532463 131
264.538473 131
264.542469 132
264.546461 131
264.552470 131
264.556459 131
264.562463 130
264.566672 129
264.572469 129
264.576464 128
264.584468 127
264.587455 128
264.592467 128
264.596464 129
264.602484 130
264.606463 129
264.612462 129
264.616477 129
264.622463 129
264.626459 129
264.632500 129
264.636543 129
264.644534 129
264.647536 130
264.652544 130
264.656452 130
264.662531 129
264.666563 128
264.672546 128
264.676536 128
264.682534 128
264.686546 129
264.692501 129
264.696535 129
264.703541 129
264.707537 129
264.713536 129
264.717706 129
264.723635 129
264.726537 129
264.732413 129
264.736401 129
264.742577 129
264.746585 128
264.752699 129
264.756450 129
264.764446 129
264.767443 129
264.772474 129
264.776422 130
264.782411 131
264.786444 131
264.792430 131
264.796428 130
264.802472 131
264.806471 130
264.812533 129
264.816427 129
264.822417 129
264.826654 129
264.832499 129
264.836475 129
264.842581 129
264.846540 130
264.852444 130
264.856440 131
264.862782 131
264.866469 131
264.872427 130
264.876384 131
264.882431 131
264.886424 131
264.892442 130
264.898455 130
264.902416 130
264.906462 131
264.912524 130
264.916464 129
264.922433 130
264.926442 130
264.932432 130
264.936421 130
264.941418 130
264.947540 130
264.951537 131
264.957583 131
264.961426 129
264.967463 129
264.971391 130
264.977452 131
264.981433 131
264.988355 131
264.991432 131
264.999539 130
265.002533 130
265.007545 130
265.011574 130
265.017485 130
265.021471 131
265.027462 132
265.037550 132
265.038531 131
265.047553 131
265.048539 131
265.052542 131
265.059452 131
265.066545 131
265.067534 130
265.072543 130
265.078537 131
265.082542 130
265.091547 129
265.092536 129
265.097546 130
265.103544 131
265.117546 131
265.120540 130
265.125542 131
265.126528 131
265.127528 131
265.132541 131
265.136541 130
265.142541 131
265.146541 131
265.152544 131
265.156540 129
265.162536 129
265.166540 128
265.172541 129
265.176541 128
265.184540 128
265.187533 128
265.192540 128
265.198547 128
265.201540 128
265.206540 129
265.212538 130
265.216541 130
265.222542 130
265.226541 130
265.232542 129
265.236541 128
265.242541 127
265.246534 126
265.252544 126
265.256542 126
265.262534 126
265.266538 127
265.272543 128
265.276542 129
265.282540 130
265.286542 130
265.292542 130
265.296542 130
265.302542 129
265.306543 129
265.312539 129
265.316541 127
265.322540 127
265.328539 126
265.331531 127
265.337541 128
265.341542 129
265.347536 130
265.351542 131
265.357545 131
265.361853 131
265.367543 130
265.371543 130
265.378545 129
265.382538 129
265.388546 129
265.392546 129
265.398544 129
265.401545 129
265.407544 129
265.411551 129
265.417546 130
265.421545 131
265.427534 131
265.431542 130
265.437675 130
265.441543 131
265.447536 131
265.451540 132
265.457544 131
265.461462 131
265.467536 130
265.471543 130
265.477544 129
265.481543 129
265.487543 129
265.491542 130
265.497543 131
265.501543 131
265.507543 132
265.511470 131
265.517543 131
265.521543 130
265.527543 129
265.531543 129
265.537543 128
265.541544 128
265.547537 129
265.551541 129
265.557550 129
265.561542 130
265.567536 130
265.571544 131
265.577544 131
265.581543 131
265.587545 130
265.591544 129
265.597546 128
265.601543 128
265.607545 128
265.611585 128
265.617544 128
265.621494 128
265.627546 129
265.631540 130
265.645553 130
265.647536 130
265.649588 130
265.660548 130
265.662536 129
265.663969 129
265.666532 129
265.672545 127
265.676543 127
265.682542 127
265.687543 127
265.691544 128
265.697545 130
265.701484 129
265.707580 129
265.711575 131
265.717573 130
265.721576 130
265.727576 129
265.731590 129
265.737596 128
265.741594 128
265.747589 128
265.751593 128
265.757593 129
265.761593 129
265.767590 129
265.771586 129
265.777592 130
265.782592 130
265.788593 129
265.792591 129
265.798592 129
265.802595 129
265.807595 130
265.811594 129
265.817594 129
265.821593 130
265.827594 131
265.831591 131
265.837602 130
265.841596 129
265.847590 129
265.851594 130
265.857596 130
265.861595 129
265.867587 130
265.873594 130
265.876585 131
265.882594 131
265.886593 130
265.892594 129
265.898589 130
265.901592 130
265.907599 129
265.911591 130
265.919599 130
265.922597 130
265.927591 130
265.931586 128
265.940592 128
265.947588 128
265.950535 128
265.952582 128
265.958590 128
265.967589 129
265.968594 130
265.971584 131
265.977597 131
265.981596 130
265.987592 129
265.991595 129
265.997594 128
266.001587 127
266.007593 126
266.011589 127
266.017596 129
266.021595 129
266.029602 130
266.032588 131
266.037594 131
266.041593 130
266.047588 130
266.053604 129
266.057597 128
266.061596 127
266.067593 127
266.071588 127
266.077596 128
266.082596 129
266.086595 129
266.092596 129
266.098591 130
266.105598 130
266.110596 130
266.112590 129
266.118589 128
266.123594 128
266.127589 129
266.131588 129
266.137597 129
266.142596 129
266.146611 128
266.152595 128
266.156594 128
266.162595 128
266.166518 128
266.172554 129
266.178546 129
266.181540 129
266.187547 130
266.191547 130
266.197541 129
266.201544 129
266.207546 129
266.211546 129
266.217545 128
266.221829 128
266.227546 128
266.231544 129
266.237539 130
266.241551 131
266.247542 131
266.251545 130
266.257549 130
266.261548 130
266.268541 129
266.272545 129
266.278549 129
266.284551 129
266.286542 129
266.291551 129
266.297546 129
266.301551 130
266.307551 130
266.311550 130
266.317551 131
266.321552 131
266.329550 131
266.332541 131
266.337549 129
266.343548 129
266.346547 129
266.351493 129
266.357553 129
266.361554 129
266.367553 129
266.371546 131
266.377555 130
266.381546 130
266.387552 131
266.391550 131
266.397556 131
266.401550 131
266.407540 130
266.411549 129
266.417549 128
266.421548 128
266.427549 127
266.431544 128
266.437550 129
266.441550 129
266.447489 130
266.451564 130
266.457555 129
266.461552 129
266.467544 129
266.473548 129
266.476553 129
266.482548 129
266.486552 129
266.492552 129
266.496551 130
266.502553 130
266.506552 129
266.512553 129
266.516552 129
266.522552 128
266.526552 128
266.532544 128
266.536551 128
266.542551 128
266.546549 129
266.552548 129
266.556549 129
266.564489 129
266.567540 129
266.572546 129
266.576550 129
266.582545 130
266.586551 130
266.592549 128
266.596550 127
266.602549 127
266.606549 126
266.612549 126
266.617550 128
266.621552 129
266.627550 129
266.631548 129
266.637550 130
266.641549 129
266.647550 129
266.651543 128
266.657554 128
266.661550 128
266.667544 127
266.671549 127
266.677550 127
266.681486 127
266.687551 128
266.691550 129
266.697552 130
266.701549 130
266.707549 130
266.713550 130
266.718549 130
266.721542 129
266.727550 128
266.733550 127
266.737549 127
266.743541 128
266.747545 128
266.753551 128
266.757554 128
266.762552 128
266.766550 129
266.772545 130
266.776554 130
266.782549 130
266.786556 130
266.792554 129
266.796555 129
266.802554 129
266.808554 129
266.811544 129
266.817555 129
266.821466 129
266.827572 128
266.831433 129
266.837445 129
266.841444 130
266.847442 130
266.851438 131
266.857444 131
266.861441 131
266.867440 130
266.871442 129
266.877440 128
266.881442 128
266.887444 128
266.893442 129
266.896440 129
266.902442 129
266.906444 131
266.912443 130
266.926450 129
266.927461 129
266.929461 130
266.938463 131
266.942462 130
266.943456 129
266.948462 129
266.952461 129
266.956466 128
266.962461 128
266.966461 127
266.972445 127
266.976460 128
266.982468 129
266.986463 129
266.992466 130
266.996462 130
267.004466 129
267.007459 129
267.012506 128
267.016511 127
267.022511 127
267.026509 127
267.032500 128
267.036511 129
267.044515 129
267.048510 129
267.051502 129
267.056514 128
267.062510 127
267.068508 127
267.071503 128
267.077508 128
267.081511 127
267.087511 128
267.091515 129
267.097512 129
267.103511 128
267.106510 127
267.111504 127
267.117508 128
267.121512 128
267.127511 127
267.131503 126
267.137511 127
267.141512 128
267.147511 128
267.154511 128
267.157511 128
267.162513 128
267.166507 128
267.172511 128
267.176508 127
267.182511 127
267.186512 127
267.192512 126
267.198506 126
267.201512 126
267.207510 126
267.211512 127
267.217507 128
267.221510 129
267.227512 130
267.233507 129
267.236507 129
267.241512 129
267.247512 128
267.251507 127
267.257516 127
267.263513 126
267.266502 126
267.271512 126
267.277500 127
267.281508 128
267.287513 130
267.291516 130
267.297512 129
267.301512 129
267.307513 129
267.311512 129
267.317508 129
267.321599 129
267.327600 129
267.331603 129
267.337602 128
267.342604 128
267.346604 128
267.352600 129
267.356608 129
267.365602 129
267.367596 130
267.371603 131
267.377598 132
267.381602 132
267.387603 131
267.391602 131
267.397596 130
267.401599 129
267.407601 127
267.411604 126
267.418601 125
267.422502 126
267.428791 127
267.432505 129
267.438515 131
267.441614 131
267.447602 132
267.451598 132
267.457608 133
267.461603 131
267.467599 130
267.471603 129
267.477598 128
267.481597 127
267.487603 127
267.491602 127
267.497606 127
267.501597 128
267.507606 129
267.511600 130
267.517600 131
267.523606 131
267.526596 130
267.532603 130
267.536604 130
267.545606 129
267.547594 128
267.553604 127
267.557607 126
267.563603 125
267.567609 125
267.573605 126
267.577518 128
267.583551 130
267.587556 130
267.593556 131
267.597555 130
267.603548 130
267.607556 129
267.611556 129
267.620553 128
267.622547 127
267.626554 127
267.634553 126
267.637557 126
267.642556 127
267.646558 128
267.652555 127
267.656563 127
267.662558 129
267.668556 128
267.672558 129
267.678463 129
267.682555 129
267.688557 130
267.692556 129
267.697556 129
267.703551 129
267.708555 128
267.712555 127
267.716555 126
267.722556 127
267.728556 128
267.731546 130
267.737557 130
267.743609 130
267.746605 130
267.752599 130
267.756609 129
267.762604 128
267.766603 128
267.772605 128
267.776602 128
267.782602 128
267.786601 128
267.792607 128
267.796606 129
267.802600 129
267.806604 130
267.812605 130
267.816603 130
267.822604 129
267.826607 128
267.832607 127
267.836606 128
267.842546 128
267.846606 128
267.852602 128
267.856609 128
267.862607 129
267.868601 129
267.871596 128
267.877604 127
267.881600 126
267.889606 127
267.892600 128
267.897607 128
267.903603 128
267.906606 128
267.912607 128
267.916605 128
267.922602 127
267.926606 126
267.932606 126
267.938606 126
267.945608 127
267.947596 128
267.951613 129
267.957613 130
267.963604 131
267.966607 129
267.972603 128
267.976608 127
267.982602 126
267.988609 126
267.992607 126
267.996606 127
268.004614 128
268.007602 129
268.012605 130
268.017601 130
268.023473 130
268.027616 129
268.033479 128
268.038474 127
268.042472 128
268.047552 129
268.056562 129
268.057552 130
268.062561 130
268.068565 130
268.072562 130
268.078558 129
268.082556 128
268.088561 127
268.092561 126
268.103557 128
268.105561 129
268.107551 130
268.111560 131
268.117560 131
268.123561 132
268.126560 132
268.132559 130
268.136558 128
268.142558 126
268.148559 125
268.151603 126
268.157610 127
268.161605 128
268.167606 130
268.171603 131
268.177610 132
268.181944 131
268.187602 130
268.191608 129
268.205612 128
268.207596 127
268.223608 127
268.225610 127
268.226598 126
268.227599 128
268.232607 128
268.238609 128
268.242606 128
268.248612 129
268.251597 129
268.256604 129
268.262604 130
268.266608 129
268.272608 129
268.276607 129
268.282594 129
268.286588 128
268.292593 128
268.296605 128
268.302606 128
268.306605 128
268.312606 128
268.316609 129
268.322608 129
268.326607 129
268.332607 129
268.336605 129
268.342607 129
268.346610 129
268.352615 129
268.356613 129
268.362609 129
268.366609 129
268.372605 128
268.376608 127
268.382608 127
268.386613 127
268.392607 128
268.396607 129
268.402635 129
268.406611 130
268.412610 130
268.416610 130
268.422611 129
268.426610 129
268.432611 128
268.436612 128
268.442608 127
268.446607 126
268.452607 125
268.457605 126
268.463607 127
268.467610 128
268.473612 130
268.477610 130
268.482609 130
268.486541 130
268.492604 130
268.496608 129
268.502608 128
268.506607 128
268.514609 128
268.517606 128
268.522607 128
268.526607 129
268.532610 129
268.536589 129
268.542610 129
268.546605 129
268.552610 129
268.556610 129
268.562612 128
268.566611 127
268.572607 127
268.576610 128
268.582611 128
268.586619 128
268.592471 129
268.596608 130
268.602609 130
268.606608 129
268.612614 128
268.616611 126
268.622613 126
268.626613 127
268.632605 128
268.636679 129
268.642598 129
268.646598 129
268.652612 129
268.656491 129
268.662568 128
268.666563 127
268.672559 127
268.676562 127
268.682561 127
268.686561 127
268.692469 127
268.696558 128
268.702561 129
268.706561 129
268.712562 129
268.716562 129
268.722557 129
268.726564 129
268.732563 129
268.736561 129
268.742563 129
268.748563 129
268.752561 129
268.756583 128
268.762570 128
268.766562 127
268.772560 126
268.776615 127
268.783610 128
268.787614 129
268.794068 130
268.798607 131
268.802618 131
268.807607 131
268.811611 131
268.817612 130
268.821603 129
268.827611 128
268.831610 128
268.837547 126
268.841614 126
268.847610 127
268.851613 128
268.857608 129
268.861612 129
268.867612 130
268.871606 131
268.877612 130
268.881610 129
268.887554 128
268.891609 127
268.897610 126
268.901614 126
268.907606 127
268.911612 127
268.917613 128
268.921611 129
268.927613 129
268.931615 129
268.937624 129
268.941613 128
268.947613 128
268.951612 128
268.957608 128
268.961612 128
268.967612 127
268.971607 127
268.977613 127
268.981613 127
268.987595 128
268.991616 128
268.997607 129
269.001610 130
269.007610 131
269.011606 131
269.017615 129
269.021617 129
269.027612 128
269.032612 127
269.036615 127
269.042611 127
269.046612 128
269.053616 129
269.057554 130
269.063615 131
269.067613 130
269.073615 130
269.076609 130
269.082621 130
269.086616 130
269.092615 129
269.096563 128
269.102613 127
269.106606 127
269.112614 128
269.116612 128
269.122603 128
269.126594 128
269.132612 128
269.136615 129
269.142614 129
269.146614 129
269.152613 129
269.156618 128
269.164610 128
269.167605 127
269.172612 127
269.176611 127
269.182611 128
269.186614 128
269.192615 129
269.196619 129
269.202613 129
269.206608 128
269.214615 128
269.217613 128
269.222608 128
269.226483 128
269.232806 128
269.236596 128
269.242610 129
269.246595 130
269.252616 129
269.256614 129
269.265618 130
269.267606 129
269.273610 128
269.277614 127
269.283614 126
269.287614 127
269.293614 128
269.297595 128
269.306610 128
269.308617 129
269.311606 131
269.317616 131
269.321614 131
269.327615 130
269.331614 129
269.337614 129
269.341613 128
269.347613 128
269.351616 128
269.357617 127
269.362618 127
269.366616 128
269.372620 129
269.376615 129
269.382615 130
269.386613 130
269.392613 129
269.398479 129
269.401566 130
269.407566 130
269.411568 130
269.417567 129
269.421566 128
269.427565 127
269.431566 127
269.437566 126
269.441564 127
269.447566 128
269.451566 129
269.457564 129
269.461571 128
269.467566 128
269.471566 128
269.485567 129
269.487557 129
269.493566 128
269.502563 127
269.505566 126
269.506556 126
269.507558 126
269.514565 127
269.517565 127
269.522562 128
269.528565 128
269.532579 128
269.538570 128
269.542569 127
269.546570 127
269.552569 126
269.556564 126
269.562628 126
269.565615 126
269.572594 126
269.576616 126
269.582617 127
269.586616 127
269.592614 128
269.595605 128
269.604617 128
269.607605 128
269.612618 127
269.615608 126
269.622617 124
269.625615 124
269.632617 126
269.636615 127
269.642616 128
269.646614 128
269.652619 128
269.655609 127
269.662619 127
269.665617 128
269.672618 129
269.676617 128
269.682617 127
269.685620 127
269.692616 127
269.698613 127
269.701611 128
269.707619 128
269.711619 129
269.718619 129
269.721617 129
269.725608 128
269.732618 128
269.735607 128
269.742611 129
269.745615 129
269.752617 129
269.755606 129
269.762615 129
269.765618 129
269.772615 128
269.777615 128
269.780609 128
269.787619 128
269.790612 128
269.797618 129
269.802610 130
269.805611 130
269.812617 129
269.817617 128
269.823525 127
269.827487 126
269.833778 127
269.837564 127
269.842487 127
269.845457 129
269.852489 130
269.855522 131
269.865527 130
269.867513 129
269.870522 127
269.877520 126
269.880515 126
269.887524 125
269.891521 126
269.897525 127
269.900520 128
269.907521 127
269.910522 126
269.917523 125
269.923534 124
269.927520 124
269.930522 126
269.937524 128
269.940508 129
269.947519 130
269.950523 130
269.957527 129
269.960527 127
269.967525 125
269.970523 123
269.977524 122
269.980516 122
269.987519 124
269.990528 126
269.997524 127
270.000508 129
270.007525 129
270.010519 128
270.017619 127
270.023619 126
270.025613 126
270.032618 126
270.035610 127
270.042615 126
270.048617 126
270.050610 126
270.057552 126
270.060609 127
270.067619 126
270.070617 126
270.077620 127
270.080615 127
270.088619 128
270.092618 128
270.098619 127
270.102609 127
270.108619 126
270.110613 126
270.119620 126
270.122617 127
270.127606 127
270.130616 127
270.137618 127
270.143613 127
270.145620 127
270.152617 126
270.155612 127
270.164583 127
270.167618 127
270.172620 128
270.175609 127
270.182619 127
270.185619 127
270.192618 127
270.195613 126
270.202622 125
270.205612 126
270.212622 126
270.215609 127
270.222619 128
270.225609 128
270.232619 128
270.235615 127
270.242616 127
270.245621 126
270.252626 127
270.257621 127
270.260559 128
270.267619 129
270.270615 129
270.277615 128
270.280617 127
270.287619 127
270.290617 126
270.297623 126
270.300618 127
270.307602 127
270.310615 127
270.317622 127
270.322621 128
270.325613 128
270.332626 128
270.335614 126
270.342615 126
270.345623 126
270.352620 126
270.358625 127
270.363612 127
270.365623 126
270.372619 127
270.375613 127
270.382623 127
270.385620 128
270.392617 127
270.395611 127
270.402621 127
270.405524 126
270.412577 126
270.415564 126
270.422565 126
270.425576 126
270.432499 126
270.435877 126
270.442489 126
270.448487 127
270.450484 127
270.457576 128
270.460567 127
270.468577 127
270.472572 127
270.478572 127
270.482572 127
270.488573 128
270.490564 128
270.497573 129
270.500568 129
270.507619 129
270.513622 128
270.518622 127
270.522620 126
270.528616 127
270.532619 127
270.538621 128
270.542619 129
270.548619 128
270.552623 128
270.558646 128
270.562608 129
270.568623 129
270.572623 129
270.578619 129
270.582627 128
270.585620 128
270.592627 129
270.595612 129
270.602623 128
270.605620 128
270.612622 129
270.615616 129
270.622621 129
270.625633 129
270.632620 129
270.635615 129
270.642556 128
270.645621 128
270.652629 128
270.655614 128
270.662621 128
270.665625 128
270.672621 128
270.675643 129
270.682620 129
270.685623 128
270.694616 128
270.697623 127
270.702623 127
270.705621 126
270.712620 126
270.715614 127
270.722624 128
270.725621 129
270.732623 130
270.735613 129
270.742632 128
270.745621 128
270.752622 127
270.762625 126
270.766625 125
270.767613 125
270.778619 126
270.781628 127
270.782615 127
270.787623 128
270.790622 128
270.797622 129
270.802622 129
270.805623 128
270.812621 128
270.815615 127
270.822624 126
270.825623 126
270.832626 127
270.838622 128
270.842625 128
270.845623 127
270.852619 127
270.855614 127
270.862623 128
270.865626 128
270.872623 128
270.875618 127
270.882623 127
270.885624 127
270.892626 128
270.897624 129
270.903625 129
270.907624 128
270.913619 127
270.917623 128
270.922622 127
270.925625 128
270.932627 128
270.935617 129
270.942625 129
270.945618 128
270.952627 129
270.955614 129
270.962622 129
270.965626 129
270.972628 129
270.975617 127
270.982621 127
270.985625 128
270.992626 129
270.995616 130
271.002620 130
271.005622 130
271.012618 131
271.015613 131
271.022623 131
271.025625 130
271.032618 129
271.035496 128
271.042618 127
271.045614 128
271.052615 130
271.055606 130
271.062625 131
271.065624 131
271.072626 130
271.075615 129
271.082625 129
271.085627 129
271.095621 128
271.097624 128
271.103624 129
271.107627 129
271.113619 129
271.117627 129
271.123627 130
271.127617 130
271.133626 128
271.137621 127
271.143593 126
271.147625 127
271.152624 129
271.155618 130
271.162528 130
271.165625 130
271.172627 129
271.175617 128
271.182627 128
271.185625 128
271.192625 128
271.195615 128
271.202625 127
271.205624 126
271.212619 126
271.215615 127
271.222624 127
271.225626 127
271.232628 128
271.235617 128
271.242627 129
271.245622 129
271.253626 129
271.258626 129
271.263622 129
271.269627 127
271.273625 126
271.279621 126
271.282625 126
271.288625 127
271.292623 128
271.298625 128
271.302627 128
271.308628 127
271.312612 128
271.318624 128
271.322626 128
271.328622 128
271.331616 127
271.335628 127
271.342624 128
271.345619 129
271.352629 130
271.355618 129
271.362623 128
271.365627 126
271.372628 126
271.375618 127
271.382627 127
271.385625 128
271.392627 129
271.395620 130
271.402625 131
271.405627 130
271.412608 130
271.415621 128
271.422626 127
271.425620 127
271.432625 127
271.435620 128
271.442628 129
271.445619 129
271.452633 129
271.455618 129
271.462623 129
271.465636 128
271.472630 129
271.475619 128
271.482629 128
271.485631 128
271.492628 127
271.495619 127
271.502625 128
271.505627 129
271.512624 129
271.517623 127
271.520626 126
271.527627 126
271.530621 127
271.537625 128
271.540619 129
271.547623 129
271.550627 129
271.559626 128
271.566628 128
271.567618 128
271.572627 128
271.577627 128
271.580622 128
271.587626 129
271.590628 129
271.598626 129
271.604627 127
271.608625 125
271.612629 124
271.617623 127
271.620626 129
271.627627 131
271.630617 131
271.638121 131
271.640518 131
271.649530 130
271.652532 129
271.657530 128
271.660529 127
271.667539 127
271.670534 128
271.677531 129
271.680528 129
271.687530 130
271.690530 130
271.697534 129
271.700528 127
271.707531 127
271.710533 128
271.717528 128
271.723529 129
271.725534 128
271.732532 129
271.738533 128
271.743532 128
271.748529 128
271.752531 127
271.758534 126
271.762537 127
271.768536 127
271.772530 128
271.778531 129
271.782529 130
271.788530 129
271.792533 129
271.798529 127
271.802531 126
271.808531 128
271.811524 128
271.815523 128
271.822626 128
271.825627 128
271.832624 128
271.835619 127
271.842629 128
271.845651 128
271.852634 128
271.855623 129
271.862549 129
271.865623 130
271.872632 129
271.875622 128
271.882632 128
271.885622 127
271.892632 127
271.895621 128
271.902631 128
271.908631 128
271.912647 128
271.915755 128
271.922625 128
271.928632 128
271.931622 127
271.935629 127
271.942631 127
271.945633 128
271.952634 129
271.955619 129
271.962654 130
271.965623 129
271.974629 129
271.977627 128
271.982632 127
271.985629 125
271.992631 124
271.995621 126
272.002617 128
272.005624 129
272.012652 130
272.015620 129
272.022624 129
272.025627 128
272.032625 128
272.042629 129
272.046642 129
272.047624 128
272.058632 127
272.061631 127
272.062623 127
272.067623 128
272.070629 128
272.077631 128
272.080625 128
272.087629 128
272.090631 128
272.097628 129
272.100631 129
272.107628 129
272.110631 128
272.117614 128
272.120624 127
272.127629 126
272.130621 126
272.137632 127
272.143631 127
272.146630 128
272.150629 129
272.157631 129
272.160625 129
272.167627 129
272.170629 128
272.177630 127
272.180620 125
272.187630 125
272.190632 126
272.197623 127
272.200517 127
272.207638 128
272.210631 128
272.217632 128
272.220622 127
272.227632 126
272.230635 127
272.237510 128
272.240804 128
272.247533 128
272.250530 127
272.257625 127
272.260632 127
272.267626 126
272.270633 126
272.277634 125
272.280634 126
272.287632 126
272.290626 127
272.298633 127
272.302632 128
272.308632 128
272.312630 127
272.318641 126
272.320616 126
272.327635 127
272.330565 127
272.337633 127
272.343634 128
272.345631 128
272.352632 128
272.355622 128
272.362631 127
272.365625 126
272.372636 126
272.375625 125
272.382626 126
272.385634 127
272.392635 128
272.395625 129
272.402635 130
272.405633 130
272.412635 129
272.415624 127
272.422628 127
272.425627 126
272.432629 125
272.435623 125
272.442633 125
272.445630 126
272.452633 127
272.455622 128
272.462637 129
272.465503 129
272.472633 130
272.475622 129
272.482627 129
272.485634 128
272.492637 127
272.495625 126
272.504633 126
272.507623 125
272.512635 126
272.515626 126
272.522631 127
272.525507 127
272.532630 127
272.535625 126
272.542634 126
272.545632 127
272.552633 128
272.555627 129
272.562633 129
272.565625 129
272.572632 129
272.575626 128
272.582627 128
272.585635 127
272.592631 125
272.595627 125
272.602631 126
272.605634 127
272.612634 127
272.615624 127
272.622627 128
272.625623 128
272.632633 129
272.635622 129
272.642633 129
272.645635 128
272.652641 126
272.657633 124
272.663636 124
272.667631 125
272.673636 127
272.677630 127
272.682629 128
272.685632 129
272.692639 129
272.695623 128
272.702633 128
272.705632 127
272.712633 126
272.715626 126
272.722500 126
272.725629 127
272.732632 128
272.735627 129
272.742638 128
272.745635 128
272.752635 127
272.758634 126
272.763633 125
272.765628 124
272.772640 124
272.775626 125
272.782630 127
272.785633 128
272.792635 129
272.795624 129
272.802634 128
272.805632 127
272.812633 126
272.815628 125
272.822528 126
272.825627 126
272.832631 126
272.835514 126
272.842711 127
272.845494 128
272.852514 129
272.855501 129
272.862506 128
272.865512 127
272.872508 126
272.875500 124
272.882504 124
272.885506 126
272.892506 127
272.895500 127
272.902507 127
272.905505 126
272.912506 126
272.915507 127
272.922505 127
272.925577 128
272.932581 128
272.935577 128
272.942592 128
272.945584 127
272.952588 126
272.955577 126
272.962588 126
272.965536 126
272.972594 126
272.975580 127
272.982594 128
272.985642 128
272.992636 127
272.995626 127
273.002630 128
273.005638 128
273.012633 128
273.015634 128
273.022634 128
273.025627 128
273.032570 128
273.035626 128
273.042636 127
273.045634 126
273.052640 127
273.055630 127
273.062635 127
273.065612 127
273.072643 128
273.075628 129
273.082572 129
273.085636 129
273.092637 129
273.095626 129
273.102634 129
273.105637 128
273.112633 127
273.115627 127
273.122637 127
273.125493 127
273.132594 127
273.137591 128
273.143588 129
273.147590 130
273.153590 130
273.157580 130
273.162588 129
273.165587 128
273.172591 126
273.175579 126
273.182633 125
273.185588 126
273.192587 128
273.195578 129
273.202588 129
273.208588 130
273.211578 129
273.215587 128
273.222587 127
273.225583 125
273.232589 124
273.235578 124
273.242588 125
273.245588 127
273.252584 128
273.255580 129
273.262588 129
273.265587 129
273.272591 128
273.275629 127
273.282637 126
273.285635 126
273.292642 125
273.295626 126
273.302636 127
273.305639 128
273.312636 128
273.322639 127
273.326619 126
273.327617 125
273.338623 124
273.341635 125
273.342627 126
273.347635 128
273.350633 129
273.357639 129
273.360633 129
273.367506 129
273.370641 128
273.377638 127
273.380632 126
273.387637 125
273.390639 126
273.397637 125
273.400631 125
273.407636 126
273.410638 127
273.417634 128
273.420637 128
273.427638 127
273.430637 126
273.437578 126
273.440473 125
273.447511 126
273.450514 126
273.457521 127
273.460509 128
273.467511 128
273.470520 127
273.477516 126
273.480515 125
273.487517 125
273.490512 125
273.497517 125
273.500515 126
273.507515 127
273.510515 128
273.517512 129
273.520511 129
273.527515 128
273.530518 128
273.537511 128
273.540510 128
273.547516 128
273.550497 129
273.557516 129
273.560511 129
273.567520 128
273.570512 127
273.577517 126
273.583515 126
273.587517 126
273.593517 127
273.597515 128
273.603547 129
273.608010 131
273.612481 130
273.615472 130
273.622530 129
273.625516 128
273.632697 128
273.635521 127
273.642515 126
273.645518 125
273.652830 125
273.655575 125
273.662579 126
273.665577 128
273.672596 128
273.675581 129
273.682597 129
273.685585 129
273.692593 128
273.695583 127
273.702588 126
273.705601 126
273.712593 126
273.715583 126
273.722593 126
273.725593 127
273.732602 128
273.735584 128
273.742589 127
273.745593 126
273.752589 125
273.755583 124
273.762592 124
273.765591 126
273.772594 128
273.775584 130
273.782591 131
273.785585 131
273.792593 131
273.795582 129
273.802588 126
273.805592 125
273.812591 124
273.815583 123
273.822592 125
273.825535 127
273.832651 129
273.837690 130
273.838587 130
