47.331395 129
47.335287 129
47.341396 129
47.345443 129
47.351393 129
47.355415 129
47.361281 129
47.365274 128
47.371317 128
47.375298 127
47.381295 126
47.385291 127
47.394198 128
47.395562 128
47.400355 129
47.406335 129
47.410338 130
47.416339 129
47.420333 128
47.426339 127
47.430337 127
47.436337 127
47.440342 128
47.446342 129
47.450340 130
47.456335 130
47.460339 130
47.466340 129
47.470343 128
47.476338 128
47.480342 128
47.486338 128
47.493339 128
47.495333 128
47.501340 127
47.505334 127
47.511341 127
47.515339 128
47.521335 129
47.525339 129
47.531340 129
47.535343 130
47.541343 130
47.545343 129
47.551342 127
47.555249 126
47.561341 125
47.565345 125
47.571341 126
47.575333 127
47.581341 129
47.585340 130
47.591333 130
47.595344 130
47.601340 129
47.606335 128
47.612340 128
47.616344 127
47.622329 127
47.626342 128
47.631333 129
47.635341 130
47.641342 129
47.645341 129
47.651336 129
47.655311 128
47.661340 127
47.665343 127
47.671339 128
47.675334 129
47.681344 130
47.685342 131
47.691338 131
47.695342 131
47.701342 131
47.705341 130
47.711342 129
47.715345 128
47.721335 128
47.725340 128
47.731346 129
47.735339 129
47.741342 128
47.745338 129
47.751346 130
47.755344 131
47.761344 131
47.768347 130
47.770332 130
47.776342 130
47.780340 130
47.786341 129
47.790339 128
47.796345 128
47.800343 128
47.806345 128
47.810335 128
47.816344 129
47.820206 129
47.826291 129
47.830294 129
47.836291 127
47.840305 127
47.846292 128
47.850292 129
47.857288 129
47.861292 129
47.867293 130
47.871294 129
47.877292 129
47.881292 129
47.886292 128
47.890289 127
47.896292 126
47.900293 127
47.906212 127
47.912292 128
47.915291 129
47.920431 130
47.926209 129
47.930207 129
47.936283 129
47.940291 128
47.946293 127
47.953301 127
47.955288 127
47.961297 128
47.965295 128
47.971297 127
47.975290 126
47.981296 126
47.985296 127
47.991292 128
47.995295 128
48.001284 128
48.005290 128
48.011296 128
48.018298 128
48.020290 128
48.026291 128
48.030296 128
48.044349 128
48.048296 128
48.049285 128
48.051285 127
48.060297 127
48.063286 127
48.065295 126
48.071297 126
48.075292 127
48.081296 128
48.085296 127
48.091292 128
48.095296 128
48.101297 128
48.105296 128
48.111297 129
48.115296 128
48.121295 129
48.125283 129
48.131286 128
48.135294 129
48.144292 129
48.145280 129
48.150278 128
48.155292 128
48.161297 128
48.165296 128
48.171297 129
48.175293 129
48.181297 130
48.185296 131
48.191291 131
48.195297 131
48.201295 130
48.205297 129
48.211296 128
48.215296 128
48.221297 127
48.228290 127
48.232295 127
48.235284 127
48.240291 127
48.247644 129
48.254157 129
48.255122 129
48.260168 129
48.266236 128
48.270227 128
48.276305 128
48.280295 128
48.286294 128
48.290295 129
48.296294 129
48.300295 129
48.306294 130
48.310293 130
48.316295 129
48.320294 129
48.326290 128
48.330295 127
48.336295 127
48.342290 127
48.345242 127
48.350294 127
48.356295 128
48.360295 129
48.366295 129
48.370295 130
48.376292 129
48.380292 129
48.389304 127
48.392293 126
48.396306 125
48.400297 125
48.406297 126
48.410295 128
48.416296 129
48.420295 129
48.426289 129
48.430290 130
48.436295 129
48.440297 128
48.446292 126
48.450295 126
48.456296 125
48.460295 124
48.466295 125
48.470297 125
48.476293 126
48.480297 127
48.486353 128
48.490345 128
48.496346 128
48.500345 127
48.507345 126
48.511345 126
48.515213 126
48.521278 126
48.525236 127
48.531240 128
48.535236 128
48.541214 128
48.545251 128
48.551248 128
48.555251 128
48.561249 127
48.565250 127
48.571254 127
48.575247 127
48.581250 128
48.585251 128
48.591231 127
48.595250 128
48.601250 127
48.605249 128
48.612250 128
48.616248 128
48.622250 128
48.626191 127
48.632220 127
48.636215 128
48.641219 129
48.645221 130
48.651220 130
48.655216 129
48.661218 128
48.665217 128
48.671216 128
48.675224 128
48.684218 128
48.685210 128
48.690217 127
48.696217 127
48.700218 127
48.706221 128
48.710212 127
48.716217 127
48.720217 127
48.726181 127
48.730212 127
48.736218 127
48.740218 127
48.746219 126
48.750219 127
48.756219 128
48.760220 129
48.766219 129
48.770255 129
48.776250 128
48.780253 128
48.786253 127
48.790251 126
48.796251 126
48.800246 126
48.806248 126
48.810248 126
48.816248 128
48.820250 128
48.829249 128
48.832253 128
48.836249 127
48.840251 126
48.846251 126
48.850251 126
48.856251 127
48.860253 128
48.866255 130
48.870249 130
48.876252 130
48.880252 128
48.887250 126
48.891252 124
48.905352 123
48.908342 124
48.909349 126
48.910335 127
48.915348 128
48.921347 128
48.925346 129
48.931339 129
48.935340 129
48.941346 127
48.949353 126
48.950341 125
48.955349 124
48.961346 124
48.965349 125
48.971348 127
48.975349 128
48.981348 129
48.985348 129
48.991348 129
48.995339 128
49.001342 129
49.005346 129
49.011336 128
49.015342 127
49.021352 127
49.025351 127
49.031340 127
49.035345 128
49.041357 128
49.045343 128
49.051355 129
49.055349 129
49.064353 130
49.067341 129
49.071348 128
49.075353 127
49.081349 127
49.085351 128
49.091343 129
49.095341 130
49.101350 129
49.105349 129
49.112345 130
49.116315 129
49.120236 129
49.126138 129
49.130188 129
49.136217 129
49.140221 129
49.146222 129
49.150223 129
49.156221 129
49.160219 127
49.166220 127
49.170221 126
49.176219 125
49.180220 126
49.186223 128
49.190215 129
49.196217 129
49.200228 130
49.206185 131
49.210183 130
49.216184 130
49.220182 129
49.226183 127
49.230183 126
49.236181 125
49.240184 126
49.246182 126
49.250189 127
49.256182 128
49.260183 130
49.266182 130
49.270181 130
49.276182 130
49.280182 130
49.287182 129
49.291183 127
49.297182 126
49.301183 125
49.307183 124
49.310180 125
49.324182 126
49.328183 128
49.329179 129
49.331179 130
49.340184 130
49.343181 130
49.345185 129
49.351187 129
49.355183 129
49.361185 128
49.365183 127
49.371184 127
49.375185 126
49.381183 127
49.385183 127
49.391184 127
49.395189 127
49.401185 128
49.408182 129
49.410179 129
49.416183 129
49.420182 130
49.426183 130
49.430184 130
49.436183 129
49.440183 128
49.446189 128
49.450188 127
49.457184 127
49.461183 128
49.465182 129
49.471183 129
49.475183 129
49.481184 130
49.485183 131
49.491184 132
49.495185 132
49.501188 131
49.508183 130
49.510181 129
49.516184 128
49.520184 127
49.527182 127
49.532182 128
49.536177 129
49.540177 130
49.546258 130
49.550260 131
49.557256 131
49.561251 132
49.567258 132
49.571248 132
49.577283 131
49.580251 130
49.586254 129
49.590256 128
49.601257 128
49.601835 127
49.605229 128
49.611357 128
49.615337 129
49.621351 129
49.625355 130
49.631373 130
49.635349 130
49.641354 130
49.645345 129
49.651354 129
49.655351 128
49.661215 127
49.667193 128
49.670246 128
49.675305 129
49.681352 128
49.685350 128
49.691355 128
49.695339 129
49.701349 129
49.705358 129
49.711261 129
49.715352 129
49.721209 129
49.725408 129
49.731227 128
49.735251 127
49.741253 127
49.745253 127
49.751261 127
49.755259 128
49.764259 129
49.767252 130
49.771259 131
49.775258 131
49.781260 131
49.785260 130
49.791253 129
49.795223 128
49.801353 128
49.805351 129
49.811376 130
49.815355 129
49.821351 129
49.825345 129
49.831349 129
49.835220 128
49.841327 128
49.845319 128
49.851301 128
49.855231 129
49.861227 130
49.865355 130
49.872351 131
49.876354 130
49.882355 129
49.888289 129
49.894352 128
49.895352 127
49.900354 126
49.906354 127
49.910354 128
49.916256 129
49.920229 129
49.926301 129
49.930347 128
49.936347 129
49.940356 129
49.946346 129
49.950346 128
49.956351 129
49.960354 129
49.966357 129
49.970355 129
49.976346 129
49.980230 128
49.986229 127
49.993356 127
49.995355 128
50.004357 129
50.005344 129
50.010348 130
50.016292 131
50.020353 131
50.026353 131
50.032353 131
50.035348 129
50.043344 128
50.045214 128
50.051199 128
50.055227 127
50.061227 127
50.065227 128
50.071226 129
50.075227 131
50.081224 131
50.085229 131
50.091228 131
50.095226 130
50.101228 129
50.105226 128
50.111202 128
50.115188 128
50.121310 128
50.125307 129
50.131300 131
50.135309 131
50.141340 132
50.145347 132
50.151348 132
50.155351 131
50.161357 131
50.165356 130
50.171356 129
50.175221 129
50.181195 129
50.185312 129
50.191309 129
50.195307 129
50.201308 130
50.205308 131
50.214305 131
50.217299 131
50.221305 131
50.225307 131
50.231301 131
50.235305 131
50.241212 131
50.245203 130
50.251306 131
50.255306 130
50.261306 129
50.265305 128
50.271294 128
50.275304 129
50.281310 129
50.285312 130
50.291313 130
50.295311 131
50.301229 131
50.305198 130
50.311307 130
50.315356 128
50.321311 127
50.325535 125
50.331345 126
50.335337 126
50.342353 127
50.346338 128
50.352355 129
50.356357 130
50.365657 131
50.367225 130
50.372182 130
50.375250 129
50.381259 128
50.385259 127
50.391261 126
50.395258 127
50.401260 127
50.405261 128
50.411261 128
50.415254 128
50.421262 128
50.425259 127
50.431258 127
50.435257 128
50.441259 128
50.445260 129
50.451261 130
50.455262 130
50.464261 130
50.465253 130
50.470261 129
50.476261 129
50.480265 128
50.486257 128
50.490260 129
50.496263 129
50.500262 130
50.506262 130
50.510260 130
50.516259 130
50.520258 131
50.526260 131
50.530261 130
50.536261 131
50.540230 130
50.546359 130
50.550352 130
50.556358 129
50.560357 129
50.566357 129
50.570356 129
50.576357 129
50.580308 128
50.586355 129
50.590359 130
50.604356 132
50.608356 133
50.609349 133
50.611350 133
50.620362 131
50.623347 130
50.625357 128
50.631349 127
50.635361 127
50.641229 127
50.645361 128
50.651355 128
50.655359 129
50.661359 131
50.668357 132
50.670349 132
50.676359 131
50.680384 130
50.686363 129
50.690356 128
50.696358 128
50.700361 128
50.706361 127
50.710360 127
50.716355 128
50.720359 129
50.726359 129
50.730358 130
50.736358 131
50.740358 131
50.746381 131
50.750301 130
50.756357 129
50.760356 129
50.766352 129
50.770359 128
50.776360 128
50.780359 128
50.786358 127
50.790357 127
50.796357 128
50.800356 128
50.806357 129
50.810360 130
50.816352 131
50.820354 130
50.826360 130
50.830359 129
50.836360 130
50.840359 129
50.846354 128
50.850274 128
50.856364 129
50.860362 129
50.866352 129
50.870361 128
50.876361 128
50.880360 128
50.886361 129
50.890365 129
50.896360 129
50.900361 130
50.906357 131
50.910360 131
50.916356 131
50.920224 131
50.926370 130
50.930349 129
50.936350 129
50.940343 128
50.946344 128
50.950365 128
50.956358 128
50.960360 129
50.966355 130
50.970359 130
50.976360 131
50.980359 130
50.986360 130
50.990358 130
50.996359 130
51.000356 130
51.006362 129
51.010353 129
51.016359 129
51.020362 128
51.029360 127
51.030352 127
51.035361 127
51.041362 127
51.048291 128
51.050351 128
51.056360 128
51.060359 128
51.066355 128
51.070359 129
51.076361 129
51.080363 129
51.086359 128
51.090358 128
51.096358 128
51.100362 127
51.106353 126
51.110352 126
51.116357 126
51.120360 127
51.126356 127
51.130350 127
51.136359 128
51.140358 129
51.146344 129
51.150342 129
51.156344 129
51.161344 128
51.167353 128
51.171351 127
51.177363 127
51.181361 127
51.186361 127
51.190360 127
51.196356 128
51.200360 130
51.206360 130
51.214362 130
51.215359 129
51.220363 129
51.226359 129
51.230362 128
51.236362 128
51.240361 129
51.246361 129
51.250352 129
51.256361 130
51.260228 130
51.269321 130
51.272362 130
51.276358 130
51.280357 130
51.286358 130
51.290362 130
51.296363 130
51.300359 130
51.306358 130
51.310362 130
51.316358 130
51.320361 129
51.326361 130
51.330361 130
51.336361 129
51.340364 129
51.350358 129
51.352359 129
51.356364 129
51.360315 130
51.366358 130
51.370362 129
51.376363 130
51.380361 131
51.386362 130
51.390361 129
51.396356 129
51.403362 129
51.405359 128
51.411360 128
51.415358 127
51.421362 128
51.425361 128
51.431361 129
51.435356 130
51.441360 129
51.445356 129
51.451359 129
51.455364 128
51.461343 127
51.465355 126
51.471361 126
51.475364 126
51.481365 126
51.485364 127
51.491365 128
51.495363 128
51.501364 128
51.505362 128
51.511362 128
51.515362 129
51.521362 129
51.525276 129
51.531353 128
51.535350 127
51.541344 126
51.545358 126
51.551360 125
51.555356 125
51.561363 126
51.565357 127
51.571365 128
51.575364 128
51.581365 128
51.588366 129
51.590360 129
51.596362 128
51.600364 128
51.605364 127
51.611365 127
51.615364 126
51.621364 126
51.625362 125
51.632364 125
51.636363 125
51.642363 126
51.646362 126
51.652302 127
51.656362 127
51.661362 127
51.665357 127
51.671366 127
51.675364 127
51.681360 127
51.685355 126
51.691362 126
51.695362 126
51.701357 126
51.707363 127
51.710362 127
51.715365 127
51.721371 128
51.725364 129
51.731365 129
51.735358 129
51.741365 129
51.745363 129
51.751358 128
51.755360 129
51.761363 128
51.765359 127
51.771366 126
51.775365 125
51.781365 125
51.785364 126
51.791364 128
51.798366 129
51.800376 129
51.806365 129
51.810363 130
51.816369 130
51.823368 128
51.825364 127
51.831365 126
51.835359 126
51.841364 126
51.845363 126
51.851365 127
51.855355 128
51.861367 129
51.865358 130
51.871361 130
51.875366 129
51.885362 128
51.889365 127
51.890354 126
51.902362 126
51.904365 126
51.905357 125
51.910366 126
51.916365 126
51.920364 127
51.926365 126
51.930364 126
51.936363 125
51.940366 126
51.946368 128
51.950365 128
51.956363 128
51.961365 128
51.967378 128
51.971355 129
51.977365 128
51.981364 128
51.986355 127
51.990367 127
51.996367 128
52.000361 127
52.006369 126
52.010358 126
52.016359 127
52.020361 127
52.026366 128
52.030366 128
52.036362 129
52.040365 130
52.046367 130
52.050365 130
52.056363 129
52.060366 128
52.066232 127
52.070363 125
52.076366 125
52.080365 125
52.086360 126
52.090364 127
52.096369 128
52.100368 129
52.106364 129
52.110367 130
52.116368 130
52.120365 129
52.126249 129
52.130562 128
52.136316 128
52.140311 128
52.146317 127
52.152314 127
52.155311 126
52.160318 126
52.166305 127
52.170701 128
52.176370 130
52.180362 131
52.186363 132
52.190366 132
52.196367 131
52.203363 131
52.205365 130
52.211371 128
52.215365 127
52.221365 125
52.225369 124
52.231364 124
52.235370 124
52.241367 124
52.245365 125
52.251403 125
52.255365 127
52.261360 129
52.265363 130
52.271362 131
52.275369 130
52.281369 129
52.285371 128
52.291366 126
52.295366 124
52.302362 123
52.306367 123
52.312366 123
52.318377 125
52.320361 127
52.325368 128
52.331367 129
52.335304 129
52.341368 129
52.345367 127
52.351367 126
52.355362 125
52.361371 124
52.365368 124
52.371358 124
52.375363 125
52.381369 125
52.385342 126
52.391369 126
52.395368 127
52.401368 127
52.405365 127
52.411370 128
52.415369 129
52.421369 130
52.427369 131
52.430368 130
52.435377 129
52.441368 128
52.445367 126
52.451367 125
52.455362 125
52.461370 125
52.465369 126
52.471362 127
52.475364 128
52.481369 129
52.485396 129
52.491369 129
52.495368 129
52.504365 129
52.505359 129
52.510366 129
52.516367 129
52.520366 128
52.526365 127
52.530369 127
52.536365 127
52.540368 128
52.546360 128
52.550359 128
52.556369 129
52.560372 128
52.566367 128
52.570361 128
52.576371 128
52.580370 128
52.586363 128
52.590366 129
52.596368 129
52.600370 129
52.606371 129
52.610370 129
52.616370 128
52.620365 128
52.626363 128
52.630362 128
52.636373 127
52.640368 127
52.646368 127
52.650377 127
52.656369 128
52.660367 129
52.666368 130
52.670373 129
52.676372 129
52.680370 129
52.686303 128
52.690370 129
52.696370 129
52.700369 129
52.706368 129
52.710367 129
52.716367 129
52.723368 129
52.725253 129
52.731613 128
52.735348 128
52.741356 127
52.745363 126
52.751371 127
52.755365 127
52.761370 128
52.765369 129
52.771231 130
52.776330 130
52.784323 131
52.785313 130
52.791323 130
52.797324 129
52.805325 129
52.806313 129
52.811323 129
52.815322 129
52.821323 130
52.825322 130
52.831324 129
52.835322 129
52.841323 129
52.845325 129
52.851325 129
52.855266 129
52.861325 129
52.865324 130
52.871258 130
52.875315 129
52.881324 129
52.885324 129
52.891323 128
52.895322 127
52.901324 127
52.905323 127
52.911319 128
52.915320 129
52.921321 130
52.925324 131
52.931325 131
52.935323 130
52.941324 129
52.945375 128
52.951370 128
52.955323 128
52.961375 127
52.965369 127
52.971367 127
52.975364 127
52.981372 128
52.985371 128
52.991371 127
52.995370 127
53.001369 127
53.005373 128
53.011365 128
53.015364 128
53.021368 128
53.025363 128
53.031363 128
53.035370 129
53.041371 130
53.045369 129
53.051373 129
53.055368 128
53.061370 127
53.065373 127
53.071363 128
53.077368 128
53.080372 128
53.085372 129
53.091372 129
53.095370 129
53.101372 129
53.105362 130
53.112372 129
53.116370 129
53.122362 129
53.126355 129
53.132370 129
53.136374 129
53.141368 129
53.145371 129
53.151372 129
53.155366 129
53.165379 129
53.169370 130
53.170361 130
53.181369 130
53.184372 130
53.185366 130
53.190374 130
53.196368 130
53.200377 130
53.206368 129
53.210372 129
53.216372 129
53.220371 129
53.226367 129
53.230372 129
53.236373 128
53.240371 128
53.246371 128
53.250375 128
53.256315 128
53.260374 129
53.266370 131
53.270373 132
53.276368 132
53.280372 133
53.286373 132
53.290372 131
53.296373 130
53.300375 129
53.306367 128
53.310375 127
53.316376 127
53.320374 127
53.326260 128
53.330258 129
53.336365 129
53.340377 130
53.346368 130
53.350372 130
53.356373 131
53.366372 131
53.368366 131
53.370367 131
53.376370 131
53.380375 131
53.386370 131
53.390366 130
53.396374 129
53.400373 128
53.406369 128
53.411368 128
53.415364 129
53.421349 129
53.425370 129
53.431372 131
53.435369 131
53.441376 132
53.445375 133
53.451368 133
53.455382 133
53.461379 132
53.465372 130
53.471372 129
53.480370 128
53.481363 126
53.486375 125
53.490366 125
53.496375 127
53.500375 128
53.506369 131
53.510374 132
53.516378 133
53.520377 133
53.526377 132
53.530376 131
53.536377 131
53.540375 129
53.546375 128
53.550374 128
53.556370 129
53.560375 129
53.566374 129
53.570374 129
53.576384 129
53.580371 129
53.586377 129
53.592376 129
53.595366 130
53.600374 131
53.606370 131
53.611373 132
53.615373 131
53.621374 131
53.625377 130
53.631364 130
53.636372 129
53.640375 127
53.646375 127
53.650374 128
53.656370 129
53.660374 130
53.667375 131
53.671374 132
53.677304 133
53.681369 132
53.687374 130
53.690372 129
53.696369 129
53.700377 129
53.706371 129
53.710376 129
53.716376 129
53.720375 130
53.726376 130
53.730375 129
53.736376 128
53.742372 128
53.745374 129
53.750375 129
53.763377 129
53.764369 129
53.765365 130
53.770377 131
53.776379 131
53.780372 131
53.786378 130
53.790371 130
53.796377 130
53.800376 129
53.809374 129
53.811368 130
53.816376 130
53.820370 130
53.826369 130
53.830374 129
53.836374 129
53.840374 129
53.846374 130
53.850375 131
53.859372 132
53.861374 132
53.869376 132
53.870369 131
53.875368 129
53.881372 128
53.885376 128
53.891371 128
53.895376 129
53.901376 131
53.905375 132
53.911375 132
53.915378 132
53.921379 132
53.925377 131
53.931293 129
53.935244 128
53.941235 128
53.945236 129
53.951238 129
53.955240 130
53.961241 130
53.965238 130
53.971239 131
53.975236 131
53.981236 130
53.985240 129
53.991278 129
53.995287 129
54.001280 129
54.005285 129
54.011285 129
54.015279 129
54.021287 130
54.025285 130
54.031285 130
54.035286 129
54.041285 130
54.045286 131
54.051286 132
54.055288 131
54.061287 130
54.065286 130
54.071287 130
54.075281 130
54.085282 131
54.086278 130
54.092285 129
54.096287 129
54.102286 129
54.106286 129
54.111286 130
54.115286 131
54.121286 131
54.125287 131
54.131280 132
54.135288 131
54.141283 131
54.145287 130
54.151292 128
54.155288 128
54.161289 129
54.165285 129
54.171285 129
54.175281 130
54.181274 131
54.185207 131
54.191251 131
54.196255 131
54.200325 131
54.206318 130
54.210317 131
54.216329 130
54.220329 129
54.226328 128
54.230327 128
54.236330 128
54.240323 128
54.246329 129
54.250280 129
54.256375 131
54.260379 131
54.266374 131
54.270370 130
54.276373 130
54.280378 131
54.286373 130
54.291372 131
54.295382 131
54.301378 130
54.305376 129
54.314380 129
54.316374 129
54.321377 130
54.325372 130
54.331380 130
54.335385 130
54.341374 130
54.345378 130
54.351379 130
54.355383 130
54.361378 130
54.365377 130
54.371378 130
54.375375 129
54.381382 130
54.385373 130
54.391373 131
54.395377 131
54.401378 131
54.405381 130
54.411378 130
54.415381 130
54.421382 129
54.428373 129
54.430372 129
54.444375 129
54.448379 129
54.449371 130
54.451373 130
54.460375 130
54.463369 129
54.465379 129
54.472380 128
54.476379 129
54.482379 129
54.486371 128
54.492378 129
54.497378 129
54.500373 130
54.505381 130
54.511369 130
54.515380 130
54.521381 129
54.525372 129
54.534268 129
54.536436 129
54.541206 130
54.545225 130
54.551249 130
54.555254 130
54.561258 130
54.565246 130
54.571254 129
54.575250 128
54.581251 128
54.585326 128
54.591328 129
54.595334 129
54.601335 130
54.605333 130
54.611328 131
54.617335 130
54.620329 130
54.628326 129
54.630324 129
54.639333 130
54.641367 129
54.646359 130
54.650383 130
54.656383 131
54.660382 130
54.666381 129
54.670380 129
54.676343 128
54.680379 128
54.686375 128
54.692382 129
54.695370 131
54.700379 131
54.706380 131
54.710374 131
54.716384 130
54.720381 129
54.726368 128
54.730362 126
54.736363 126
54.740375 126
54.746366 127
54.750381 128
54.756381 129
54.760381 130
54.766380 131
54.770380 131
54.776379 131
54.780379 130
54.786319 130
54.790375 130
54.796386 129
54.800382 128
54.806384 127
54.810376 127
54.816379 127
54.820382 127
54.826377 128
54.830382 129
54.836382 130
54.840381 131
54.846381 132
54.850375 131
54.856380 131
54.860381 130
54.866381 129
54.870380 129
54.876376 129
54.880379 128
54.886388 128
54.890376 128
54.896379 128
54.900383 129
54.906383 129
54.910377 129
54.917379 129
54.921383 130
54.927377 131
54.931382 131
54.937383 131
54.940377 131
54.946380 130
54.950380 130
54.956384 128
54.960384 127
54.966379 126
54.970382 126
54.976378 127
54.980382 128
54.986393 129
54.990373 129
54.996386 130
55.000376 130
55.006381 129
55.010371 130
55.016384 129
55.020384 129
55.026380 129
55.030375 129
55.036384 129
55.040382 129
55.046383 129
55.050383 128
55.056385 128
55.060387 128
55.066382 128
55.070381 128
55.076319 128
55.080386 129
55.086385 130
55.090375 130
55.096379 131
55.100383 131
55.106383 131
55.110377 129
55.116382 128
55.120386 128
55.126295 127
55.131130 126
55.136345 126
55.140257 127
55.146258 128
55.150326 129
55.156335 130
55.160338 131
55.166332 131
55.170333 131
55.176328 131
55.180333 131
55.186333 130
55.192805 129
55.195322 128
55.200335 126
55.206336 125
55.210331 125
55.219335 126
55.221336 126
55.226381 127
55.230337 128
55.237336 129
55.241335 129
55.247335 129
55.251335 129
55.257336 129
55.260341 128
55.266337 128
55.270335 127
55.276337 127
55.280334 128
55.286335 128
55.290330 128
55.296336 128
55.300336 128
55.309338 128
55.311328 128
55.316338 128
55.320337 128
55.326336 129
55.330336 129
55.336336 128
55.340335 128
55.346335 128
55.350336 127
55.356336 127
55.360254 127
55.366386 127
55.370385 127
55.379381 128
55.381376 128
55.386382 128
55.390253 128
55.396342 128
55.400340 128
55.406341 129
55.412338 129
55.415331 130
55.420341 129
55.426340 129
55.431330 129
55.435337 128
55.441340 128
55.447339 128
55.450338 127
55.458343 126
55.460414 126
55.466336 127
55.470337 128
55.476337 128
55.480335 128
55.486336 128
55.490369 128
55.496337 129
55.500336 128
55.506336 129
55.510336 130
55.516337 130
55.520337 130
55.526336 129
55.530338 129
55.536337 128
55.540336 128
55.546332 127
55.550337 127
55.556338 128
55.560336 128
55.566342 128
55.570338 128
55.576338 128
55.580339 128
55.586339 129
55.590338 129
55.596339 129
55.600340 130
55.606341 129
55.610337 129
55.616345 128
55.620340 127
55.626337 126
55.630327 126
55.636338 127
55.640337 127
55.646332 129
55.650336 129
55.656337 129
55.660335 129
55.667343 129
55.671339 128
55.677339 127
55.683340 128
55.686339 127
55.692715 127
55.696336 126
55.701339 126
55.705341 125
55.711259 125
55.715340 125
55.725337 125
55.729329 126
55.730328 127
55.741337 129
55.744320 129
55.745329 130
55.750328 131
55.756337 130
55.760337 129
55.766342 128
55.770337 127
55.776337 126
55.780338 126
55.786338 126
55.790337 126
55.796344 127
55.800336 128
55.806337 129
55.810338 129
55.816337 129
55.820338 130
55.826337 130
55.830330 130
55.836338 130
55.840338 130
55.846336 129
55.850336 128
55.856342 127
55.860339 126
55.869342 126
55.871330 127
55.876339 128
55.880338 129
55.886338 130
55.890338 132
55.896333 132
55.900341 132
55.909340 131
55.911329 131
55.916341 130
55.920339 128
55.926337 127
55.930332 126
55.936340 125
55.941338 126
55.945267 127
55.951338 128
55.958341 129
55.960333 130
55.966347 130
55.970341 131
55.979337 131
55.981341 130
55.986341 131
55.990343 130
55.996337 129
56.000336 129
56.006336 128
56.010341 128
56.016340 128
56.020340 128
56.026339 128
56.031333 128
56.035338 129
56.041339 130
56.045336 130
56.051339 130
56.055339 131
56.061339 130
56.065343 130
56.071338 130
56.075343 129
56.081342 129
56.085351 128
56.091341 128
56.095721 128
56.101342 128
56.105343 128
56.111342 128
56.115335 130
56.121342 130
56.125342 130
56.131330 131
56.135340 131
56.141340 130
56.145342 130
56.151339 129
56.155335 128
56.161339 127
56.165346 126
56.171342 126
56.175342 127
56.181342 128
56.185341 129
56.191342 129
56.195315 129
56.201336 129
56.205331 129
56.211337 128
56.215338 128
56.221344 128
56.225343 128
56.231338 129
56.235331 130
56.241341 130
56.245340 131
56.251339 131
56.255339 131
56.261340 130
56.265347 129
56.271343 129
56.275343 129
56.282344 128
56.286341 128
56.292334 129
56.296277 129
56.302339 131
56.306332 131
56.311335 131
56.315337 131
56.321342 131
56.325340 131
56.331336 131
56.335344 131
56.341339 131
56.345325 130
56.351343 129
56.355338 129
56.361343 129
56.365349 129
56.371344 130
56.378345 131
56.380339 131
56.386344 133
56.390343 133
56.399339 132
56.401343 132
56.406334 131
56.410337 130
56.416340 129
56.420342 128
56.426341 128
56.430338 128
56.436344 129
56.440341 129
56.446341 130
56.450342 130
56.456343 131
56.460342 131
56.469346 131
56.471334 131
56.476342 131
56.480347 131
56.486342 131
56.490342 130
56.496343 130
56.500341 130
56.506280 130
56.510335 130
56.516340 130
56.520344 131
56.526342 131
56.530277 131
56.536344 131
56.540342 129
56.546343 130
56.550341 130
56.556344 130
56.560341 130
56.566348 130
56.570345 131
56.576345 131
56.580266 131
56.587342 130
56.591343 130
56.597347 130
56.601342 130
56.607338 130
56.610337 130
56.616340 130
56.620343 129
56.626341 130
56.630328 130
56.636343 130
56.640342 131
56.646343 131
56.650341 131
56.656346 130
56.660343 130
56.666347 129
56.670344 127
56.676344 127
56.686345 128
56.688345 128
56.690335 129
56.696345 130
56.702348 131
56.705345 132
56.710336 133
56.716340 133
56.720344 133
56.726343 132
56.730344 131
56.736344 131
56.740342 130
56.746342 129
56.750344 129
56.756344 129
56.760342 129
56.766344 129
56.770345 129
56.776346 129
56.780345 129
56.786346 130
56.790345 131
56.796346 131
56.800346 131
56.806345 131
56.810337 132
56.816344 131
56.820345 131
56.829347 131
56.831341 129
56.836344 129
56.840343 128
56.846343 129
56.850342 129
56.856344 129
56.860343 129
56.866344 131
56.870338 132
56.876347 132
56.880343 131
56.886344 131
56.890344 130
56.896343 128
56.900343 127
56.907343 127
56.911336 128
56.917344 129
56.921344 130
56.927344 131
56.930344 131
56.936231 131
56.940912 132
56.946377 132
56.950385 131
56.956390 131
56.960393 133
56.966394 133
56.970394 133
56.976395 133
56.980393 132
56.985393 131
56.991393 130
56.995397 129
57.005396 129
57.009394 129
57.010373 130
57.021395 131
57.024384 131
57.025385 132
57.030393 131
57.036394 132
57.040392 132
57.046392 131
57.050384 131
57.056392 131
57.060395 131
57.066390 130
57.070394 131
57.076395 131
57.080394 131
57.086395 130
57.090393 130
57.096393 130
57.100392 131
57.106393 131
57.110257 131
57.116352 130
57.120347 129
57.126348 129
57.130337 129
57.136345 129
57.145345 128
57.148379 129
57.150337 129
57.156350 129
57.160346 131
57.166344 132
57.170344 131
57.177345 131
57.181345 131
57.187345 130
57.191344 130
57.197342 129
57.201345 129
57.206345 130
57.210272 130
57.216341 130
57.220346 130
57.226351 130
57.230344 130
57.236349 129
57.240345 130
57.246346 130
57.250342 130
57.256346 130
57.260345 129
57.266344 129
57.270346 129
57.279347 129
57.285347 130
57.290345 130
57.291338 129
57.296345 130
57.300347 130
57.306345 130
57.310347 131
57.316347 130
57.320345 130
57.326347 130
57.330346 129
57.336348 129
57.340347 129
57.346346 129
57.350342 129
57.356346 130
57.360347 130
57.366347 131
57.370348 131
57.376350 131
57.380402 130
57.386395 129
57.390398 129
57.396401 128
57.400398 127
57.406399 127
57.410396 127
57.416402 128
57.420397 129
57.426388 131
57.430389 132
57.436392 133
57.440391 132
57.446389 131
57.450393 130
57.456343 129
57.460398 128
57.466404 128
57.470393 128
57.476394 128
57.480397 128
57.486393 129
57.490395 130
57.496397 131
57.500396 131
57.506396 131
57.510396 130
57.516303 129
57.520394 129
57.527397 129
57.531399 130
57.537280 130
57.541286 130
57.547389 131
57.551387 131
57.556382 131
57.560381 131
57.566404 131
57.570398 130
57.576399 129
57.582395 128
57.585395 129
57.590394 130
57.596395 131
57.600398 131
57.606399 131
57.610398 130
57.616418 130
57.620397 129
57.626397 128
57.630387 128
57.636395 127
57.640396 127
57.646395 127
57.655397 128
57.656390 129
57.661398 130
57.665425 131
57.671397 132
57.678398 132
57.680392 132
57.686396 132
57.690395 131
57.696396 130
57.700397 128
57.706402 128
57.710396 127
57.716392 126
57.720401 127
57.726396 127
57.730391 128
57.736396 129
57.740399 129
57.746399 131
57.750330 131
57.756400 131
57.760398 131
57.766394 130
57.770399 129
57.776399 128
57.780398 128
57.786399 128
57.790397 128
57.796398 128
57.800402 128
57.806399 128
57.810401 129
57.821400 129
57.823388 130
57.825398 130
57.831400 130
57.835393 129
57.844401 129
57.846390 129
57.851392 128
57.855401 127
57.861398 126
57.865400 125
57.871402 126
57.875399 127
57.881399 128
57.888400 130
57.890389 131
57.896398 133
57.900424 133
57.909399 133
57.911388 132
57.916262 131
57.920356 130
57.926352 129
57.930352 127
57.936350 126
57.940351 126
57.946352 127
57.950351 128
57.956354 129
57.960353 130
57.966289 131
57.970403 131
57.976403 131
57.983400 131
57.985394 130
57.991400 129
57.995398 128
58.001402 127
58.006397 127
58.012393 127
58.016382 128
58.022392 129
58.026401 130
58.031400 131
58.035390 131
58.041400 131
58.045400 131
58.051404 130
58.055397 129
58.061398 128
58.065401 128
58.071402 127
58.075401 127
58.081401 126
58.085392 126
58.091400 127
58.095399 127
58.101337 128
58.105399 129
58.111400 129
58.115403 130
58.121394 130
58.125393 130
58.131390 130
58.135396 131
58.141319 130
58.148304 130
58.150292 130
58.156311 129
58.163310 129
58.165310 127
58.171304 127
58.175309 126
58.181310 127
58.185302 128
58.191309 129
58.195310 129
58.201331 131
58.205309 131
58.211309 131
58.215312 130
58.221298 130
58.225305 129
58.231309 127
58.235314 127
58.241310 126
58.245311 126
58.251310 126
58.255309 127
58.261313 129
58.265308 129
58.271304 130
58.275311 130
58.285314 130
58.289311 130
58.290303 129
58.301310 128
58.304302 128
58.305298 126
58.310306 125
58.316311 126
58.320306 126
58.326314 127
58.330312 127
58.336308 127
58.340311 127
58.346310 128
58.350309 128
58.356311 128
58.360313 128
58.366311 129
58.370307 129
58.376431 129
58.380326 129
58.389231 130
58.391374 130
58.405263 130
58.408288 129
58.409457 128
58.410397 128
58.415234 127
58.421240 127
58.425338 126
58.431337 127
58.435348 127
58.441361 128
58.445355 128
58.451354 129
58.455348 129
58.461356 131
58.465354 131
58.471356 131
58.475356 131
58.481356 131
58.485354 129
58.491355 128
58.495357 126
58.501356 124
58.505357 125
58.511357 126
58.518356 128
58.520341 129
58.526352 130
58.530409 131
58.536403 131
58.540401 131
58.546403 131
58.550462 129
58.556417 128
58.560405 126
58.566405 125
58.572401 125
58.575394 125
58.580404 126
58.586243 127
58.590368 127
