tiempo, ax, ay, az
110.265823,126,126,152
110.269887,126,127,152
110.275762,126,128,156
110.279978,127,127,153
110.286050,128,126,147
110.289990,129,128,147
110.295879,129,128,151
110.299877,129,128,151
110.305877,129,127,148
110.309887,128,127,151
110.315890,127,126,151
110.319893,125,126,150
110.325842,124,127,153
110.329768,125,127,157
110.335905,127,126,153
110.339893,128,127,143
110.345893,129,126,143
110.349891,130,128,152
110.355892,131,125,147
110.359890,131,125,145
110.365896,131,126,150
110.369895,129,124,146
110.375803,128,126,149
110.379894,127,125,155
110.385890,126,127,160
110.389893,127,127,154
110.395916,127,127,149
110.399894,128,128,154
110.405894,129,127,154
110.409884,129,127,148
110.415888,130,126,144
110.419897,130,126,144
110.425902,129,127,149
110.429892,129,127,156
110.435896,129,125,155
110.439895,128,124,149
110.445892,127,125,149
110.449895,126,127,153
110.455895,126,126,158
110.459888,126,124,155
110.465895,126,124,150
110.469902,127,125,143
110.476890,128,126,151
110.480894,129,127,153
110.487895,130,125,147
110.490891,131,127,149
110.497894,130,124,152
110.500888,128,125,148
110.505897,127,126,150
110.509901,127,126,157
110.515894,126,125,153
110.519898,126,126,145
110.525894,126,126,150
110.529898,126,128,156
110.535890,126,127,151
110.539887,127,126,154
110.545896,127,126,153
110.549896,127,125,148
110.555892,128,127,154
110.559884,128,126,156
110.565895,128,126,154
110.569894,128,125,154
110.575895,127,124,152
110.579893,127,126,153
110.585894,127,127,156
110.589892,127,126,155
110.595885,127,126,148
110.599896,126,126,151
110.605897,125,127,158
110.609803,126,126,155
110.615888,126,126,156
110.619889,126,125,154
110.625895,126,126,152
110.629893,126,127,156
110.635894,127,126,159
110.639891,129,126,157
110.645898,130,124,150
110.649896,130,125,146
110.655897,129,126,147
110.659899,127,127,155
110.665895,126,126,156
110.669895,126,125,153
110.675891,126,125,152
110.679895,125,126,148
110.685895,125,126,155
110.689894,126,128,162
110.695890,126,127,158
110.699893,127,125,151
110.705894,128,125,150
110.709918,129,127,153
110.715889,129,128,157
110.719891,130,126,155
110.725896,130,126,152
110.729896,129,126,147
110.735896,129,127,153
110.739895,128,128,157
110.745893,127,127,154
110.749898,127,128,154
110.757896,127,127,151
110.760889,128,128,149
110.767783,128,128,154
110.770897,128,128,158
110.777893,128,127,154
110.780896,129,126,149
110.785896,130,127,151
110.789895,130,128,151
110.795889,130,127,149
110.799901,130,125,153
110.805897,129,126,155
110.809896,128,125,150
110.815891,127,125,151
110.819887,127,126,157
110.825894,127,124,154
110.829899,127,125,151
110.835894,128,126,147
110.839898,128,126,151
110.845878,129,127,153
110.849892,129,126,150
110.855888,130,127,153
110.859790,130,126,150
110.865808,128,129,149
110.869807,125,130,168
110.875802,123,125,169
110.879795,123,121,147
110.885803,125,124,121
110.889801,130,127,145
110.895798,135,129,174
110.899798,136,127,144
110.905802,135,128,148
110.909800,130,124,167
110.915796,124,129,145
110.919793,124,128,133
110.925804,126,123,156
110.929802,127,128,179
110.935800,126,124,129
110.939801,127,127,141
110.945802,127,133,184
110.949801,126,122,158
110.958800,128,129,122
110.961802,131,116,136
110.965805,134,131,178
110.969808,131,126,131
110.975803,130,127,148
110.979798,127,127,183
110.985802,123,129,155
110.989802,124,126,129
110.995801,128,120,144
110.999804,129,129,164
111.005801,128,125,135
111.009803,128,131,158
111.015788,125,131,178
111.019867,124,121,154
111.025899,126,131,125
111.029894,129,114,136
111.036899,131,138,180
111.039889,129,130,137
111.045898,133,131,143
111.049897,139,129,168
111.055902,137,120,149
111.059900,131,123,126
111.065901,124,120,131
111.069901,118,130,155
111.075900,117,129,179
111.079893,119,131,185
111.085901,124,124,161
111.089900,127,123,132
111.095895,127,124,119
111.099903,125,125,135
111.105904,123,131,175
111.110922,126,125,177
111.120825,133,128,161
111.122890,141,123,137
111.135901,141,126,138
111.138903,134,123,130
111.140888,125,127,150
111.141878,118,124,161
111.147892,116,130,167
111.152897,119,134,169
111.155890,124,127,158
111.162895,127,131,145
111.164898,128,122,124
111.170893,127,127,146
111.174901,125,130,168
111.180897,126,126,158
111.184900,132,128,163
111.190901,137,125,159
111.194837,136,127,142
111.200900,131,121,123
111.204900,124,130,149
111.210899,120,130,170
111.214897,120,125,166
111.220822,122,126,155
111.224902,123,122,148
111.230897,124,130,148
111.234901,126,124,144
111.240893,130,128,173
111.244844,133,124,160
111.250900,133,122,135
111.254899,132,129,142
111.260899,131,126,149
111.264898,130,128,165
111.270895,129,124,144
111.274898,129,126,152
111.280898,127,129,150
111.284897,126,126,139
111.290898,125,130,159
111.294907,125,126,169
111.300898,126,129,160
111.304901,127,123,140
111.310901,129,131,151
111.314900,129,129,158
111.320904,129,129,152
111.324900,131,128,148
111.330905,131,128,149
111.334899,129,130,152
111.340901,127,126,145
111.344926,128,127,155
111.350894,127,126,158
111.354903,128,127,150
111.360903,128,125,149
111.364902,128,127,151
111.370899,128,128,159
111.374897,128,125,154
111.380898,129,127,151
111.384901,129,128,149
111.390901,129,127,150
111.394900,129,126,153
111.400843,129,127,153
111.404899,128,129,152
111.411910,128,127,151
111.415899,127,127,151
111.422896,127,128,153
111.425902,128,129,161
111.432899,128,127,149
111.435888,129,127,143
111.440902,129,129,152
111.444900,128,127,154
111.450899,128,128,152
111.455269,128,129,150
111.460733,128,131,156
111.464730,128,129,151
111.470892,127,128,147
111.474772,127,130,156
111.480857,127,128,152
111.484853,128,127,150
111.490851,129,127,154
111.494852,129,127,152
111.500852,128,126,149
111.504851,128,126,155
111.510851,128,128,156
111.514852,127,129,153
111.520777,127,127,152
111.524851,127,127,148
111.530846,127,129,150
111.534852,128,129,158
111.540853,128,129,154
111.544852,128,129,153
111.550852,127,130,156
111.554852,126,128,153
111.560855,126,128,150
111.564851,126,131,151
111.570851,127,132,154
111.574852,128,132,150
111.580848,128,130,151
111.584853,128,132,154
111.590852,128,130,152
111.594903,128,131,151
111.600901,128,129,152
111.604900,128,132,156
111.610900,127,130,153
111.614901,128,131,150
111.620765,129,132,156
111.624856,129,131,153
111.630897,129,131,151
111.634900,129,130,154
111.640901,129,131,155
111.644899,128,130,150
111.650906,128,129,151
111.654905,128,130,158
111.660904,129,130,156
111.664903,129,129,150
111.670899,131,128,151
111.674902,131,130,148
111.680897,131,130,152
111.684897,131,130,152
111.690895,131,130,149
111.694900,131,131,152
111.700900,130,131,152
111.704903,129,129,150
111.710900,129,131,155
111.714894,131,131,157
111.720771,132,131,149
111.724789,133,131,152
111.730899,132,130,152
111.734901,131,131,151
111.740902,131,131,154
111.744785,132,131,158
111.750901,132,130,152
111.754900,132,131,149
111.760901,131,130,152
111.764904,131,130,154
111.770899,131,130,153
111.774903,131,128,150
111.780899,132,130,147
111.784903,133,133,144
111.790903,134,133,153
111.794902,134,131,157
111.800903,134,130,151
111.804904,134,130,149
111.810909,134,130,155
111.814894,134,129,151
111.820907,134,132,152
111.824826,135,132,159
111.830898,134,131,152
111.834901,132,132,142
111.840902,132,132,152
111.844900,132,132,159
111.850909,131,131,149
111.854906,131,132,145
111.860902,132,132,153
111.864901,132,130,153
111.870901,132,130,147
111.874904,133,129,150
111.880902,133,131,153
111.884903,133,131,147
111.890909,132,130,151
111.894904,132,131,156
111.900903,132,129,150
111.905904,132,131,150
111.912900,131,131,152
111.915894,131,131,154
111.922772,130,133,151
111.925852,131,131,150
111.930852,132,132,157
111.934856,131,131,147
111.940857,132,130,143
111.944854,133,131,150
111.950850,132,132,153
111.954855,131,130,147
111.960856,130,129,152
111.967857,130,131,155
111.969855,131,131,150
111.975861,132,131,153
111.979846,132,132,153
111.985855,131,132,146
111.989854,131,133,152
111.995854,131,130,154
111.999847,132,131,152
112.005856,133,132,151
112.009852,133,130,150
112.015847,133,131,149
112.019855,133,131,149
112.025846,132,130,154
112.029849,131,130,149
112.035855,131,130,148
112.039853,131,131,153
112.045854,131,131,155
112.049855,131,131,153
112.056525,131,130,150
112.059810,132,132,154
112.065810,133,131,152
112.069809,134,132,151
112.075817,135,132,152
112.079815,135,132,151
112.085813,134,131,150
112.089814,132,131,150
112.095814,131,132,150
112.099805,131,131,152
112.105813,131,131,152
112.109814,130,131,149
112.115810,130,131,154
112.119806,130,128,153
112.125808,131,131,153
112.129809,132,132,149
112.135815,133,131,147
112.139814,132,132,151
112.145814,132,132,153
112.149814,133,132,155
112.155815,132,131,151
112.159815,133,132,150
112.165814,132,132,151
112.169815,132,131,155
112.175816,131,129,153
112.179813,129,129,148
112.185814,131,130,155
112.189814,131,130,151
112.195812,131,131,149
112.199806,132,132,153
112.205816,131,131,150
112.209820,131,131,149
112.218815,133,130,156
112.221809,134,130,152
112.225809,134,130,146
112.229809,133,130,147
112.235815,132,131,153
112.239814,132,131,152
112.245808,131,132,151
112.249814,132,131,155
112.255814,131,132,151
112.259815,131,132,148
112.265810,132,130,155
112.269814,131,130,151
112.275815,131,131,151
112.279812,132,132,151
112.285813,132,129,152
112.289813,133,131,155
112.295815,132,131,152
112.299811,132,131,154
112.305815,132,130,155
112.309814,132,130,153
112.315810,133,129,152
112.319814,133,130,153
112.325733,132,132,155
112.329781,132,131,152
112.335783,131,131,157
112.339782,131,129,156
112.345783,131,131,152
112.349781,132,131,153
112.355785,131,130,153
112.359786,132,131,153
112.365784,132,129,152
112.369784,132,131,152
112.375788,132,131,150
112.379784,132,131,148
112.385778,132,131,156
112.389783,132,130,152
112.400780,132,130,155
112.402775,132,131,152
112.415779,132,129,148
112.418784,133,131,154
112.420778,132,129,153
112.421781,132,131,148
112.425790,132,131,151
112.429777,132,130,153
112.435788,133,130,155
112.439820,133,130,152
112.445816,133,130,153
112.449814,133,130,152
112.455815,133,128,149
112.459816,134,129,154
112.465810,134,128,151
112.469816,134,129,150
112.475819,133,131,150
112.479815,133,129,151
112.485815,133,128,157
112.489816,133,131,154
112.495816,133,129,147
112.499812,134,131,154
112.505817,134,130,152
112.509815,134,130,148
112.515811,134,133,152
112.519816,133,129,150
112.525907,133,129,151
112.529902,132,130,153
112.535908,131,131,157
112.539907,131,129,158
112.545907,132,128,151
112.549887,133,127,148
112.555901,135,129,150
112.559908,135,128,151
112.565899,135,129,145
112.569907,135,127,149
112.575909,135,128,152
112.579907,134,129,150
112.586909,133,130,151
112.590907,133,130,154
112.597908,133,129,155
112.600906,133,128,151
112.607906,133,129,151
112.610905,133,128,152
112.615903,132,128,153
112.619906,132,130,156
112.625907,132,129,152
112.629902,133,129,152
112.635907,133,128,146
112.639905,134,129,146
112.645910,135,129,155
112.649900,134,129,151
112.655785,133,130,148
112.659781,132,130,153
112.665765,132,131,155
112.669773,131,131,152
112.675861,131,130,156
112.679861,132,128,157
112.685863,132,128,153
112.689863,134,127,154
112.698859,135,126,153
112.701861,136,126,150
112.705862,135,125,146
112.709861,134,125,150
112.715864,134,126,152
112.719861,133,125,149
112.725861,133,125,153
112.729853,133,125,151
112.735915,132,126,144
112.739907,133,127,151
112.745902,133,128,156
112.749905,133,129,150
112.755911,134,129,151
112.759910,134,128,150
112.765818,134,126,147
112.769909,135,126,153
112.775910,135,127,150
112.779914,135,129,146
112.785909,136,129,151
112.789909,135,127,146
112.795909,134,127,148
112.799907,133,127,154
112.805908,133,127,148
112.809907,133,127,149
112.815924,134,126,153
112.819912,134,124,152
112.825908,134,125,150
112.829847,135,125,150
112.835907,135,125,153
112.839906,135,124,150
112.845912,136,123,152
112.849902,136,125,154
112.855910,136,123,148
112.859908,136,123,146
112.865930,136,123,148
112.869912,135,123,149
112.875909,134,124,151
112.879907,132,124,146
112.885907,131,125,150
112.889916,131,125,153
112.895907,131,125,151
112.900904,131,127,154
112.907910,132,128,154
112.910908,133,126,153
112.917909,133,128,151
112.920903,134,128,149
112.925917,135,128,155
112.929881,134,128,153
112.935907,134,126,150
112.939911,134,127,154
112.945911,133,126,152
112.949911,132,125,148
112.955909,131,123,152
112.959912,131,123,156
112.965914,131,124,154
112.969912,131,125,152
112.975905,132,123,154
112.979912,133,122,157
112.985907,133,124,151
112.989911,135,124,153
112.998909,135,124,152
113.001911,135,123,149
113.008912,134,125,148
113.010902,133,126,150
113.014909,133,124,153
113.020915,132,125,148
113.024908,133,125,149
113.030895,133,126,155
113.034891,132,125,153
113.040833,132,126,149
113.044831,133,124,155
113.050904,134,126,158
113.054912,134,124,150
113.060913,134,125,146
113.064912,135,125,155
113.070912,135,125,153
113.074903,135,126,154
113.080911,136,125,155
113.084910,136,125,151
113.090910,135,124,146
113.094909,135,123,151
113.100909,135,124,157
113.104908,134,123,151
113.110909,133,124,150
113.114912,133,123,154
113.120913,132,125,152
113.124903,133,123,153
113.130907,134,125,155
113.134908,135,125,150
113.140834,136,125,147
113.144912,137,126,148
113.150907,137,126,152
113.154903,136,126,148
113.160912,136,125,146
113.164911,135,125,150
113.170912,133,124,152
113.174903,132,125,152
113.180911,132,126,157
113.184911,132,125,154
113.190911,133,124,152
113.194910,134,125,154
113.200910,135,123,150
113.204914,136,124,152
113.210913,136,124,150
113.214912,136,123,151
113.220913,137,124,153
113.224912,135,123,150
113.230912,134,124,150
113.234906,134,125,152
113.241790,133,124,154
113.244829,133,125,154
113.250918,132,125,149
113.254746,132,124,152
113.261021,132,125,157
113.264864,133,125,152
113.270898,134,126,151
113.274907,135,124,153
113.280911,135,122,146
113.284912,135,124,148
113.290912,135,123,152
113.294911,134,124,154
113.300915,133,124,151
113.304913,132,124,153
113.310909,131,126,158
113.314905,131,123,156
113.320908,131,125,152
113.324917,132,124,154
113.330913,134,124,154
113.334907,134,123,149
113.340788,135,122,148
113.344869,135,125,154
113.350801,135,124,156
113.354864,134,123,152
113.360865,134,123,151
113.364866,133,124,155
113.370864,133,124,158
113.374864,133,125,154
113.380866,133,124,150
113.384864,133,124,149
113.390864,132,125,152
113.394914,132,124,150
113.402906,132,124,152
113.405914,133,123,152
113.412907,134,124,151
113.415890,134,124,152
113.422913,134,124,150
113.424906,135,123,148
113.430915,136,123,153
113.434908,135,122,151
113.440923,135,123,148
113.444832,134,124,153
113.450924,134,124,151
113.454913,133,124,153
113.460914,133,124,153
113.464912,133,122,151
113.470913,133,122,153
113.474911,134,121,153
113.480913,134,123,156
113.484914,134,122,156
113.490915,134,121,148
113.494913,135,119,147
113.500941,135,121,151
113.504912,135,122,154
113.510914,135,123,152
113.514916,135,122,150
113.520911,135,122,152
113.524915,134,123,153
113.530916,134,125,153
113.534918,133,124,153
113.540914,134,124,153
113.544831,134,124,149
113.550913,133,123,148
113.554912,134,122,151
113.560918,134,123,148
113.564915,134,124,150
113.570916,134,125,152
113.574911,135,124,154
113.580915,134,123,148
113.584856,134,123,148
113.590915,135,124,154
113.594914,136,124,150
113.600914,136,124,145
113.604916,136,122,146
113.613914,135,122,148
113.616908,135,121,151
113.620915,135,122,152
113.624913,134,121,151
113.630914,134,123,150
113.634858,135,120,150
113.640915,135,122,150
113.644840,135,121,150
113.650920,134,123,144
113.654916,134,123,149
113.660915,134,123,152
113.664916,134,124,154
113.678915,133,125,153
113.681914,133,124,156
113.682905,133,124,150
113.693915,134,123,145
113.696909,135,125,151
113.697905,135,123,151
113.702904,134,124,147
113.705907,134,123,147
113.709913,134,123,153
113.715913,133,123,151
113.719910,132,123,151
113.725917,132,123,156
113.729916,132,123,155
113.735910,132,122,152
113.739914,132,123,150
113.748914,134,124,151
113.751854,134,123,149
113.755909,133,125,145
113.759913,134,123,150
113.765918,134,124,152
113.769914,132,124,150
113.775909,133,123,154
113.779913,132,124,153
113.785909,133,122,154
113.789913,133,123,154
113.796914,133,121,154
113.800912,133,122,153
113.807913,133,120,149
113.810913,134,121,152
113.817914,134,122,153
113.820908,134,123,154
113.825915,133,124,153
113.829915,134,122,147
113.835910,134,123,150
113.839914,134,123,151
113.845910,133,124,149
113.849914,133,124,152
113.855873,133,123,156
113.860739,133,123,158
113.865902,132,124,154
113.869904,132,124,153
113.875898,132,123,155
113.879911,133,124,156
113.885922,133,124,155
113.889916,134,125,151
113.895917,134,125,143
113.899916,134,124,144
113.905915,134,123,153
113.909915,134,122,156
113.915914,132,123,155
113.919913,132,121,153
113.925915,132,121,155
113.929918,132,120,159
113.935851,132,120,154
113.939917,133,120,153
113.945912,135,121,158
113.949911,137,124,151
113.955917,138,123,147
113.959915,138,125,150
113.965916,136,126,145
113.969907,135,126,149
113.975920,133,123,155
113.979918,131,123,153
113.985847,130,121,153
113.989909,131,123,158
113.995909,132,121,159
113.999916,133,121,154
114.005914,134,122,151
114.009917,136,122,151
114.015917,137,125,148
114.019911,139,124,146
114.025916,139,125,148
114.029915,138,124,147
114.035921,137,121,146
114.039915,136,124,149
114.045901,134,123,152
114.049899,132,123,154
114.055918,131,122,151
114.059917,131,122,155
114.065918,133,122,156
114.069909,133,122,149
114.075867,134,123,146
114.079917,135,123,147
114.085893,137,123,148
114.089915,137,124,151
114.095916,137,124,148
114.099915,136,122,146
114.105910,136,123,148
114.109920,135,122,152
114.115914,134,121,158
114.119919,133,123,153
114.125852,132,121,147
114.129913,132,122,150
114.135919,133,123,155
114.139917,132,123,149
114.145918,133,123,151
114.149909,134,126,156
114.157919,134,125,149
114.160913,135,126,149
114.167918,135,123,153
114.170908,135,124,149
114.177918,134,125,146
114.179906,133,122,151
114.185920,133,123,156
114.189918,132,125,150
114.195919,131,125,154
114.199917,131,125,154
114.205918,131,121,147
114.209917,131,125,154
114.215917,133,123,158
114.219828,134,122,151
114.225916,134,122,142
114.229915,135,121,146
114.235920,136,124,156
114.239918,134,123,151
114.245913,134,123,149
114.249911,133,123,154
114.255912,132,123,155
114.259916,131,126,150
114.265917,131,127,153
114.269924,131,125,156
114.275914,131,124,150
114.279920,131,125,149
114.285919,132,124,155
114.289918,134,125,156
114.298921,134,125,152
114.300910,135,125,152
114.307919,135,124,153
114.310918,134,124,149
114.314916,134,124,150
114.320920,134,122,158
114.324915,133,123,156
114.330915,131,123,148
114.337911,130,124,153
114.339910,130,124,159
114.345924,131,122,155
114.349910,132,123,159
114.355913,134,123,155
114.359918,135,123,147
114.365918,136,125,151
114.369917,135,124,152
114.375917,134,124,153
114.379926,133,125,150
114.385917,132,123,157
114.389920,132,124,153
114.395921,132,123,148
114.399919,133,124,156
114.405920,134,123,154
114.409918,134,125,145
114.417921,134,126,154
114.420910,134,123,151
114.427919,134,125,149
114.430918,134,125,154
114.437914,134,126,153
114.439913,134,126,148
114.445917,135,124,153
114.449845,135,123,152
114.455790,135,123,151
114.459793,135,124,150
114.465910,136,124,151
114.469904,135,123,151
114.475911,135,124,151
114.479916,135,124,152
114.485919,134,125,146
114.489917,134,123,153
114.495917,134,124,153
114.499922,135,123,154
114.505917,135,125,149
114.509920,136,124,152
114.515921,135,126,145
114.519919,135,124,150
114.526039,135,126,158
114.529921,133,123,150
114.535923,134,125,151
114.539912,133,124,149
114.545921,133,126,147
114.549903,133,130,157
114.555920,133,128,154
114.559920,135,124,150
114.565915,135,125,141
114.569910,136,122,150
114.575918,135,127,146
114.579914,135,127,148
114.585923,135,126,155
114.589917,134,126,152
114.595919,133,123,147
114.599920,132,125,148
114.605922,132,123,154
114.609920,132,126,156
114.615920,133,124,155
114.619919,134,126,151
114.625920,133,127,144
114.629919,133,128,146
114.635919,133,125,151
114.639911,133,130,160
114.645921,132,126,150
114.649984,132,127,149
114.655912,132,126,150
114.659918,133,126,158
114.665919,133,124,161
114.669918,133,121,151
114.675918,133,126,145
114.679917,134,126,149
114.685917,134,126,153
114.689921,134,126,147
114.695921,134,126,152
114.699920,132,129,147
114.705920,131,126,149
114.709919,131,129,155
114.715919,132,126,160
114.719918,132,126,155
114.725924,131,126,143
114.729917,131,126,151
114.735919,132,129,159
114.739916,132,128,155
114.745913,133,128,157
114.749921,133,126,148
114.755915,133,125,149
114.759922,133,127,156
114.765918,133,126,156
114.769921,132,128,154
114.775919,133,125,151
114.779919,132,125,153
114.785921,132,126,155
114.789920,132,127,157
114.795921,132,125,155
114.799924,133,125,150
114.805919,133,128,149
114.809923,134,126,153
114.815924,133,126,151
114.819923,134,125,150
114.825923,133,128,152
114.829922,133,126,154
114.835922,132,129,153
114.839915,132,127,150
114.845922,132,127,153
114.849920,132,125,154
114.855908,133,127,149
114.859915,133,127,149
114.865920,135,126,154
114.869919,135,126,150
114.875921,134,127,147
114.879914,134,124,152
114.885920,133,126,150
114.889919,134,126,152
114.895920,135,128,153
114.899923,136,127,155
114.905920,136,128,146
114.909924,135,127,147
114.915924,135,127,154
114.919923,134,127,150
114.925924,134,126,149
114.929923,133,127,151
114.935921,132,127,149
114.939914,133,124,149
114.945921,133,126,152
114.949923,134,125,155
114.959918,134,125,145
114.962922,134,126,145
114.975923,135,126,156
114.978920,134,128,153
114.980916,133,125,151
114.981911,133,125,153
114.986919,134,123,156
114.990922,134,125,150
114.996921,134,125,145
115.000921,135,125,158
115.005920,134,127,152
115.009925,133,121,145
115.015924,133,124,152
115.019923,132,127,152
115.025924,132,127,153
115.029922,133,126,155
115.035924,133,126,146
115.039917,134,126,156
115.045922,133,128,153
115.049921,133,125,148
115.055920,133,127,151
115.059896,133,128,154
115.065918,132,127,159
115.069811,130,127,146
115.075832,131,125,147
115.079826,132,127,162
115.085828,132,126,158
115.089820,132,128,154
115.095828,132,127,149
115.099827,133,124,150
115.105831,133,123,151
115.109828,133,123,159
115.115826,133,123,153
115.119818,133,122,147
115.125832,133,124,153
115.129822,134,125,157
115.135830,134,128,154
115.139824,134,126,147
115.145920,134,127,148
115.149924,133,130,151
115.155862,132,129,150
115.159914,131,130,154
115.165923,131,128,154
115.169923,130,127,154
115.175923,130,129,152
115.179921,132,126,155
115.185923,133,128,156
115.189918,134,130,149
115.195921,134,126,144
115.199925,136,129,151
115.205906,136,126,150
115.209926,134,128,146
115.215926,134,128,149
115.219924,134,127,157
115.225923,133,129,151
115.229927,134,127,155
115.235923,134,125,152
115.239921,134,127,152
115.245921,135,128,153
115.249924,134,128,151
115.255841,133,126,149
115.259917,132,129,152
115.265925,131,127,149
115.269924,132,127,153
115.275924,133,128,152
115.279922,134,128,153
115.285923,134,126,147
115.289918,134,127,151
115.295923,135,128,151
115.299925,135,127,146
115.305955,134,129,153
115.309925,134,128,150
115.315918,133,127,147
115.319923,133,129,154
115.325925,133,126,153
115.329929,133,126,146
115.335925,133,128,153
115.339926,133,126,154
115.345927,132,125,147
115.350921,133,127,152
115.356840,133,125,152
115.360925,133,125,151
115.366925,133,126,150
115.370925,134,124,154
115.376924,134,127,153
115.379920,134,125,145
115.385924,135,127,149
115.389860,134,127,151
115.395923,133,127,149
115.399926,132,129,152
115.405927,131,128,154
115.409924,132,125,154
115.415924,132,128,151
115.419927,133,127,149
115.425924,134,126,151
115.429919,134,123,152
115.435919,135,126,148
115.439874,134,125,152
115.445926,134,126,147
115.449925,133,125,146
115.455920,132,123,150
115.459916,133,126,157
115.465925,133,126,152
115.469923,134,125,148
115.475915,134,126,153
115.479921,134,128,153
115.485927,133,127,152
115.489932,132,127,153
115.495927,131,128,153
115.499927,131,127,152
115.505927,132,127,151
115.509925,132,127,155
115.515931,133,126,147
115.519925,133,125,149
115.525925,134,124,152
115.529929,134,125,151
115.535925,133,126,151
115.539950,133,124,155
115.545924,132,125,149
115.549928,133,123,154
115.555923,133,125,157
115.559918,133,125,154
115.565926,133,126,154
115.569927,132,125,152
115.575917,132,126,151
115.579922,131,128,152
115.585924,131,127,157
115.589927,130,125,157
115.595928,130,124,150
115.599927,132,125,157
115.605927,133,124,157
115.609926,134,125,150
115.615926,134,125,151
115.619925,135,123,155
115.625926,134,127,151
115.629924,134,126,156
115.635925,134,127,153
115.639929,133,127,149
115.645924,133,127,156
115.649934,132,127,158
115.655925,132,127,151
115.659857,132,125,152
115.665877,131,124,155
115.669822,131,126,152
115.675831,131,124,157
115.679830,131,126,161
115.685833,132,124,151
115.689830,134,126,155
115.695831,135,125,157
115.699833,136,125,152
115.705833,135,125,145
115.709831,137,125,148
115.715832,137,125,154
115.719829,135,124,150
115.725831,134,125,150
115.730836,133,125,153
115.736830,132,126,157
115.740838,132,127,155
115.746827,132,125,152
115.750831,133,125,149
115.755831,133,125,146
115.759827,134,125,151
115.765829,135,126,149
115.769828,136,127,148
115.775830,136,127,147
115.779829,136,126,147
115.785831,136,128,152
115.789833,135,128,151
115.795833,135,131,149
115.799828,134,128,148
115.805833,133,129,149
115.809830,132,129,152
115.815833,131,128,153
115.819811,132,130,152
115.825807,132,129,150
115.829799,133,128,154
115.835798,133,127,146
115.839799,134,127,147
115.845799,135,125,151
115.849798,135,126,142
115.855796,135,126,149
115.859785,134,128,154
115.865798,133,127,153
115.869798,131,128,153
115.875795,130,129,155
115.879798,131,126,152
115.885798,131,126,153
115.889798,131,126,147
115.895799,131,128,148
115.899799,132,126,155
115.905799,132,126,149
115.909799,132,127,144
115.915799,133,127,152
115.919798,133,128,153
115.925799,132,128,152
115.929800,133,127,153
115.935800,133,125,156
115.939800,131,128,145
115.945800,132,129,148
115.949799,132,127,152
115.955799,132,126,151
115.959827,132,128,147
115.965832,132,127,153
115.969831,131,130,155
115.975828,131,128,147
115.979822,131,128,153
115.985830,132,128,159
115.989831,131,125,151
115.995831,131,126,145
115.999834,131,125,157
116.005830,132,124,160
116.009921,131,126,147
116.015930,132,126,152
116.019929,133,126,159
116.025924,133,126,150
116.029928,132,127,150
116.035929,132,126,156
116.039927,130,127,146
116.045932,129,126,152
116.049927,130,128,162
116.055927,130,126,155
116.059925,130,128,151
116.065926,130,125,151
116.070930,130,125,156
116.076925,130,127,157
116.080933,130,125,155
116.086930,131,124,151
116.090928,132,126,155
116.095934,132,127,150
116.099927,133,125,150
116.105927,133,126,154
116.109931,132,125,148
116.115928,132,127,153
116.119921,132,126,154
116.125917,131,126,155
116.129930,131,126,153
116.135936,130,125,151
116.139929,131,126,157
116.145930,131,125,153
116.149925,132,126,146
116.155911,133,127,150
116.159925,133,127,154
116.165926,132,126,148
116.169931,132,126,147
116.175927,132,125,151
116.179957,133,126,154
116.185933,133,128,149
116.189931,134,127,150
116.195932,135,127,154
116.199930,134,127,145
116.205938,134,131,148
116.209929,134,128,154
116.215930,133,128,149
116.219932,132,127,150
116.225927,132,126,155
116.229931,132,125,150
116.239930,132,126,148
116.242919,132,126,150
116.255931,133,125,151
116.258841,132,127,147
116.260803,132,128,147
116.261911,132,124,149
116.265965,132,126,147
116.269772,133,125,151
116.275780,133,127,154
116.279771,133,126,146
116.285777,133,127,148
116.289773,133,125,151
116.295774,132,128,145
116.299766,131,127,150
116.305773,131,129,153
116.309768,129,126,148
116.315773,131,127,150
116.319772,131,128,157
116.325777,131,126,151
116.329771,131,127,147
116.335771,131,124,149
116.339772,132,126,156
116.345773,131,125,150
116.349772,132,124,152
116.355773,132,127,150
116.359769,132,126,153
116.365793,132,128,153
116.369792,131,126,151
116.375775,131,127,156
116.379793,130,125,149
116.385791,129,128,153
116.389793,128,127,158
116.395791,128,125,157
116.399792,128,126,153
116.405793,130,125,157
116.409789,131,127,151
116.415794,132,126,152
116.419793,132,128,155
116.425799,132,127,150
116.429793,132,126,152
116.435794,132,127,146
116.439794,132,125,151
116.445793,131,128,155
116.449793,131,128,156
116.455793,131,129,158
116.460792,131,128,151
116.466791,131,130,152
116.470794,131,129,151
116.476790,131,127,160
116.480795,131,128,149
116.485794,132,125,148
116.489795,133,127,155
116.495790,133,124,147
116.499793,133,124,154
116.505794,134,124,162
116.509798,133,124,157
116.515793,133,124,148
116.519795,134,123,149
116.525793,134,124,154
116.529808,133,125,157
116.535800,132,129,152
116.539794,131,129,153
116.545794,131,131,154
116.549794,130,126,145
116.555794,131,129,151
116.559797,132,126,157
116.565837,132,127,152
116.569838,133,127,152
116.575842,134,126,156
116.579840,134,128,153
116.585839,133,125,141
116.589841,134,127,146
116.595833,134,125,153
116.599840,134,128,155
116.605841,133,127,146
116.609824,132,127,155
116.615841,131,125,151
116.619842,132,126,153
116.625843,132,127,160
116.629842,132,126,151
116.635842,133,127,140
116.639842,134,128,150
116.645841,135,126,159
116.649842,133,129,150
116.655842,133,126,146
116.659859,133,128,154
116.665754,133,127,155
116.669842,133,129,145
116.675843,133,126,145
116.679846,132,126,149
116.685846,131,127,154
116.689843,132,126,159
116.695836,131,126,155
116.699842,131,127,149
116.705842,130,128,149
116.709842,129,125,154
116.715842,130,127,159
116.719841,130,128,153
116.725843,131,127,155
116.729843,132,125,148
116.735844,132,126,148
116.739844,132,127,156
116.745839,131,125,153
116.749843,131,126,149
116.755844,131,126,155
116.759841,130,125,150
116.765828,131,123,150
116.769840,131,126,151
116.775842,131,123,156
116.779835,131,127,155
116.785844,130,124,146
116.789844,130,127,155
116.795836,131,126,155
116.799842,130,128,150
116.805843,131,126,153
116.809842,132,127,157
116.815844,132,126,151
116.819842,132,125,156
116.825843,131,127,151
116.829842,131,126,150
116.835842,131,126,159
116.839842,131,126,152
116.845844,131,126,148
116.849843,132,127,150
116.855844,131,125,150
116.859842,131,127,150
116.865922,132,127,153
116.869812,131,126,154
116.875801,131,126,149
116.879811,131,124,149
116.885811,132,126,155
116.889806,132,123,155
116.895803,132,125,155
116.899808,132,124,149
116.905807,132,126,149
116.909807,132,127,149
116.916806,131,126,148
116.920731,132,126,152
116.926843,132,125,154
116.930839,132,128,149
116.936844,133,127,149
116.939832,133,130,154
116.945840,132,127,149
116.949841,132,129,153
116.955839,131,128,150
116.959840,130,128,148
116.965839,131,128,151
116.969834,132,128,150
116.975842,132,129,151
116.979833,132,127,142
116.985845,132,125,144
116.989840,132,125,152
116.995835,132,124,152
116.999837,132,126,156
117.005840,132,125,148
117.009839,133,124,151
117.015837,132,126,149
117.019839,132,126,148
117.025839,131,127,152
117.029840,130,127,152
117.035840,130,127,155
117.039838,130,127,146
117.045839,130,128,151
117.049839,131,128,156
117.055838,130,127,148
117.059840,131,126,153
117.065840,131,126,156
117.069921,132,125,148
117.075933,132,125,150
117.079931,132,126,152
117.085941,131,126,149
117.089936,131,128,150
117.095931,130,126,151
117.099935,129,126,148
117.105936,129,126,150
117.109938,130,127,152
117.115935,130,127,154
117.119930,131,127,150
117.125930,131,128,148
117.129925,131,128,153
117.135938,131,127,152
117.139937,131,129,152
117.145934,131,128,154
117.149937,131,126,152
117.155938,131,126,148
117.159927,131,125,156
117.165937,131,126,156
117.169882,131,124,152
117.175931,131,125,153
117.179934,131,124,152
117.185936,131,124,148
117.189935,132,125,148
117.195929,132,126,155
117.199938,132,126,153
117.205939,131,127,150
117.209938,131,126,149
117.215946,131,127,155
117.219934,130,126,156
117.225935,130,125,153
117.229939,130,126,154
117.235939,130,127,154
117.239937,130,126,152
117.245933,130,126,151
117.249936,130,127,152
117.255936,131,127,155
117.259936,131,126,156
117.265940,131,125,152
117.269938,131,124,152
117.275935,131,125,156
117.279932,130,127,157
117.285939,131,125,152
117.289938,133,126,157
117.295933,133,127,155
117.299936,132,126,149
117.305937,132,125,147
117.309935,132,125,150
117.315928,132,126,153
117.319936,132,126,151
117.325936,131,125,148
117.329935,131,125,148
117.335940,131,127,154
117.339938,131,128,155
117.345934,132,127,152
117.349938,133,126,151
117.355939,132,126,145
117.359928,132,127,148
117.365938,132,128,153
117.369922,133,126,151
117.375930,133,127,150
117.379931,133,126,148
117.385937,133,127,151
117.389936,132,127,153
117.395934,131,127,155
117.399939,131,125,155
117.405939,131,125,152
117.409939,130,123,154
117.415939,129,126,150
117.419938,130,125,153
117.425939,131,125,156
117.429937,131,126,147
117.435938,131,127,147
117.439937,131,127,153
117.445926,130,127,150
117.449935,130,128,148
117.455935,130,127,151
117.459938,130,126,151
117.465827,129,128,150
117.469794,129,127,153
117.475839,129,126,155
117.479847,129,127,152
117.485850,128,128,145
117.489840,128,128,148
117.495847,129,126,157
117.499841,129,128,156
117.505841,130,127,148
117.509843,131,127,152
117.519841,131,127,153
117.522846,131,126,148
117.535841,131,127,155
117.538842,132,125,159
117.539835,131,124,144
117.541842,131,125,143
117.545840,131,126,154
117.549839,130,127,160
117.555840,129,128,152
117.559844,128,128,151
117.565843,128,127,153
117.569843,127,126,154
117.575840,128,127,153
117.579840,129,126,158
117.585848,130,127,151
117.589842,130,126,147
117.595811,130,127,155
117.599844,130,126,151
117.605842,129,126,156
117.609845,129,127,154
117.615841,128,124,155
117.619842,129,125,155
117.625844,130,124,156
117.629837,130,128,152
117.635845,130,127,147
117.639844,130,127,153
117.645858,129,126,153
117.649844,129,126,153
117.655843,129,128,156
117.659844,129,127,153
117.665842,129,128,155
117.669842,130,126,151
117.675837,130,125,153
117.679840,130,126,150
117.685847,131,125,151
117.689845,131,128,154
117.695842,131,126,152
117.699841,131,128,151
117.705842,132,125,148
117.709842,132,125,151
117.715839,133,127,151
117.719841,133,127,151
117.725841,132,125,152
117.729845,132,127,148
117.735846,131,128,148
117.739930,129,126,154
117.745934,129,127,155
117.749938,128,126,149
117.755938,129,126,157
117.759942,129,126,153
117.765938,129,124,145
117.769941,131,125,149
117.775933,132,125,150
117.779877,132,125,153
117.786942,132,125,144
117.790941,132,123,151
117.796936,131,129,159
117.800940,131,127,153
117.806940,130,127,150
117.810939,130,126,150
117.815930,130,124,145
117.819942,130,125,147
117.825944,129,126,157
117.829868,129,125,154
117.835946,129,127,148
117.839940,129,126,156
117.845937,129,124,151
117.849941,129,124,151
117.855921,131,125,158
117.859940,131,125,153
117.865941,131,124,154
117.869940,131,124,148
117.875932,131,126,150
117.879944,130,127,156
117.885940,129,126,150
117.889942,128,128,153
117.895939,128,127,154
117.899941,128,127,155
117.905942,129,128,153
117.909942,129,126,143
117.915933,131,130,154
117.919941,129,128,156
117.925941,129,128,147
117.929917,129,127,152
117.935941,129,126,160
117.939939,129,125,153
117.945941,129,128,145
117.949938,131,126,152
117.955939,131,127,155
117.959938,131,128,149
117.965942,130,127,148
117.969939,131,127,157
117.975935,130,127,153
117.979931,129,127,145
117.985939,131,126,159
117.989938,130,125,156
117.995938,130,127,143
117.999933,131,128,156
118.005943,131,125,160
118.009941,130,127,151
118.015942,130,127,147
118.019941,130,127,157
118.025936,128,125,155
118.029946,128,127,152
118.035940,129,127,157
118.039944,131,127,155
118.045944,132,128,145
118.049943,132,125,139
118.055939,134,127,156
118.059942,133,127,157
118.065934,132,127,147
118.070156,132,128,151
118.075926,130,127,153
118.079926,130,126,151
118.085931,129,126,152
118.089936,129,126,154
118.095941,128,127,149
118.099931,128,124,147
118.105940,129,128,155
118.109944,130,126,147
118.115938,131,127,151
118.119935,132,125,151
118.125939,133,124,148
118.129934,133,125,149
118.135938,133,124,151
118.139941,133,126,153
118.146942,133,126,153
118.150941,132,126,150
118.156941,131,127,146
118.160940,130,127,147
118.166942,129,127,145
118.170944,129,126,147
118.175944,129,128,154
118.179942,129,129,152
118.185945,129,128,145
118.189942,129,129,147
118.195943,130,126,152
118.199933,130,126,150
118.205942,131,127,152
118.209946,132,127,152
118.215937,131,127,150
118.219944,131,129,149
118.225945,130,128,155
118.229943,129,127,159
118.235945,128,126,145
118.239943,128,126,147
118.245938,129,125,152
118.249942,129,125,154
118.255942,130,127,152
118.259941,130,123,148
118.265942,129,128,149
118.269940,129,127,152
118.275941,129,128,157
118.279940,129,124,155
118.285940,129,127,151
118.289938,128,127,153
118.295950,128,127,151
118.299938,128,125,148
118.305944,130,126,150
118.309938,130,125,152
118.315934,129,124,150
118.319940,129,124,152
118.325942,130,124,159
118.329946,129,124,161
118.335942,128,126,158
118.339941,127,124,153
118.345945,127,128,158
118.349944,128,127,157
118.355941,129,128,155
118.359943,130,127,155
118.365945,131,125,151
118.369943,131,125,145
118.375945,131,127,151
118.379943,131,127,149
118.385814,131,126,149
118.389897,131,126,152
118.395948,130,124,154
118.399940,130,124,159
118.405947,130,124,154
118.409945,129,125,152
118.415941,130,123,151
118.419944,130,123,151
118.425944,130,128,152
118.429943,131,127,152
118.435943,131,127,149
118.439941,132,126,151
118.445942,132,127,152
118.449945,131,126,147
118.455947,131,128,153
118.459945,131,126,156
118.465940,131,126,153
118.469944,132,127,153
118.475944,132,125,148
118.479943,131,126,146
118.485926,130,126,153
118.489940,128,125,153
118.495945,127,128,151
118.499939,127,128,148
118.505945,127,125,152
118.509942,127,126,146
118.515938,128,126,152
118.519947,130,127,161
118.525943,130,126,149
118.529942,130,127,145
118.535941,131,126,154
118.539946,131,126,155
118.545946,130,127,148
118.549945,129,127,148
118.555944,129,127,157
118.560940,127,128,148
118.566941,126,128,152
118.570943,126,127,156
118.576944,124,126,153
118.580943,125,126,151
118.586952,126,124,156
118.589943,128,125,158
118.595947,129,125,152
118.599932,131,125,150
118.605946,131,124,149
118.609950,131,125,148
118.615940,130,127,152
118.619944,129,125,147
118.625945,128,126,148
118.629944,127,127,158
118.635944,126,127,155
118.639947,125,126,151
118.645948,125,127,157
118.649939,125,126,155
118.655946,125,126,150
118.659946,126,127,153
118.666412,127,126,157
118.669877,128,127,148
118.675934,129,124,150
118.679928,129,127,153
118.685933,128,127,153
118.689929,128,127,154
118.695939,128,127,155
118.699939,127,127,152
118.705945,127,127,152
118.709948,128,127,153
118.715950,128,127,152
118.719944,128,128,151
118.725944,126,128,151
118.729946,125,129,156
118.735948,124,129,151
118.739948,125,127,154
118.745943,127,129,154
118.749942,128,123,146
118.755949,130,126,148
118.759947,131,124,150
118.765874,131,127,152
118.769944,130,126,152
118.775945,130,126,154
118.779948,128,127,155
118.785821,127,124,148
118.789936,127,126,153
118.799942,127,128,152
118.802946,128,128,147
118.815948,129,126,145
118.818946,130,127,150
118.819934,130,129,153
118.821948,128,127,149
118.825948,128,124,153
118.829947,128,126,155
118.835948,127,123,153
118.839946,126,126,155
118.845947,127,124,148
118.849937,128,126,152
118.855946,128,124,147
118.859949,128,123,147
118.865955,129,125,146
118.869948,129,124,151
118.875949,129,124,153
118.879948,129,124,151
118.885993,128,125,154
118.889939,127,124,152
118.895943,125,126,152
118.899953,124,123,152
118.905949,125,127,165
118.909956,125,124,149
118.915976,126,126,148
118.919947,127,124,149
118.925948,128,124,151
118.929947,129,126,149
118.935875,130,124,148
118.939947,130,125,153
118.945947,129,125,147
118.949949,128,124,152
118.955948,128,124,157
118.959947,127,125,154
118.965947,127,127,151
118.969947,127,127,158
118.975947,126,128,156
118.979950,125,127,148
118.985946,126,128,151
118.989816,126,128,152
118.995899,127,128,152
118.999835,127,129,149
119.005901,128,126,154
119.009901,129,128,155
119.015899,128,127,150
119.020902,128,128,155
119.026900,129,124,152
119.030901,128,128,145
119.036900,129,127,149
119.040900,129,127,157
119.046899,127,127,151
119.049874,126,129,153
119.055900,125,129,163
119.059899,123,128,152
119.065901,123,129,153
119.069901,125,127,160
119.075901,126,127,156
119.079901,127,128,149
119.085899,130,127,154
119.089934,131,126,153
119.095900,131,126,146
119.099894,131,127,144
119.105902,131,128,150
119.109901,130,130,157
119.115900,129,127,151
119.119891,128,127,150
119.125901,126,127,154
119.129941,124,128,148
119.135943,124,127,155
119.139948,125,127,161
119.145944,126,126,155
119.149974,127,125,146
119.155947,129,125,154
119.159950,130,125,156
119.165941,130,124,152
119.169951,131,124,151
119.175942,131,123,152
119.179941,131,125,151
119.185949,131,125,150
119.189951,130,126,154
119.195944,129,125,151
119.199945,128,127,144
119.205951,127,128,149
119.209949,126,128,150
119.215946,125,129,151
119.219940,124,127,152
119.225948,125,129,156
119.229948,126,128,152
119.235944,127,127,153
119.239948,128,126,151
119.245942,129,125,152
119.249951,129,125,155
119.255949,129,126,147
119.259947,130,126,150
119.266699,130,127,151
119.269833,129,125,147
119.275937,129,127,149
119.279935,128,125,150
119.285951,127,126,152
119.289951,125,127,151
119.295943,125,128,155
119.299949,124,126,154
119.305949,125,127,153
119.309949,126,126,153
119.315950,126,125,149
119.319940,127,127,154
119.325949,128,127,152
119.329948,128,126,148
119.335944,128,126,148
119.339951,128,126,151
119.345952,128,126,150
119.349951,127,124,148
119.355952,128,125,156
119.359949,127,124,151
119.366951,127,126,147
119.370948,127,127,155
119.376955,126,128,156
119.380953,125,127,152
119.386957,125,125,152
119.389952,125,126,154
119.395944,125,125,150
119.399951,127,126,156
119.405951,128,126,153
119.409950,128,125,150
119.415951,128,125,150
119.419944,128,124,153
119.425948,128,124,148
119.429951,129,125,152
119.435947,128,126,158
119.439951,127,126,144
119.445952,127,125,148
119.449951,126,128,158
119.455951,126,126,149
119.459955,126,128,150
119.465944,126,126,153
119.469949,126,126,152
119.475948,126,126,147
119.479952,127,128,153
119.485949,128,126,159
119.489947,128,127,149
119.495939,128,126,143
119.499946,129,126,151
119.505951,129,127,150
119.509951,129,126,144
119.515951,130,127,147
119.519945,130,127,147
119.525950,129,128,149
119.529949,128,129,150
119.535944,127,127,150
119.539949,125,128,155
119.545948,124,127,155
119.549953,124,127,157
119.555948,124,127,153
119.559951,126,126,150
119.565952,127,125,149
119.569951,128,125,155
119.575952,128,124,152
119.579950,129,123,153
119.585951,129,124,152
119.589950,129,124,150
119.595942,128,126,151
119.599943,127,126,150
119.605951,127,126,150
119.609949,127,127,155
119.615950,126,128,150
119.619943,125,128,147
119.625949,125,128,155
119.629948,124,127,157
119.635947,122,128,151
119.639952,124,127,156
119.645833,126,124,162
119.649961,127,123,153
119.655950,129,123,147
119.659950,130,123,153
119.665950,129,122,149
119.669953,129,124,149
119.678952,129,123,155
119.680946,130,124,159
119.687826,130,125,152
119.690952,129,126,144
119.695947,129,128,147
119.701890,127,129,155
119.705951,124,130,156
119.711951,122,128,156
119.715950,122,126,153
119.720950,124,127,155
119.724954,126,128,151
119.730949,128,125,155
119.734929,129,125,153
119.740956,129,124,151
119.744815,129,125,153
119.750949,128,124,153
119.754943,128,125,150
119.760944,129,125,158
119.764815,128,124,154
119.770907,128,125,147
119.774902,128,129,151
119.780904,128,126,154
119.784901,127,128,155
119.790907,126,127,148
119.794927,125,129,159
119.800906,124,129,157
119.804905,123,129,153
119.810902,123,131,158
119.814902,124,128,158
119.820907,126,128,154
119.827906,128,127,147
119.829906,131,127,151
119.834905,132,127,152
119.840906,131,125,145
119.844904,131,125,146
119.850906,131,125,154
119.854906,129,127,154
119.860907,127,126,149
119.864905,125,126,156
119.870844,123,125,159
119.874951,122,128,152
119.880819,124,129,155
119.884874,126,130,159
119.890957,127,127,148
119.894957,128,128,145
119.900956,130,127,155
119.904951,130,126,155
119.910951,130,126,149
119.914954,129,127,150
119.920950,128,125,156
119.924954,127,126,152
119.930955,126,126,150
119.934953,127,126,156
119.940953,128,127,151
119.944952,128,128,147
119.950953,129,127,147
119.954952,128,126,147
119.960952,127,128,152
119.964956,126,125,150
119.970950,126,126,155
119.974954,125,127,157
119.980956,125,126,156
119.984954,126,127,154
119.990955,128,126,155
119.994954,128,127,150
120.000888,129,123,145
120.004956,129,126,151
120.010952,129,126,152
120.014955,129,126,155
120.020953,128,126,150
120.024956,127,125,148
120.030957,126,127,154
120.034956,125,125,151
120.040823,125,128,150
120.044913,126,127,152
120.050907,127,128,157
120.054906,126,125,147
120.060906,127,125,147
120.064907,128,125,153
120.082907,128,125,152
120.096911,128,126,151
120.098935,128,124,144
120.099936,129,125,152
120.101816,128,127,149
120.105956,128,128,158
120.112955,126,126,149
120.115943,126,127,147
120.122953,127,127,155
120.125946,127,128,157
120.132957,127,128,149
120.135946,127,127,148
120.139948,127,127,153
120.145954,126,126,150
120.149951,126,127,149
120.155949,127,126,153
120.159942,127,127,152
120.165957,127,125,146
120.169892,128,125,154
120.175957,128,125,153
120.184955,128,127,151
120.187945,127,127,154
120.189950,126,127,155
120.195955,125,127,152
120.199948,124,127,155
120.205954,124,128,156
120.209953,125,127,151
120.215954,127,128,153
120.219865,126,125,151
120.225957,127,125,149
120.229956,128,125,147
120.235952,129,125,156
120.239954,128,125,154
120.245938,128,125,145
120.249952,128,126,154
120.255953,128,124,150
120.259957,127,126,150
120.265957,127,128,150
120.269966,128,126,157
120.275957,127,127,153
120.279955,127,127,142
120.285956,127,127,150
120.289949,128,127,155
120.295957,127,127,148
120.299861,128,127,147
120.305956,129,126,156
120.309955,128,125,153
120.318957,128,127,148
120.321956,128,125,154
120.325950,128,125,151
120.329950,128,126,147
120.335959,128,126,149
120.339948,129,127,155
120.345958,128,127,151
120.349957,127,126,150
120.355949,126,128,153
120.359961,126,127,155
120.365950,125,126,152
120.369954,125,126,153
120.375954,126,127,154
120.379958,127,126,159
120.385948,127,126,151
120.389953,128,126,147
120.395958,128,127,153
120.399959,128,126,157
120.405957,126,128,150
120.409956,126,127,152
120.415955,125,127,159
120.419954,125,127,151
120.425959,126,128,152
120.429953,127,128,158
120.435959,127,126,152
120.439949,127,127,146
120.446959,127,126,154
120.450957,126,127,159
120.456947,127,127,155
120.460970,127,126,152
120.466958,127,126,153
120.470891,128,126,152
120.476136,127,125,151
120.479939,128,125,156
120.485939,128,127,150
120.489896,129,127,147
120.495958,129,126,151
120.500022,129,127,150
120.505959,129,126,147
120.509957,128,128,151
120.515958,126,128,156
120.519957,125,130,153
120.525956,125,127,153
120.529959,125,128,159
120.535960,125,126,156
120.539951,126,127,153
120.545959,127,126,153
120.549959,129,125,151
120.555953,129,126,150
120.559957,130,127,151
120.565958,129,125,149
120.569957,129,126,143
120.575956,129,125,147
120.579956,128,127,155
120.585956,127,126,150
120.590004,127,128,148
120.595961,127,128,152
120.599959,126,130,155
120.605954,125,128,148
120.609959,125,129,148
120.615950,125,129,154
120.619949,125,129,150
120.625960,126,128,148
120.629957,128,128,152
120.635958,128,126,153
120.639950,128,125,151
120.645958,129,125,152
120.649958,130,126,149
120.655952,131,124,149
120.659957,131,124,148
120.665957,130,124,146
120.669956,129,127,149
120.675956,128,127,150
120.679960,126,128,149
120.685960,124,128,148
120.689958,123,126,152
120.695960,122,127,156
120.699958,123,126,155
120.705954,125,128,151
120.709956,127,125,148
120.715958,128,126,151
120.719956,129,125,148
120.725957,129,124,146
120.729956,130,124,151
120.735961,129,124,149
120.739955,128,124,148
120.745951,128,124,152
120.749955,127,123,154
120.755955,126,125,153
120.759960,125,126,152
120.765960,124,124,155
120.769958,123,125,152
120.775959,124,127,155
120.779958,125,127,153
120.785958,126,127,150
120.789958,127,127,151
120.795958,127,127,152
120.799961,127,126,154
120.805956,127,124,153
120.809960,127,125,153
120.815957,127,125,156
120.819959,127,126,149
120.825960,127,126,150
120.829959,127,127,151
120.835960,127,125,151
120.840954,126,127,153
120.846939,125,126,152
120.850953,124,127,157
120.856901,124,127,156
120.860897,124,128,156
120.866960,125,127,159
120.869957,125,125,151
120.875959,126,125,151
120.879957,127,127,155
120.885958,128,125,154
120.889957,129,127,148
120.895958,129,126,149
120.899956,129,127,149
120.905956,128,129,150
120.909959,128,128,154
120.915960,127,127,153
120.919959,126,127,149
120.925959,126,128,151
120.929958,126,128,154
120.935959,125,129,155
120.939955,125,128,155
120.945960,125,127,154
120.949959,126,127,156
120.955953,127,126,155
120.959957,128,125,153
120.965953,129,124,156
120.969953,129,124,152
120.975958,129,124,151
120.979956,129,125,153
120.985958,129,125,154
120.989920,129,124,150
120.995961,129,125,147
120.999959,128,127,150
121.005955,127,130,154
121.009958,126,127,153
121.015959,125,128,155
121.019962,125,128,151
121.025958,125,129,151
121.029962,126,128,152
121.035957,127,128,152
121.039955,128,126,150
121.045961,129,126,152
121.049960,129,125,153
121.055964,129,126,148
121.059962,130,124,149
121.065964,129,123,152
121.069958,129,125,150
121.075841,128,124,149
121.079951,128,123,159
121.085955,128,125,154
121.089959,128,124,147
121.095956,128,125,150
121.099959,127,125,153
121.105953,126,125,147
121.109955,126,127,151
121.115956,126,128,158
121.119954,126,127,152
121.125955,126,126,147
121.129951,127,124,153
121.135959,128,125,150
121.139953,128,125,144
121.145963,128,127,151
121.149962,128,125,152
121.155894,127,124,149
121.159961,127,124,150
121.165961,127,126,158
121.169960,125,127,154
121.175961,125,127,150
121.179961,126,128,150
121.185960,126,126,149
121.189947,126,126,151
121.195955,127,125,151
121.199958,128,125,153
121.205901,128,125,151
121.209960,128,126,149
121.215959,127,127,153
121.219959,126,124,150
121.225959,126,124,149
121.229963,127,124,149
121.235963,128,124,151
121.239956,128,124,146
121.245957,128,124,151
121.249960,127,126,158
121.255971,126,122,150
121.259955,124,123,153
121.265960,125,122,152
121.269959,125,121,154
121.275951,126,122,159
121.279963,127,123,157
121.285964,128,125,149
121.289953,128,125,147
121.295964,128,127,152
121.299969,127,126,148
121.306045,127,124,149
121.309955,127,125,154
121.315958,126,126,150
121.319961,126,127,151
121.325961,128,125,153
121.329964,127,125,153
121.336961,125,126,151
121.340962,124,123,150
121.346963,123,122,156
121.349964,125,121,161
121.359963,127,121,153
121.362962,129,120,150
121.375957,130,121,154
121.378962,130,122,153
121.379953,130,121,156
121.381958,129,122,152
121.386963,127,122,146
121.390904,127,124,155
121.395962,128,126,156
121.399962,128,128,153
121.405961,128,127,147
121.409956,127,126,150
121.415965,124,128,151
121.419963,124,127,150
121.425964,124,126,162
121.429963,126,124,154
121.435963,128,123,143
121.439899,130,122,146
121.445963,130,122,154
121.449962,129,123,149
121.455962,128,122,150
121.459963,129,124,159
121.465963,130,125,149
121.469962,131,126,144
121.475954,131,125,149
121.479957,129,126,153
121.488964,128,127,152
121.490953,126,124,152
121.494966,125,125,157
121.500964,124,125,152
121.504964,125,125,155
121.510960,127,124,155
121.514962,128,123,152
121.520963,128,124,149
121.524961,128,122,149
121.530961,128,122,155
121.534964,129,123,152
121.540960,129,121,146
121.544965,129,122,149
121.550970,129,123,146
121.554963,128,124,151
121.560964,127,126,156
121.564958,127,125,156
121.570957,126,125,152
121.574957,125,127,153
121.580963,124,126,156
121.584963,124,126,155
121.590956,125,127,154
121.594962,126,124,155
121.600962,126,123,149
121.604966,126,121,150
121.610961,127,123,158
121.614959,128,122,154
121.620967,128,121,151
121.624964,129,122,154
121.630965,129,123,150
121.634968,129,123,149
121.640958,130,126,152
121.644962,129,125,152
121.650968,127,126,148
121.654962,126,125,155
121.660962,124,125,157
121.664966,124,124,155
121.670961,125,124,156
121.674960,126,124,151
121.680965,127,126,148
121.684965,128,124,155
121.690970,129,123,154
121.694969,129,122,146
121.700969,129,123,149
121.704963,129,123,157
121.710959,128,122,153
121.714957,128,125,152
121.720962,128,124,154
121.724965,127,126,152
121.730962,127,127,148
121.734965,127,126,151
121.740904,128,126,157
121.744827,128,126,148
121.750965,128,126,146
121.754964,128,126,149
121.760964,127,126,153
121.764958,126,125,155
121.770958,126,122,152
121.774962,128,121,151
121.780963,128,120,147
121.784966,128,121,146
121.790890,129,121,149
121.794970,129,124,157
121.800966,128,124,153
121.804965,128,125,145
121.810838,128,124,148
121.814916,128,125,155
121.820919,128,124,152
121.825918,128,125,150
121.831918,129,127,150
121.835918,128,126,145
121.841915,127,128,151
121.845918,127,128,157
121.851918,126,127,155
121.854917,126,125,148
121.860915,125,124,147
121.864917,126,125,148
121.870918,127,122,150
121.874913,128,124,152
121.880919,128,121,147
121.884917,128,123,150
121.890956,128,121,152
121.894924,127,123,153
121.900918,127,123,154
121.904918,127,125,154
121.910933,128,123,151
121.914913,128,124,151
121.920919,128,126,153
121.924929,126,126,155
121.930919,125,125,150
121.934918,124,125,149
121.940919,124,126,155
121.944918,125,126,149
121.950918,126,127,150
121.954918,127,128,154
121.960965,127,126,153
121.964968,128,125,153
121.970968,128,123,149
121.974904,128,124,149
121.980963,128,122,150
121.984967,128,123,154
121.990967,128,124,153
121.997969,128,123,155
121.999957,127,123,154
122.005966,126,122,150
122.009966,126,124,154
122.015961,126,123,157
122.019963,125,126,156
122.025960,125,126,151
122.029968,125,125,157
122.035969,126,126,151
122.039967,128,125,150
122.045965,129,127,156
122.049968,129,124,144
122.055960,128,127,150
122.059960,127,126,156
122.065968,126,126,154
122.069967,126,126,154
122.075962,127,123,151
122.079965,128,124,152
122.085966,128,125,149
122.089966,128,124,149
122.095958,129,123,152
122.099968,128,124,151
122.105969,128,124,151
122.109968,127,124,154
122.115946,128,124,158
122.119962,128,123,151
122.125958,128,123,153
122.129961,127,124,153
122.135967,127,124,155
122.139957,128,126,153
122.145967,128,125,147
122.149965,128,125,152
122.155965,128,125,151
122.159968,128,125,148
122.165965,129,125,147
122.169969,129,124,151
122.175959,128,125,150
122.179968,128,123,148
122.186966,128,126,153
122.190969,127,125,149
122.196970,127,126,150
122.200967,127,125,155
122.206968,127,124,150
122.210967,127,125,149
122.215958,128,127,150
122.219964,128,125,153
122.225961,127,124,150
122.229969,127,125,154
122.235965,127,123,151
122.239969,127,123,148
122.245963,128,123,152
122.249967,129,123,156
122.255968,129,125,152
122.259961,128,125,147
122.265967,127,125,151
122.269966,127,124,153
122.275974,126,125,153
122.279968,125,125,154
122.285969,125,125,148
122.289968,125,127,151
122.295959,127,126,157
122.299961,127,127,151
122.305967,127,128,146
122.309957,127,127,151
122.315961,126,125,153
122.319969,127,125,153
122.325972,127,126,158
122.329967,126,126,155
122.335967,125,125,153
122.339967,125,127,153
122.345961,125,125,157
122.349970,126,125,153
122.355971,126,125,149
122.359964,127,126,153
122.365970,127,124,152
122.369968,127,125,153
122.375881,127,125,153
122.379967,127,126,155
122.385968,126,125,153
122.389966,126,125,153
122.395959,126,125,160
122.399970,126,125,159
122.405966,126,124,149
122.409962,127,126,153
122.415964,127,126,153
122.419960,128,128,154
122.425974,127,127,149
122.429968,128,126,148
122.435969,127,125,147
122.439968,128,125,152
122.445969,128,125,156
122.449972,128,126,154
122.455968,128,125,152
122.459966,128,124,153
122.465972,127,124,152
122.469970,127,125,152
122.475992,128,126,155
122.479970,128,125,151
122.486967,129,125,143
122.490970,130,124,149
122.496967,130,126,149
122.500970,129,124,147
122.506970,129,126,152
122.510964,128,126,152
122.515831,128,127,152
122.519917,127,126,149
122.525915,128,127,149
122.529922,128,127,156
122.535921,127,127,153
122.539921,127,126,149
122.545928,127,127,148
122.549923,126,126,154
122.555922,126,125,156
122.559926,126,126,151
122.565922,126,124,150
122.569923,128,121,153
122.575923,128,121,151
122.579923,129,121,152
122.585925,129,124,158
122.589923,128,124,152
122.595920,127,126,149
122.599925,126,125,145
122.605922,126,126,153
122.609855,126,126,154
122.615857,125,127,147
122.619915,126,127,149
122.625961,126,129,157
122.629971,126,128,153
122.639970,125,129,149
122.642995,124,128,155
122.655969,124,127,158
122.658972,125,127,153
122.659965,128,125,150
122.661971,130,125,154
122.665969,130,124,148
122.669968,129,125,146
122.675969,129,125,151
122.679970,128,125,155
122.688969,128,125,148
122.690962,128,127,150
122.694964,127,125,155
122.700976,126,128,150
122.704973,126,127,151
122.710972,127,127,156
122.714968,125,127,151
122.720912,125,126,146
122.724972,125,126,158
122.730972,125,126,159
122.734970,126,127,152
122.740971,127,126,151
122.744898,128,126,153
122.750970,128,127,148
122.754973,128,128,151
122.760969,128,126,152
122.764973,128,126,149
122.770973,128,126,151
122.774971,128,126,154
122.780969,127,126,150
122.784972,127,127,149
122.790972,126,127,154
122.794962,126,128,154
122.800972,125,127,151
122.804969,126,128,156
122.810964,126,127,155
122.814969,126,128,154
122.820913,127,127,154
122.824973,127,126,153
122.830969,128,126,154
122.834973,128,126,150
122.843908,129,126,152
122.846973,129,126,150
122.850972,128,125,146
122.854966,129,128,151
122.860985,128,127,151
122.864973,127,128,154
122.870969,125,128,150
122.874972,125,127,155
122.880973,125,126,158
122.884972,125,125,150
122.890971,126,127,149
122.894921,128,127,152
122.900973,129,128,154
122.904971,128,127,144
122.910976,129,127,147
122.914970,129,127,152
122.920880,128,128,151
122.924974,127,129,152
122.930974,127,127,156
122.934973,127,127,153
122.940973,127,125,149
122.944973,127,127,149
122.950972,127,126,148
122.954971,128,126,149
122.960909,128,127,146
122.964971,128,128,148
122.970971,128,128,148
122.974974,127,127,146
122.980973,127,128,153
122.986969,127,127,154
122.989972,127,126,153
122.995009,128,124,150
123.000972,129,125,150
123.004971,128,126,155
123.010951,127,127,151
123.014971,126,128,149
123.020910,125,129,152
123.024975,125,129,153
123.030974,125,129,147
123.034974,125,128,148
123.040974,126,128,154
123.044972,127,128,156
123.050974,127,128,153
123.054972,127,126,152
123.060983,126,128,155
123.064972,125,127,152
123.070972,125,128,152
123.074971,126,127,154
123.080971,126,129,151
123.084971,126,128,149
123.090975,126,129,151
123.094969,126,127,153
123.100975,125,128,153
123.104973,125,126,156
123.111001,125,127,158
123.114978,126,127,155
123.120847,126,127,155
123.124838,127,128,158
123.130914,127,129,153
123.134921,127,129,151
123.141927,127,129,151
123.145926,126,129,151
123.151926,126,129,151
123.155926,126,130,156
123.161922,126,126,154
123.165927,127,128,154
123.170926,127,128,151
123.174925,127,129,153
123.180923,128,128,151
123.184926,128,127,146
123.190926,128,129,156
123.194859,127,130,155
123.200931,127,129,152
123.204926,126,129,155
123.210920,125,126,154
123.214927,125,129,156
123.220927,125,129,155
123.224926,126,129,157
123.230922,126,127,153
123.234926,127,128,154
123.240927,129,127,159
123.244837,129,128,152
123.250974,129,128,148
123.254976,129,128,147
123.260972,128,127,150
123.264974,128,128,150
123.273972,128,129,150
123.276967,128,128,150
123.280974,128,129,149
123.284972,127,129,150
123.290973,127,131,147
123.294981,127,130,150
123.300974,126,130,152
123.304972,127,130,151
123.310977,128,129,150
123.314970,129,130,149
123.320976,129,130,149
123.324975,128,127,148
123.330970,128,128,156
123.334974,127,128,155
123.340974,128,130,148
123.344962,129,128,150
123.350973,129,128,146
123.354972,129,127,144
123.360973,129,129,154
123.364976,128,128,153
123.370972,128,129,140
123.374975,127,129,145
123.380969,125,125,155
123.384974,124,127,152
123.390975,124,128,150
123.394973,125,128,154
123.400975,126,128,149
123.405973,126,129,146
123.411983,127,127,152
123.415977,126,129,155
123.421978,126,128,149
123.425972,126,129,152
123.430973,125,129,156
123.434969,124,129,154
123.440976,123,131,153
123.444975,123,130,153
123.450973,124,131,159
123.454976,124,131,153
123.460977,125,129,149
123.464976,126,131,150
123.470972,126,131,152
123.474975,127,130,155
123.480971,127,128,152
123.484974,126,128,152
123.490975,125,127,149
123.496884,125,125,154
123.500972,125,127,160
123.504976,125,126,153
123.510977,125,129,154
123.514980,125,128,152
123.520975,126,129,151
123.524974,126,131,156
123.530969,127,129,155
123.534968,127,130,149
123.541974,126,132,148
123.545910,126,133,155
123.549973,125,132,158
123.555977,125,132,154
123.559977,126,131,150
123.565971,127,132,151
123.569975,128,130,155
123.575975,129,131,150
123.579969,130,129,148
123.585975,130,128,150
123.589974,128,127,147
123.595913,127,128,148
123.599977,126,127,157
123.605978,126,127,154
123.609977,127,126,149
123.615973,128,128,151
123.619973,128,127,152
123.625973,128,131,150
123.629968,128,128,152
123.635971,128,130,156
123.639975,127,129,148
123.646105,126,131,150
123.649975,126,129,154
123.655975,126,129,148
123.659974,127,129,151
123.665975,127,128,154
123.669977,128,127,153
123.675973,127,127,150
123.679972,127,127,148
123.685977,128,127,149
123.689977,128,127,153
123.695952,127,127,153
123.699968,127,125,149
123.705975,128,125,154
123.709981,128,126,152
123.715968,127,126,149
123.719974,128,128,157
123.725975,127,127,154
123.729980,126,128,148
123.735974,126,128,151
123.739977,126,131,158
123.745969,126,130,154
123.749977,127,128,149
123.755977,128,127,151
123.759976,128,128,145
123.765977,127,129,146
123.769976,128,129,152
123.775976,127,127,150
123.779929,126,127,150
123.785969,126,130,153
123.789983,126,126,153
123.795973,127,127,152
123.799970,127,125,147
123.805978,127,127,152
123.809976,127,128,157
123.815968,127,128,149
123.820003,128,127,151
123.826979,128,127,158
123.830972,126,127,152
123.836977,125,129,152
123.840981,125,128,158
123.846984,125,128,155
123.850980,125,127,153
123.855979,126,128,152
123.859978,126,128,152
123.865983,127,127,148
123.869981,127,128,150
123.875977,127,128,152
123.879984,126,129,152
123.885979,125,128,152
123.889978,125,127,153
123.895978,126,128,156
123.899969,126,128,154
123.905978,126,128,153
123.909977,126,128,154
123.919980,126,127,156
123.922979,126,127,156
123.935975,126,126,151
123.938972,126,127,153
123.939971,126,127,159
123.941976,126,127,152
123.945979,127,128,152
123.949978,128,127,152
123.955978,128,126,150
123.959977,129,127,147
123.965979,129,126,150
123.969978,128,128,154
123.975978,127,126,154
123.979977,127,128,149
123.985978,127,127,150
123.989977,126,128,151
123.995977,127,128,151
123.999973,127,128,154
124.005981,128,126,153
124.009980,128,128,146
124.015975,129,127,145
124.019980,129,126,154
124.025979,129,127,153
124.029978,129,125,146
124.035970,128,126,149
124.039973,128,124,151
124.045979,128,128,151
124.049977,128,126,148
124.055977,128,127,155
124.059981,127,128,155
124.065977,125,129,149
124.069971,125,131,154
124.075973,125,130,156
124.079979,126,129,148
124.085982,128,128,143
124.089979,129,129,149
124.095980,129,130,147
124.099970,129,128,142
124.105979,129,128,147
124.109978,128,127,145
124.115974,127,129,145
124.119968,127,127,152
124.125974,127,126,150
124.129974,127,128,143
124.135988,126,128,147
124.139840,125,130,154
124.145943,124,127,152
124.149932,125,129,156
124.155933,127,128,146
124.159932,129,125,142
124.165932,129,128,155
124.169932,128,129,151
124.175933,127,131,159
124.179931,125,128,164
124.185933,124,123,150
124.189932,123,128,145
124.195933,124,129,156
124.199929,125,128,170
124.205932,126,128,148
124.209933,128,128,137
124.215927,129,127,153
124.219933,128,124,146
124.225933,127,125,131
124.229930,127,126,147
124.235862,124,125,162
124.239924,121,126,151
124.245927,120,129,159
124.249932,120,127,171
124.255930,121,127,165
124.259933,123,128,155
124.265932,125,125,152
124.269933,128,127,151
124.275933,129,125,149
124.279933,130,125,152
124.285933,131,126,152
124.289933,131,126,144
124.295933,129,123,144
124.299931,127,125,149
124.305990,125,126,162
124.310982,126,127,167
124.316977,127,126,159
124.320980,128,126,149
124.326983,128,127,145
124.330981,127,129,156
124.335988,125,129,161
124.339975,124,127,150
124.345977,125,127,152
124.349981,126,127,156
124.355978,127,126,151
124.359977,128,126,155
124.365979,129,126,157
124.369978,128,125,151
124.375978,128,126,157
124.379981,129,125,159
124.385977,130,125,154
124.389981,130,124,152
124.395982,129,129,152
124.399976,126,129,152
124.405981,125,129,151
124.409980,124,129,155
124.415975,123,130,152
124.419984,124,127,151
124.425974,127,128,157
124.429982,129,130,157
124.435992,130,129,152
124.439973,129,128,156
124.445977,128,126,152
124.449981,128,127,155
124.455981,128,126,156
124.459980,129,126,154
124.465977,129,126,147
124.469980,128,127,146
124.475981,128,127,153
124.479979,127,127,155
124.485982,126,127,151
124.489980,126,125,150
124.495981,126,126,153
124.499976,127,128,159
124.505981,127,126,154
124.509972,129,127,158
124.515974,129,128,151
124.519979,128,127,147
124.525979,128,129,159
124.529982,126,127,152
124.535983,126,127,148
124.539974,127,129,150
124.545987,127,128,149
124.549981,127,128,148
124.555980,128,127,150
124.559984,128,125,156
124.565979,127,126,148
124.570847,128,125,148
124.575901,128,127,156
124.579893,128,127,152
124.585897,126,128,150
124.589906,126,127,152
124.595891,126,127,155
124.599887,126,128,152
124.606172,126,128,151
124.609980,126,128,155
124.615971,127,129,152
124.619975,127,127,147
124.625975,128,127,155
124.629979,128,127,152
124.635989,128,126,147
124.639976,128,127,152
124.645977,128,126,152
124.649975,127,127,149
124.655984,127,127,147
124.659988,126,127,153
124.665966,125,128,155
124.670001,124,127,148
124.675982,126,126,152
124.679982,126,127,156
124.685982,126,128,151
124.689981,127,127,146
124.695986,128,126,152
124.699981,127,125,151
124.705986,127,126,150
124.709862,127,127,151
124.716946,127,125,151
124.721984,127,126,153
