87.143585 198.204
87.150901 199.902
87.151893 197.57
87.156788 197.434
87.160792 198.842
87.170617 194.371
87.171610 198.073
87.177611 195.898
87.188681 195.133
87.198620 196.543
87.199617 195.133
87.206623 195.133
87.208649 196.543
87.218630 193.724
87.219616 199.612
87.221624 197.434
87.237722 193.61
87.244706 198.842
87.258702 198.073
87.266702 195.78
87.268696 196.665
87.269693 193.724
87.271693 194.263
87.277706 197.434
87.286702 199.902
87.289701 198.842
87.291692 197.307
87.295698 198.842
87.301703 196.665
87.305701 195.021
87.321706 196.543
87.324697 196.543
87.338703 193.61
87.343702 195.133
87.358703 197.57
87.359693 196.797
87.360696 196.797
87.361690 195.133
87.366701 192.961
87.372702 198.204
87.376701 197.57
87.385650 195.256
87.388704 192.315
87.390695 194.618
87.396774 197.57
87.408711 194.618
87.409696 198.204
87.413705 196.797
87.416703 196.665
87.421705 199.123
87.426705 200.062
87.441707 196.026
87.443697 193.724
87.444698 196.797
87.451705 197.57
87.456705 196.163
87.458695 196.163
87.468706 196.939
87.469695 194.489
87.471696 197.57
87.477707 202.089
87.486708 198.204
87.488700 197.434
87.490697 195.898
87.496696 200.529
87.500729 199.902
87.506706 196.939
87.521708 198.346
87.528709 195.389
87.554704 198.346
87.555693 196.163
87.556698 192.315
87.561702 195.898
87.567703 197.434
87.571702 200.529
87.578704 195.898
87.584704 197.307
87.587694 196.543
87.593703 195.898
87.599146 198.842
87.605705 194.371
87.610703 195.256
87.611695 198.346
87.616710 194.489
87.620704 190.79
87.626703 195.133
87.635704 192.315
87.638703 194.489
87.640699 197.717
87.646651 200.848
87.650704 195.389
87.656704 198.346
87.660703 201.308
87.666703 194.618
87.670703 193.724
87.685716 193.724
87.688699 196.026
87.689696 199.123
87.696701 199.444
87.699612 193.21
87.701703 193.982
87.707705 199.123
87.714700 196.939
87.716707 197.57
87.722646 198.346
87.726886 195.133
87.735620 195.898
87.745623 197.57
87.746621 199.902
87.751627 198.346
87.753626 193.08
87.755621 192.44
87.767628 199.279
87.770627 193.08
87.771620 189.275
87.776683 196.939
87.788683 198.346
87.793625 196.163
87.794619 199.902
87.796632 198.497
87.808727 193.848
87.816696 196.797
87.818705 202.252
87.819696 200.529
87.821705 198.977
87.845715 196.797
87.848703 194.489
87.849699 201.467
87.850700 200.848
87.851699 200.062
87.856709 200.848
87.873709 196.311
87.878709 199.123
87.886709 198.346
87.940714 197.434
87.941699 199.902
87.959709 199.123
87.964706 197.57
87.969710 197.434
88.041715 195.898
88.043701 197.57
88.105718 196.797
88.115704 196.939
88.125716 199.279
88.141709 193.848
88.161709 195.256
88.163697 195.256
88.170708 201.467
88.171698 196.026
88.173707 193.848
88.180675 194.618
88.188714 193.21
88.193714 194.371
88.198699 195.389
88.203716 199.123
88.241722 195.389
88.246699 193.08
88.251708 196.026
88.253707 195.256
88.254699 198.346
88.263706 196.026
88.268708 194.489
88.269699 200.062
88.276708 199.279
88.283703 193.21
88.288709 198.658
88.293708 196.311
88.298703 191.672
88.299699 195.533
88.304707 200.232
88.315703 193.21
88.326610 194.618
88.331749 202.252
88.343653 196.311
88.350757 199.279
88.351750 193.848
88.353760 198.204
88.357754 198.204
88.410768 198.204
88.421759 200.529
88.423751 198.977
88.424751 198.204
88.429760 200.848
88.436756 193.848
88.449758 191.552
88.454758 196.665
88.463756 193.724
88.470758 197.57
88.475756 194.489
88.476687 194.371
88.478713 199.123
88.483708 193.08
88.495713 193.724
88.498708 193.848
88.499703 197.57
88.501712 196.163
88.507711 195.389
88.524719 194.371
88.525703 193.724
88.554714 199.902
88.555702 194.618
88.576714 196.026
88.578703 191.552
88.585713 194.618
88.586703 198.497
88.588706 196.026
88.621718 196.797
88.623704 198.497
88.640713 197.57
88.641704 197.874
88.643703 198.497
88.655711 198.497
88.658710 199.279
88.673711 196.665
88.674700 201.159
88.688711 202.714
88.689702 198.204
88.691701 195.389
88.703711 193.61
88.704704 201.308
88.705702 203.039
88.740717 195.256
88.745706 199.123
88.746704 202.872
88.748711 202.425
88.752713 198.658
88.768715 195.256
88.771704 197.717
88.773711 200.848
88.774701 200.062
88.778712 199.279
88.781711 201.636
88.790711 198.497
88.813712 198.346
88.823711 200.848
88.833712 201.308
88.834702 201.467
88.841713 198.977
88.844706 198.346
88.854711 201.308
88.855702 200.848
88.869714 195.389
88.888717 197.57
88.889702 199.752
88.933716 199.123
88.934695 197.717
88.941710 199.123
88.951711 193.848
88.970717 196.939
88.971707 196.665
88.983712 192.961
88.984710 203.494
88.985708 200.529
88.986705 197.57
89.023717 196.026
89.033712 191.552
89.034708 194.263
89.039716 196.665
89.040711 203.657
89.041707 199.123
89.053721 192.961
89.069717 195.78
89.098718 197.434
89.103717 197.57
89.104711 191.343
89.114716 198.204
89.124720 197.434
89.134712 197.57
89.151714 196.665
89.153716 198.842
89.154706 195.898
89.159715 190.032
89.161717 199.279
89.167712 193.848
89.214723 192.44
89.249720 201.467
89.250715 196.797
89.251704 197.57
89.271714 199.752
89.273714 199.123
89.274705 195.898
89.276707 198.977
89.280719 199.752
89.301716 199.902
89.303704 198.204
89.304708 194.618
89.328722 199.123
89.329709 201.308
89.331709 199.279
89.334713 200.684
89.336711 195.256
89.348717 192.2
89.361718 199.752
89.363709 195.898
89.364711 193.724
89.381718 199.612
89.390718 199.612
89.395718 198.842
89.411718 201.02
89.416717 197.434
89.431724 198.073
89.436717 196.543
89.441717 194.371
89.443708 197.307
89.444713 193.61
89.446710 197.434
89.452715 198.977
89.456718 195.898
89.462718 198.204
89.466716 196.665
89.475719 195.898
89.478719 200.385
89.485717 200.385
89.503713 198.842
89.504716 195.78
89.514710 193.724
89.523630 196.543
89.524678 198.073
89.531951 197.307
89.533599 199.902
89.534571 202.714
89.548610 195.389
89.549604 196.543
89.550602 196.431
89.551601 195.78
89.559608 198.842
89.569609 199.752
89.583609 199.752
89.584623 199.279
89.611607 199.752
89.614607 199.902
89.629610 199.123
89.630601 192.315
89.631602 199.612
89.636605 198.073
89.643608 197.307
89.647608 195.78
89.653607 198.204
89.657607 203.657
89.663607 196.026
89.667608 194.371
89.674606 195.389
89.676603 191.552
89.682613 193.08
89.691610 196.939
89.694609 199.752
89.696606 196.026
89.702607 198.346
89.709606 199.612
89.711605 197.434
89.715609 198.842
89.721612 199.752
89.730643 203.039
89.733643 197.434
89.735635 193.08
89.741642 198.842
89.745711 198.977
89.751712 196.665
89.755719 192.315
89.761719 197.57
89.765721 198.204
89.771720 198.842
89.775719 198.977
89.781720 200.529
89.785712 198.073
89.794720 198.977
89.796714 200.385
89.802712 192.961
89.811725 196.543
89.813714 198.977
89.815708 195.898
89.823722 194.371
89.826706 196.939
89.831711 198.497
89.835722 195.256
89.843717 197.57
89.846719 198.346
89.851718 193.724
89.855718 198.977
89.873719 196.797
89.876713 192.961
89.878709 195.133
89.879709 196.939
89.881717 193.848
89.887711 194.371
89.891717 193.848
89.898719 195.898
89.900712 197.434
89.906719 197.307
89.910719 198.204
89.916717 197.307
89.920672 192.852
89.926835 198.073
89.930711 202.089
89.936715 197.434
89.948719 190.686
89.949708 194.618
89.951708 196.665
89.964719 193.724
89.966708 196.665
89.968717 195.256
89.973718 198.204
89.979718 198.497
89.981719 198.497
89.995718 196.797
89.998717 194.371
89.999710 194.618
90.001717 195.898
90.007716 195.133
90.014719 198.346
90.016712 198.977
90.022709 196.026
90.026660 200.385
90.030715 199.612
90.036716 195.133
90.040719 197.434
90.046719 195.898
90.051718 196.026
90.055722 195.133
90.061720 195.021
90.065720 198.204
90.077721 201.308
90.080664 198.204
90.081714 195.021
90.086718 199.752
90.100720 195.898
90.103710 194.263
90.104719 195.898
90.109718 195.256
90.111711 195.133
90.117715 199.752
90.121717 201.467
90.133580 197.717
90.136634 195.898
90.138598 196.797
90.145711 202.714
90.148725 198.842
90.153720 195.898
90.158722 199.482
90.160715 195.898
90.183724 192.096
90.193724 196.026
90.194712 200.684
90.199722 196.163
90.201721 201.308
90.204716 198.204
90.211722 201.159
90.216723 198.842
90.224727 196.431
90.233723 201.02
90.238723 198.977
90.243723 196.543
90.250719 195.898
90.251710 200.529
90.253713 199.123
90.258719 202.089
90.265721 198.073
90.268713 198.073
90.273719 200.529
90.290722 198.977
90.304717 195.78
90.311721 195.898
90.313720 198.204
90.314710 196.026
90.316713 198.204
90.322725 198.346
90.329628 198.204
90.334722 196.543
90.338723 197.307
90.345724 196.665
90.346714 197.434
90.357724 197.434
90.360717 198.204
90.365722 195.78
90.370717 192.852
90.375724 194.371
90.380721 195.898
90.381715 196.026
90.389722 197.57
90.391717 192.315
90.396723 195.898
90.401722 199.752
90.406728 197.307
90.411722 197.307
90.430117 197.57
90.430711 198.346
90.431709 196.665
90.436719 195.256
90.442719 192.961
90.457721 194.371
90.464721 198.204
90.465710 199.123
90.470724 200.529
90.478722 198.977
90.498727 201.159
90.499712 197.434
90.500714 196.026
90.501711 193.61
90.508722 193.848
90.521720 200.529
90.523716 197.091
90.524715 196.163
90.526712 196.163
90.532720 199.123
90.536720 199.123
90.547723 196.026
90.549721 196.026
90.551713 196.797
90.555717 196.163
90.561723 195.256
90.583721 193.982
90.614723 197.57
90.616716 196.026
90.640726 199.902
90.643719 194.618
90.644724 197.717
90.665716 196.939
90.667711 196.163
90.669721 198.977
90.694724 198.204
90.711723 195.133
90.712717 196.665
90.714712 197.717
90.724726 201.159
90.725713 195.78
90.726712 192.852
90.731666 199.612
90.735654 200.385
90.750733 195.256
90.752721 196.026
90.781724 196.163
90.782712 196.026
90.784716 195.256
90.789721 198.977
90.794721 194.371
90.822639 195.133
90.827722 198.977
90.847712 194.489
90.852727 199.612
90.858724 197.57
90.859713 197.434
90.864724 195.898
90.865714 196.665
90.902729 196.665
90.916725 196.665
90.921647 196.026
90.926730 196.026
90.927716 199.612
90.929724 199.612
90.933728 198.977
90.936731 194.371
90.960724 193.61
90.962713 197.434
90.967723 198.977
90.981726 196.797
90.999725 196.797
91.004724 198.346
91.009725 191.442
91.014723 197.952
91.022719 198.977
91.027728 198.977
91.032723 196.797
91.037719 196.665
91.039716 196.026
91.052724 196.665
91.055725 196.026
91.056723 197.717
91.057715 196.163
91.065725 197.434
91.102728 198.497
91.129726 199.752
91.130717 195.133
91.131718 196.797
91.138764 198.977
91.141727 197.307
91.150724 198.842
91.155645 199.752
91.160724 195.256
91.165724 199.752
91.170725 197.57
91.181725 196.163
91.182716 197.717
91.184720 196.797
91.189720 199.902
91.196725 195.533
91.201730 193.848
91.206720 198.346
91.211729 197.57
91.212718 193.724
91.216726 195.898
91.240726 197.57
91.242715 196.026
91.247719 196.665
91.249727 200.684
91.276727 192.961
91.279716 196.665
91.284728 194.489
91.285716 198.346
91.309727 197.717
91.310716 198.346
91.311718 194.489
91.319841 195.898
91.326731 195.133
91.329635 194.371
91.331639 194.489
91.337728 198.977
91.347722 197.717
91.352753 195.389
91.357719 195.898
91.377727 196.797
91.379717 194.371
91.380722 196.665
91.381717 194.371
91.395732 196.665
91.397726 199.752
91.399719 198.346
91.401727 198.073
91.425731 195.256
91.427717 198.842
91.429726 196.665
91.434728 198.204
91.435717 195.133
91.449729 192.961
91.450717 198.346
91.451718 202.714
91.458728 193.724
91.461726 196.797
91.481728 196.163
91.497727 198.346
91.502727 199.123
91.512728 198.346
91.517729 195.898
91.519719 197.434
91.521727 197.434
91.527733 199.612
91.530720 196.026
91.538669 199.752
91.541724 198.204
91.552730 191.672
91.570729 192.44
91.579727 198.497
91.580728 195.389
91.581718 196.163
91.593729 202.089
91.596723 198.977
91.597719 196.665
91.602729 201.02
91.617728 197.434
91.635734 198.073
91.649737 199.752
91.650720 205.061
91.651720 191.672
91.658726 205.847
91.661729 198.977
91.683729 198.204
91.722736 207.425
91.727728 199.123
91.729732 194.618
91.731724 197.307
91.734732 197.19
91.736725 200.01
91.742726 200.125
91.746726 200.125
91.765733 197.952
91.766723 198.716
91.780734 195.133
91.781723 197.57
91.782724 195.389
91.787733 196.939
91.796733 196.311
91.797723 196.939
91.809733 198.977
91.810724 198.497
91.811723 196.163
91.816725 194.618
91.859732 200.529
91.864731 199.123
91.865719 195.256
91.881729 191.343
91.882720 193.61
91.884724 196.797
91.907707 199.752
91.909728 198.977
91.935719 194.371
91.946780 195.389
91.956782 197.57
91.972768 190.906
91.974712 198.497
91.975771 196.939
91.991781 195.133
91.992775 195.256
91.994770 198.977
92.001781 195.898
92.002774 196.797
92.007808 197.717
92.011780 196.797
92.017782 197.57
92.029787 201.308
92.030771 198.842
92.031772 196.797
92.051781 200.529
92.062782 198.204
92.064775 194.371
92.079781 197.307
92.080774 199.752
92.081774 196.026
92.092779 194.618
92.095772 196.939
92.096781 196.939
92.107775 198.204
92.114783 199.902
92.115744 200.848
92.116818 194.489
92.121780 193.08
92.127767 200.529
92.130778 197.57
92.138780 195.256
92.141714 198.346
92.146782 196.163
92.150781 193.724
92.175777 193.848
92.177779 199.902
92.179773 194.489
92.180779 196.026
92.181774 195.256
92.191792 196.665
92.192774 205.232
92.197784 203.828
92.201781 198.842
92.210783 196.026
92.211772 199.902
92.216779 193.982
92.227782 194.618
92.229780 197.717
92.231775 190.032
92.248784 188.351
92.251774 195.898
92.262782 203.039
92.264775 197.434
92.274783 192.096
92.279783 204.12
92.281780 197.307
92.284774 204.12
92.297781 192.096
92.307779 192.003
92.309772 197.57
92.310773 197.717
92.311774 189.275
92.316783 201.308
92.325718 194.371
92.327778 195.78
92.332781 201.159
92.335771 196.026
92.351781 196.431
92.354783 200.25
92.355776 207.251
92.364781 199.902
92.365769 194.263
92.374781 197.434
92.375712 199.612
92.382779 195.898
92.392820 196.665
92.394774 196.797
92.399786 192.315
92.401783 191.552
92.404777 199.902
92.409775 206.635
92.413784 200.529
92.416779 198.977
92.423783 198.346
92.430783 199.752
92.435784 199.752
92.440784 196.026
92.445778 191.442
92.450783 196.665
92.457785 196.939
92.459776 196.939
92.461787 198.346
92.486780 197.717
92.489783 196.797
92.494782 195.133
92.502784 194.371
92.507784 194.371
92.509786 197.57
92.510776 197.434
92.515784 193.61
92.520784 196.329
92.525777 201.936
92.526722 204.805
92.567798 203.828
92.574784 195.78
92.581786 201.792
92.582773 202.714
92.596784 200.412
92.597776 193.21
92.599774 194.489
92.606784 207.425
92.609720 199.752
92.611775 198.977
92.617783 194.371
92.627783 196.543
92.632788 203.039
92.637787 195.389
92.657786 190.686
92.659784 196.026
92.660780 196.797
92.661776 195.898
92.668785 188.351
92.671775 196.329
92.683779 207.087
92.686787 198.842
92.691787 195.898
92.692780 198.346
92.707786 196.163
92.710778 192.2
92.715784 186.938
92.716777 189.275
92.717777 195.533
92.725783 191.672
92.727781 192.2
92.735783 198.073
92.737784 205.232
92.742788 208.403
92.745778 199.279
92.753784 199.123
92.789787 195.898
92.790775 197.307
92.791775 202.872
92.796783 198.497
92.800788 201.159
92.806783 197.434
92.810781 195.389
92.816783 209.619
92.827785 206.206
92.837786 201.308
92.860806 195.133
92.861778 196.797
92.862774 200.529
92.872786 194.489
92.874777 198.716
92.879782 201.792
92.881785 204.277
92.890802 197.57
92.892782 196.026
92.906787 199.612
92.909786 198.977
92.910726 200.684
92.917788 194.618
92.919776 193.08
92.929789 193.848
92.930777 192.961
92.937787 193.08
92.942786 200.529
92.944779 198.497
92.965797 195.133
92.974786 191.552
92.981788 205.232
92.991788 201.936
92.992781 197.952
93.000785 200.385
93.001777 191.254
93.002779 195.021
93.007786 195.78
93.011780 199.612
93.025793 198.346
93.026776 194.371
93.034785 194.371
93.035774 199.752
93.036796 198.204
93.056625 194.371
93.061811 195.133
93.062845 195.898
93.064789 196.665
93.089798 195.256
93.094794 192.961
93.096782 192.315
93.139902 191.343
93.144699 192.315
93.145686 200.385
93.191789 195.673
93.201788 196.665
93.209101 194.371
93.217788 191.552
93.261798 196.026
93.262781 196.797
93.264786 197.434
93.279784 196.026
93.284790 196.026
93.297795 193.724
93.299780 200.529
93.309788 195.898
93.310781 200.385
93.311694 196.665
93.319791 192.961
93.329794 197.434
93.336788 192.852
93.337779 191.442
93.342787 198.073
93.344782 190.906
93.352787 192.315
93.354780 198.977
93.364792 198.497
93.374791 199.123
93.381791 198.346
93.389789 198.497
93.390782 192.315
93.391782 195.898
93.396789 194.618
93.402790 191.343
93.409793 187.019
93.416790 191.442
93.422790 197.307
93.427788 198.842
93.429794 195.021
93.461784 195.898
93.462781 198.842
93.467790 195.898
93.469791 191.552
93.471785 190.032
93.477788 190.142
93.481788 191.802
93.487788 190.906
93.491787 192.44
93.495793 193.08
93.501787 191.442
93.505791 196.665
93.511791 199.902
93.515790 198.204
93.521791 196.665
93.525789 199.612
93.531786 195.256
93.535789 196.026
93.541784 199.752
93.545717 194.618
93.551788 187.683
93.555792 188.521
93.561787 198.497
93.565788 201.467
93.571788 197.57
93.575792 195.256
93.581792 200.529
93.585791 206.022
93.591792 202.089
93.595796 199.123
93.602788 201.467
93.606791 199.902
93.612795 200.848
93.616789 201.636
93.622789 196.797
93.626781 193.848
93.631791 198.346
93.635792 201.467
93.641792 200.529
93.645801 197.307
93.651791 193.724
93.655790 200.385
93.661785 204.12
93.665789 204.9
93.671790 201.02
93.675789 196.543
93.681791 201.02
93.685791 204.277
93.691792 201.308
93.695818 195.133
93.701795 195.256
93.705789 198.842
93.711789 197.434
93.715786 198.842
93.721790 195.133
93.725793 195.133
93.731785 200.385
93.735736 202.714
93.741729 199.902
93.745682 198.842
93.751685 198.204
93.755689 202.714
93.761690 202.872
93.765692 197.57
93.771696 196.026
93.775693 194.489
93.781698 196.026
93.785696 197.57
93.791693 195.389
93.795699 193.724
93.801695 195.021
93.805694 198.204
93.811696 202.089
93.815695 197.307
93.821697 197.307
93.825696 195.78
93.831687 195.898
93.835693 199.612
93.841697 194.371
93.845697 192.754
93.851698 192.666
93.855698 189.842
93.861688 194.371
93.865773 198.204
93.871787 190.686
93.875791 192.2
93.881792 199.752
93.885797 196.797
93.891791 198.977
93.895790 202.714
93.901791 198.204
93.905789 195.021
93.911790 195.133
93.915782 195.256
93.921791 190.032
93.925791 190.032
93.931789 195.256
93.936791 193.848
93.940793 195.389
93.946770 199.902
93.952791 197.57
93.955786 198.346
93.961793 199.752
93.965785 198.073
93.973791 198.6
93.977794 202.299
93.980789 197.19
93.986792 195.78
93.990791 195.256
93.996801 195.898
94.000795 195.256
94.006796 191.672
94.010794 189.497
94.018791 197.57
94.021794 196.939
94.026794 196.797
94.030790 195.533
94.036792 201.308
94.040795 204.12
94.046822 202.299
94.050794 201.02
94.056794 201.936
94.062856 201.308
94.066785 196.163
94.070793 193.499
94.076793 187.211
94.080804 181.959
94.086793 189.381
94.090790 200.062
94.096793 190.142
94.100798 192.961
94.106793 205.232
94.110790 203.657
94.116830 200.891
94.120891 203.973
94.126787 202.566
94.130727 196.156
94.136794 199.905
94.140794 207.87
94.146794 196.329
94.150794 185.348
94.159793 187.609
94.161794 189.932
94.165785 192.961
94.171794 195.78
94.175793 197.19
94.181793 201.792
94.185791 204.9
94.191792 205.682
94.195791 207.251
94.201792 203.973
94.205796 202.714
94.211791 204.443
94.215789 196.163
94.221795 193.982
94.226795 193.499
94.232755 189.497
94.236796 188.215
94.242792 192.72
94.246785 192.72
94.251794 191.031
94.255792 200.848
94.261793 206.814
94.265788 204.443
94.271791 201.936
94.275795 203.342
94.281790 202.428
94.285794 203.199
94.291795 204.9
94.295799 200.529
94.301795 192.096
94.305793 190.032
94.311793 196.163
94.315790 194.618
94.321800 191.031
94.325795 191.672
94.331793 195.389
94.335667 200.385
94.341899 202.252
94.345783 202.714
94.351785 199.752
94.355793 200.385
94.361798 197.57
94.365799 201.936
94.371792 202.089
94.375796 196.026
94.381789 192.315
94.385797 190.032
94.391798 191.672
94.395797 193.21
94.401798 193.982
94.405787 196.163
94.411789 199.279
94.415791 202.872
94.421796 202.089
94.425794 201.159
94.431805 198.073
94.435795 198.073
94.441795 199.482
94.445794 198.716
94.451795 197.307
94.455793 193.724
94.461794 194.489
94.465800 193.08
94.479796 196.026
94.481732 197.57
94.483786 199.123
94.494804 194.618
94.496788 194.618
94.497789 198.346
94.503792 198.204
94.507796 197.434
94.513795 198.716
94.517796 195.021
94.523794 194.489
94.526798 193.848
94.532797 193.848
94.536797 193.848
94.542797 192.2
94.546797 192.315
94.552797 196.026
94.556795 196.939
94.562796 195.256
94.566710 195.389
94.570793 196.797
94.576794 195.898
94.580798 198.204
94.586793 199.752
94.590796 195.021
94.596798 195.021
94.600796 198.073
94.606797 197.307
94.610797 193.507
94.616795 192.096
94.620795 195.021
94.626795 194.371
94.630793 197.434
94.636803 196.026
94.640798 196.026
94.646788 199.612
94.650779 198.346
94.656822 200.529
94.660843 198.977
94.666792 196.797
94.670790 194.489
94.676797 193.08
94.680800 199.279
94.686796 196.665
94.690795 193.08
94.696823 197.434
94.700799 197.57
94.706799 197.434
94.710793 199.752
94.716798 200.529
94.720797 198.204
94.726797 198.204
94.730796 202.714
94.736800 200.385
94.740799 198.716
94.746794 197.307
94.750794 195.78
94.756799 197.952
94.760798 198.073
94.766792 198.842
94.770789 193.724
94.776797 192.2
94.780796 196.797
94.786800 200.684
94.790799 196.939
94.796800 196.797
94.800798 197.57
94.806798 198.977
94.810797 199.752
94.817799 198.346
94.821797 198.842
94.827797 199.752
94.833801 197.434
94.835791 196.163
94.840800 202.089
94.846800 193.08
94.850791 193.724
94.856799 198.497
94.860798 199.902
94.866793 196.026
94.870780 196.026
94.876808 197.434
94.880797 198.977
94.886798 202.714
94.890800 201.308
94.896800 196.665
94.900799 200.25
94.906795 198.073
94.910799 201.02
94.916795 196.665
94.920798 192.961
94.926798 194.489
94.930797 196.797
94.936830 198.497
94.941581 198.497
94.946660 195.389
94.950660 195.389
94.956660 200.062
94.960661 196.797
94.966658 192.2
94.970657 200.25
94.976661 198.842
94.980660 195.133
94.986658 195.898
94.990663 197.57
94.996661 195.78
95.000660 196.543
95.006661 200.684
95.010660 198.977
95.016673 192.315
95.020662 198.204
95.026660 198.204
95.030659 198.204
95.036666 196.665
95.040663 193.61
95.046663 195.133
95.050659 192.961
95.056665 195.256
95.060662 200.529
95.066666 195.256
95.070655 190.79
95.076662 195.133
95.080661 199.279
95.086661 196.939
95.090661 192.2
95.096662 192.961
95.100661 196.665
95.106660 197.307
95.110663 198.204
95.116639 197.434
95.120663 195.898
95.126662 195.78
95.130793 198.073
95.136806 198.977
95.140798 194.371
95.146799 192.096
95.150793 195.133
95.156803 196.026
95.160802 196.665
95.166807 196.665
95.170860 196.797
95.176801 198.346
95.180801 198.346
95.186798 198.346
95.190797 195.389
95.196804 191.552
95.200800 194.489
95.206802 199.279
95.210801 196.939
95.216825 192.44
95.220800 199.902
95.226800 198.497
95.230798 196.026
95.237805 196.939
95.241795 196.939
95.247791 195.898
95.251799 194.618
95.257800 198.346
95.260795 197.434
95.266803 198.204
95.270793 198.204
95.276803 198.204
95.280801 201.159
95.286801 199.482
95.290800 198.842
95.296802 195.133
95.300807 196.665
95.306802 197.434
95.310801 196.026
95.316800 197.307
95.320799 196.939
95.326799 197.57
95.330799 197.57
95.336803 203.039
95.340803 200.848
95.346799 196.939
95.350709 198.346
95.356802 197.307
95.360801 195.78
95.366801 195.021
95.370802 198.842
95.376809 200.529
95.382802 198.204
95.385801 195.256
95.391801 198.346
95.395806 202.089
95.401796 201.308
95.405801 198.346
95.411800 198.204
95.415800 196.026
95.421804 195.133
95.425801 198.977
95.431802 199.752
95.435782 194.371
95.440800 196.665
95.446801 198.346
95.450825 197.434
95.456800 196.665
95.460803 200.529
95.466799 197.57
95.470803 193.848
95.476814 197.434
95.480802 198.977
95.486801 197.434
95.490799 196.665
95.496800 196.543
95.500831 198.204
95.506803 198.977
95.510802 195.256
95.516807 195.898
95.520803 194.489
95.527803 195.898
95.531803 197.307
95.539864 198.073
95.542719 197.307
95.547702 194.263
95.550687 198.204
95.555698 199.752
95.561795 198.977
95.565804 199.123
95.571805 193.724
95.575798 193.08
95.581804 197.57
95.585804 199.902
95.591802 196.026
95.595803 193.08
95.601806 198.346
95.605800 195.256
95.611801 195.133
95.615804 198.346
95.621804 196.026
95.625804 194.489
95.631803 198.842
95.635798 199.123
95.641804 196.665
95.645803 195.898
95.651812 198.204
95.655803 195.898
95.661807 193.724
95.665806 196.026
95.671797 196.797
95.675708 193.724
95.681805 195.256
95.685796 198.204
95.691699 196.797
95.695803 195.898
95.701737 196.026
95.705803 196.797
95.711804 196.665
95.715802 194.618
95.721805 196.026
95.725804 195.256
95.731805 195.256
95.735802 197.434
95.741804 198.204
95.745795 197.434
95.759802 198.073
95.761803 198.204
95.762796 198.204
95.774805 196.665
95.776805 196.026
95.777795 196.797
95.782803 196.797
95.786794 196.939
95.792802 198.204
95.796806 196.797
95.802801 197.434
95.806805 197.57
95.812806 198.346
95.816804 196.797
95.822809 193.08
95.826803 195.256
95.832804 195.389
95.836807 194.618
95.842808 196.939
95.845802 197.717
95.850796 195.389
95.856805 199.902
95.860803 198.497
95.866803 196.797
95.870796 195.898
95.876820 196.163
95.880681 195.256
95.886801 194.489
95.890804 196.026
95.896805 195.133
95.900804 193.724
95.906803 196.026
95.910802 197.717
95.916802 198.346
95.920802 196.665
95.926807 198.977
95.930805 198.977
95.936805 198.977
95.940804 196.797
95.946805 196.026
95.950804 196.665
95.956804 196.797
95.960803 198.346
95.966804 196.797
95.970799 194.618
95.976819 197.57
95.980812 199.123
95.986801 199.752
95.990806 197.57
95.996806 196.797
96.000804 196.026
96.007805 198.204
96.011804 203.039
96.017804 201.308
96.021803 196.026
96.027803 198.977
96.030806 197.434
96.036824 199.123
96.040812 200.684
96.046807 196.797
96.050805 196.026
96.056805 199.902
96.060805 196.797
96.066805 199.123
96.070796 201.936
96.076805 196.797
96.080814 195.133
96.086803 200.529
96.090807 198.977
96.096808 195.898
96.100807 197.434
96.106807 194.618
96.110806 194.618
96.116854 198.204
96.120805 195.389
96.126801 195.389
96.130800 195.256
96.136827 197.434
96.140655 197.57
96.147039 197.57
96.150743 195.898
96.156768 193.848
96.160763 196.797
96.166757 196.026
96.170748 195.256
96.176757 198.346
96.180758 195.256
96.186754 192.2
96.190758 194.618
96.196759 199.752
96.200758 196.665
96.206757 195.898
96.210757 196.665
96.216758 195.78
96.220758 201.159
96.226758 202.714
96.230756 196.543
96.236770 198.073
96.240759 201.308
96.246752 198.842
96.250758 195.898
96.256757 198.346
96.260757 195.389
96.266757 194.756
96.270752 196.163
96.276757 196.311
96.280820 194.618
96.286744 190.79
96.290806 194.371
96.298808 196.665
96.301807 196.797
96.319292 198.204
96.321699 196.797
96.322695 196.665
96.324702 198.977
96.337690 201.159
96.342682 196.797
96.350683 195.256
96.351680 193.724
96.360688 193.848
96.365682 195.389
96.366680 193.982
96.371683 196.797
96.372684 196.797
96.375680 197.57
96.381683 196.797
96.387685 194.371
96.390683 195.78
96.404689 197.434
96.435684 197.434
96.437686 196.026
96.439682 199.752
96.440689 197.57
96.441682 196.163
96.452685 195.389
96.455680 197.57
96.456685 194.618
96.468685 192.2
96.471681 190.79
96.472686 194.489
96.477683 201.308
96.489684 199.123
96.490681 193.848
96.491681 196.163
96.498690 199.123
96.501684 199.752
96.506683 198.204
96.512685 197.57
96.519686 196.797
96.524686 196.026
96.526680 199.279
96.542689 196.311
96.545683 191.552
96.546680 193.08
96.547682 196.026
96.552686 197.434
96.556686 199.123
96.562684 198.977
96.566684 195.898
96.572688 196.665
96.576686 199.123
96.582685 199.612
96.586686 196.665
96.592913 196.797
96.596687 193.848
96.602684 194.756
96.606684 199.902
96.612686 198.497
96.616687 200.385
96.622684 196.163
96.626685 198.346
96.629684 198.346
96.636692 194.618
96.640734 195.256
96.646686 195.133
96.649685 198.073
96.656679 201.936
96.659647 201.308
96.666690 196.665
96.670683 195.898
96.679681 200.385
96.681740 201.936
96.685678 197.434
96.691685 198.346
96.694680 194.371
96.701686 192.961
96.704687 198.977
96.711682 198.977
96.715686 195.898
96.721678 195.898
96.725792 197.434
96.732833 198.977
96.736845 196.797
96.742699 196.163
96.746737 194.618
96.752743 197.57
96.755709 199.123
96.761808 196.026
96.764806 198.204
96.771809 196.665
96.774810 191.442
96.781676 196.026
96.784657 201.159
96.791763 196.026
96.794764 194.489
96.801766 194.618
96.804682 198.073
96.811763 198.977
96.814752 199.279
96.821767 196.026
96.824760 193.507
96.831761 197.307
96.834761 198.073
96.841699 196.797
96.844658 196.797
96.851765 195.389
96.854760 193.08
96.861762 197.57
96.864758 201.636
96.871759 196.939
96.874764 187.768
96.881762 192.961
96.884826 196.797
96.891811 198.346
96.894812 196.026
96.901809 193.61
96.904823 195.021
96.911723 198.204
96.914688 201.467
96.921703 197.717
96.924718 195.898
96.931718 194.371
96.934715 198.977
96.941715 202.089
96.947718 194.489
96.950720 194.371
96.954718 195.133
96.961718 195.256
96.964710 198.346
96.971722 197.57
96.974685 194.489
96.981814 192.961
96.984836 196.163
96.991818 202.425
96.994810 199.752
97.001806 195.898
97.004826 198.073
97.011816 196.939
97.014813 196.797
97.021790 195.686
97.024805 194.618
97.039721 190.79
97.041687 192.961
97.042685 198.497
97.054816 197.874
97.056806 193.08
97.057802 194.489
97.062814 200.385
97.066813 199.752
97.072814 199.902
97.076811 200.529
97.082813 198.842
97.086808 198.073
97.092807 202.089
97.096825 201.467
97.102688 196.026
97.106687 194.618
97.112816 194.618
97.116812 196.163
97.122810 200.848
97.125808 195.389
97.129807 194.489
97.138789 198.497
97.141812 199.902
97.146811 199.752
97.149814 198.204
97.157811 197.57
97.161675 198.204
97.167653 199.123
97.171763 199.902
97.177765 197.717
97.179755 196.797
97.186668 195.389
97.189761 196.939
97.194765 197.57
97.201764 194.618
97.204757 195.256
97.211764 196.665
97.214763 200.385
97.221761 198.204
97.224760 195.898
97.231694 195.898
97.234697 197.434
97.241803 198.842
97.244817 198.346
97.251812 199.902
97.254816 194.618
97.261806 193.724
97.264809 199.279
97.273813 199.902
97.276807 193.848
97.281815 196.026
97.284801 195.898
97.291693 194.489
97.294677 198.204
97.301819 198.346
97.304808 196.665
97.311812 193.61
97.317814 198.204
97.320807 200.529
97.324829 197.57
97.331813 198.204
97.334814 196.665
97.341821 197.19
97.344833 200.385
97.351801 198.977
97.354671 194.371
97.361654 195.133
97.364718 192.961
97.371684 190.79
97.374762 196.939
97.381767 197.57
97.384762 196.797
97.391760 196.939
97.394786 198.346
97.401775 198.204
97.404760 202.089
97.411766 198.977
97.415764 194.371
97.422696 193.61
97.426654 194.263
97.432768 192.961
97.436766 198.346
97.442773 198.204
97.444763 194.489
97.451767 199.752
97.454758 199.752
97.461767 201.159
97.466765 201.159
97.469766 194.371
97.478765 193.61
97.482471 197.307
97.486659 198.204
97.489618 197.307
97.496712 194.371
97.499684 194.618
97.506703 195.389
97.509765 200.848
97.516765 199.279
97.519756 193.982
97.526767 193.08
97.529765 196.311
97.536844 196.665
97.539760 194.371
97.546768 196.665
97.549768 195.256
97.556756 194.489
97.559759 199.752
97.566768 197.57
97.569766 193.08
97.576761 192.315
97.579754 198.977
97.586769 198.842
97.589697 197.434
97.596768 195.898
97.599757 194.371
97.606766 197.307
97.609765 201.936
97.616766 200.529
97.619755 198.204
97.626765 195.133
97.629765 193.61
97.636767 195.256
97.639761 201.308
97.646767 199.902
97.649766 196.797
97.656766 193.848
97.659756 199.902
97.666768 199.902
97.669766 197.717
97.676765 196.163
97.679757 193.724
97.686768 198.204
97.689753 199.752
97.696930 195.389
97.699767 196.163
97.706769 194.756
97.709769 195.389
97.716770 196.939
97.719753 201.636
97.726767 195.533
97.729768 194.756
97.736766 200.529
97.739761 200.684
97.746759 198.073
97.749767 197.307
97.759763 196.543
97.761767 194.371
97.764759 197.434
97.771765 196.939
97.774765 196.939
97.781767 196.026
97.784764 196.797
97.791762 194.371
97.794760 196.026
97.801768 198.073
97.804761 195.133
97.811768 198.842
97.814767 198.073
97.821767 198.204
97.824761 200.684
97.831766 194.756
97.834767 194.618
97.841768 199.123
97.844770 199.123
97.851771 193.982
97.854770 197.091
97.861771 197.717
97.864789 194.489
97.871771 197.57
97.874766 199.279
97.881768 196.665
97.886768 197.307
97.892787 200.385
97.896789 199.612
97.902761 199.752
97.907725 200.529
97.911768 195.256
97.916767 195.133
97.919758 200.529
97.926768 198.497
97.929767 196.026
97.936768 196.665
97.939761 193.724
97.946674 196.797
97.949841 197.57
97.956822 195.256
97.959689 195.898
97.966689 196.665
97.969696 195.256
97.976691 196.797
97.979688 194.618
97.986694 193.724
97.989693 193.724
97.996695 196.026
97.999682 191.552
98.006696 197.434
98.009695 198.204
98.016694 195.256
98.019686 195.133
98.026694 196.939
98.029694 199.902
98.036694 196.797
98.039693 196.797
98.046695 197.57
98.049694 195.256
98.056694 196.311
98.059688 196.163
98.066693 195.256
98.069694 197.57
98.076692 197.57
98.079686 196.163
98.086694 196.797
98.089693 196.939
98.096696 199.612
98.099686 200.529
98.106695 201.308
98.109695 195.898
98.116704 194.371
98.119686 198.842
98.126690 196.665
98.129692 198.977
98.136697 198.204
98.139693 193.724
98.146698 194.371
98.149696 195.133
98.156696 194.618
98.159689 201.159
98.166696 198.977
98.169695 199.612
98.176692 197.434
98.179688 200.385
98.186697 198.842
98.189696 198.073
98.196696 196.797
98.202691 193.848
98.205693 194.756
98.209696 198.497
98.216696 192.44
98.219689 192.315
98.226692 194.618
98.229695 196.665
98.236695 198.977
98.239691 197.57
98.246691 193.724
98.249697 196.026
98.257697 199.902
98.261695 196.939
98.269696 198.204
98.272691 199.752
98.277697 199.752
98.281697 198.842
98.284692 195.256
98.291696 195.256
98.294697 191.552
98.301682 192.315
98.304721 196.163
98.319696 196.797
98.321721 195.256
98.322690 195.898
98.334703 197.434
98.336694 199.612
98.337687 203.494
98.342696 200.385
98.346701 196.543
98.352698 196.543
98.356695 198.204
98.362697 196.797
98.366697 196.026
98.372697 194.618
98.376698 194.618
98.382697 196.939
98.386696 199.279
98.389697 198.497
98.396698 194.618
98.399691 194.618
98.406692 197.434
98.409692 197.57
98.416697 196.026
98.419690 197.57
98.426693 196.026
98.429697 194.489
98.436696 198.346
98.439687 200.684
98.446693 197.57
98.449697 195.256
98.456697 198.842
98.459690 195.133
98.466697 196.665
98.469697 198.204
98.476694 196.665
98.479689 195.898
98.486699 196.026
98.489697 197.434
98.496726 201.936
98.499695 199.752
98.506693 195.256
98.509703 196.665
98.516698 196.797
98.519690 198.204
98.526693 195.898
98.529698 193.08
98.536699 193.724
98.539695 196.026
98.546701 199.902
98.549698 195.533
98.556700 196.163
98.559697 196.939
98.566700 196.939
98.569699 198.977
98.577699 197.57
98.581697 194.618
98.587697 196.797
98.591697 195.256
98.597698 199.752
98.601699 199.902
98.606691 193.08
98.609665 194.618
98.616699 197.57
98.619691 198.842
98.626703 198.716
98.629698 196.797
98.636697 194.263
98.639695 192.096
98.646702 198.204
98.649698 198.977
98.656699 195.898
98.659697 195.256
98.666699 195.021
98.669698 195.133
98.676701 201.159
98.679689 198.346
98.686699 193.08
98.689699 196.665
98.699699 199.123
98.701697 198.346
98.707692 196.797
98.710695 195.389
98.714698 195.021
98.721698 196.665
98.724693 199.752
98.731695 197.57
98.734699 194.371
98.741704 195.256
98.744732 198.204
98.751771 199.612
98.754773 199.752
98.761773 198.204
98.764767 195.256
98.771773 198.073
98.774772 199.752
98.781773 201.936
98.784777 195.898
98.791773 194.618
98.794766 199.752
98.801774 199.123
98.804766 196.797
98.811769 193.724
98.814774 195.133
98.821774 196.026
98.824767 198.842
98.831772 197.57
98.834774 195.256
98.841777 195.389
98.844768 198.977
98.851774 202.089
98.854777 199.752
98.861773 198.204
98.864773 194.489
98.871773 196.163
98.874773 200.529
98.881774 196.163
98.884769 197.307
98.891773 194.489
98.894769 198.204
98.901781 201.308
98.904768 198.977
98.911679 198.204
98.914774 197.434
98.921776 195.133
98.924768 196.665
98.931774 200.529
98.934773 197.57
98.941782 196.665
98.944771 197.57
98.951777 203.657
98.954777 197.57
98.961777 195.256
98.964771 199.123
98.971776 194.489
98.974779 197.434
98.981781 199.752
98.984772 196.665
98.991779 195.133
98.994774 198.073
99.001779 199.752
99.004771 200.385
99.011773 196.665
99.014777 195.898
99.021776 195.898
99.024769 200.25
99.031774 201.02
99.034773 200.25
99.041781 196.665
99.044772 195.021
99.051778 198.716
99.054778 198.842
99.061773 199.612
99.064776 196.163
99.071778 195.898
99.074778 195.256
99.081778 198.842
99.084771 196.665
99.091777 198.842
99.094781 196.431
99.101778 193.507
99.104773 200.125
99.111774 201.936
99.114776 198.842
99.121779 194.263
99.124771 197.434
99.131770 202.566
99.134776 198.204
99.141779 201.159
99.144778 196.665
99.151775 192.961
99.154774 195.898
99.161770 199.612
99.164775 201.308
99.171775 197.434
99.174775 193.724
99.181775 198.977
99.184768 201.792
99.191776 197.434
99.194695 198.842
99.201777 195.133
99.204769 197.952
99.211780 195.133
99.214773 195.898
99.221776 196.665
99.224769 195.133
99.231774 195.898
99.234775 195.78
99.241781 195.256
99.244844 199.752
99.251779 196.543
99.254778 196.665
99.261782 198.842
99.264777 198.842
99.271781 198.073
99.274778 196.543
99.281779 200.385
99.284774 198.842
99.291778 196.026
99.296775 202.089
99.302783 200.385
99.306769 192.754
99.312768 195.78
99.316776 201.308
99.321775 195.389
99.324771 195.898
99.331775 200.529
99.334776 202.872
99.341775 198.977
99.344777 198.346
99.351775 201.467
99.354775 197.434
99.361773 198.204
99.364769 201.159
99.371775 196.665
99.374775 194.165
99.381776 190.591
99.384769 195.898
99.391776 199.612
99.394781 196.543
99.401776 198.073
99.404776 196.543
99.411770 197.952
99.414771 199.752
99.421778 201.308
99.424770 199.752
99.431778 200.25
99.434777 194.489
99.441775 196.026
99.444776 198.497
99.451777 199.279
99.454777 197.57
99.461778 194.618
99.464770 200.529
99.471775 199.902
99.474777 197.57
99.481777 196.797
99.484771 199.123
99.491777 198.977
99.494778 200.529
99.501777 202.089
99.504771 197.307
99.511771 196.665
99.514768 201.467
99.521777 202.252
99.524771 196.797
99.531772 197.434
99.534777 195.133
99.541777 195.256
99.544780 198.842
99.551779 198.977
99.554780 198.716
99.561781 198.842
99.564774 203.342
99.571779 199.752
99.574781 198.204
99.581781 198.073
99.584775 197.307
99.598788 197.434
99.601777 196.026
99.602768 195.389
99.614774 198.204
99.616778 197.434
99.617769 197.434
99.623778 196.939
99.627778 200.529
99.633778 198.842
99.637778 195.021
99.643773 195.898
99.646781 200.25
99.652778 197.307
99.656778 198.716
99.662711 195.78
99.666777 195.78
99.669779 198.842
99.676777 197.57
99.679778 197.57
99.686779 195.898
99.689778 192.096
99.696775 196.665
99.699775 198.977
99.706779 198.204
99.709779 198.204
99.716779 198.842
99.719770 199.482
99.726779 197.307
99.729780 195.898
99.736779 198.842
99.739769 198.842
99.746778 197.19
99.749780 195.021
99.756781 198.842
99.759772 198.842
99.766781 195.78
99.769769 201.02
99.776780 202.089
99.779711 198.204
99.786779 195.898
99.789778 198.977
99.796780 198.842
99.799769 194.263
99.806779 194.371
99.809780 198.842
99.816779 196.431
99.819770 195.133
99.826785 200.385
99.829740 196.797
99.836780 196.543
99.839770 198.842
99.846789 200.385
99.849771 196.543
99.856780 192.096
99.859770 196.665
99.866791 196.665
99.869781 194.489
99.876782 196.797
99.879764 198.204
99.886779 195.133
99.889779 194.263
99.897780 197.307
99.901779 201.159
99.907778 196.543
99.911780 195.021
99.917771 197.19
99.919768 196.543
99.926780 195.133
99.929780 196.026
99.936783 198.204
99.939770 195.256
99.946725 196.665
99.949779 196.163
99.956779 196.163
99.959769 196.665
99.966780 199.612
99.969779 198.842
99.976781 198.346
99.979770 198.842
99.986780 192.852
99.989780 197.19
99.996776 197.307
99.999771 198.204
100.006781 198.977
100.009779 196.797
100.016768 196.665
100.019770 199.752
100.026780 201.308
100.029778 198.346
100.036782 197.434
100.039771 196.665
100.046787 200.385
100.049782 200.529
100.056784 195.256
100.059773 197.434
100.066782 201.159
100.069783 201.308
100.076782 199.752
100.079774 198.497
100.086782 198.346
100.089782 200.684
100.096782 202.252
100.099780 197.57
100.106783 198.204
100.109784 196.665
100.116772 196.665
100.119768 197.434
100.126783 196.797
100.129776 192.852
100.136763 195.256
100.139771 201.308
100.146790 198.204
100.149785 195.021
100.156784 197.434
100.159775 199.612
100.166773 199.612
100.169777 198.073
100.176769 195.898
100.179775 195.898
100.186781 197.434
100.189782 196.665
100.196781 197.57
100.199773 194.489
100.206782 192.315
100.209781 196.026
100.216765 200.529
100.219772 198.842
100.226781 195.898
100.229780 197.434
100.236783 198.842
100.239771 196.543
100.246779 201.792
100.249783 201.936
100.256784 194.371
100.259774 193.61
100.266784 200.385
100.269783 201.792
100.276784 198.204
100.279773 195.898
100.286781 196.543
100.289780 198.842
100.296783 199.123
100.299829 198.073
100.306832 198.977
100.309830 198.842
100.316738 196.665
100.319775 199.752
100.326783 200.529
100.329782 195.133
100.339782 197.434
100.341782 199.123
100.347780 199.752
100.351782 198.204
100.356784 198.204
100.359773 197.434
100.366782 197.307
100.369782 198.977
100.376782 196.665
100.379774 194.371
100.386776 198.073
100.389783 196.797
100.396782 195.898
100.399773 197.434
100.406782 196.026
100.409781 195.898
100.416803 196.665
100.419776 197.434
100.426783 197.307
100.429783 195.133
100.436784 196.665
100.439773 198.204
100.446790 196.543
100.449785 195.133
100.456764 195.898
100.459771 193.848
100.469783 193.61
100.471773 195.256
100.477789 198.977
100.481767 192.961
100.484839 192.2
100.491831 201.936
100.494833 199.612
100.501831 194.263
100.504825 197.307
100.511834 200.385
100.514811 198.716
100.521828 195.021
100.524831 196.543
100.531755 195.256
100.534830 195.133
100.541836 199.123
100.544830 197.57
100.551833 193.848
100.554831 195.256
100.561832 196.026
100.564826 195.133
100.571832 195.898
100.574834 195.898
100.581841 196.665
100.584826 198.204
100.591835 196.665
100.594833 196.026
100.602834 200.684
100.606833 198.204
100.612834 196.163
100.616833 196.797
100.622829 196.939
100.626837 196.797
100.631809 196.163
100.634834 196.797
100.641831 196.797
100.644834 201.308
100.651834 201.159
100.654833 196.797
100.661834 198.204
100.664829 195.021
100.671842 201.159
100.674835 203.494
100.681833 194.489
100.684826 195.78
100.691832 198.977
100.694834 196.026
100.701836 197.57
100.704825 200.684
100.711835 197.57
100.714833 194.489
100.721829 198.346
100.724836 201.308
100.731833 197.434
100.734836 197.434
100.741829 198.977
100.744839 197.434
100.751832 197.307
100.754834 199.123
100.761835 197.19
100.764830 195.133
100.771835 199.612
100.774838 198.204
100.781834 195.256
100.784828 195.133
100.791832 196.543
100.794835 198.204
100.801836 196.543
100.804825 198.073
100.811835 197.952
100.814833 193.507
100.821829 197.307
100.824832 201.02
100.831834 197.434
100.834836 194.371
100.842613 192.961
100.844858 198.073
100.851830 195.133
100.854829 194.371
100.861836 192.2
100.864830 196.543
100.878836 198.977
100.881834 196.665
100.882740 197.57
100.894836 199.752
100.896830 195.898
100.897825 197.307
100.902831 200.25
100.906834 198.977
100.912835 195.021
100.916833 190.686
100.922819 193.507
100.926817 195.898
100.932842 200.529
100.936836 197.434
100.942837 195.133
100.946840 195.021
100.952838 199.482
100.956836 201.936
100.959826 200.25
100.966830 197.841
100.969838 198.716
100.976836 199.482
100.979829 201.308
100.986835 202.714
100.989836 196.665
100.996838 196.543
100.999741 202.714
101.006838 204.277
101.009835 195.256
101.016844 189.932
101.019830 193.724
101.028840 193.61
101.031814 193.61
101.036837 198.842
101.039825 199.752
101.046835 199.612
101.049845 201.308
101.056837 202.089
101.059830 201.308
101.066838 200.529
101.069835 196.026
101.076838 196.797
101.081837 199.752
101.087837 195.389
101.091836 193.08
101.097838 192.44
101.101836 195.389
101.106835 195.533
101.109838 196.311
101.116711 198.658
101.119828 196.163
101.126823 195.133
101.129830 197.57
101.136838 201.467
101.139830 201.159
101.146836 199.482
101.149836 201.936
101.156837 204.443
101.159827 201.308
101.166857 197.717
101.169841 196.939
101.176837 192.961
101.179827 196.163
101.186837 199.279
101.189836 195.389
101.196837 194.489
101.199826 199.123
101.206837 203.657
101.209839 199.752
101.216860 198.842
101.219830 199.612
101.226834 196.543
101.229832 196.665
101.236833 198.204
101.239828 197.57
101.246835 195.256
101.249835 194.489
101.256837 198.977
101.259827 195.389
101.266864 196.311
101.269839 196.939
101.276836 193.21
101.279830 198.204
101.286837 195.133
101.289838 195.133
101.296840 198.204
101.302834 196.665
101.304840 195.898
101.311836 200.385
101.314832 196.026
101.321839 195.898
101.324839 195.898
101.331835 196.163
101.334833 198.977
101.341840 195.256
101.344828 196.665
101.351836 195.898
101.354837 194.489
101.361838 198.977
101.364833 196.665
101.371837 193.61
101.374839 197.434
101.381836 200.385
101.384830 198.073
101.391836 198.204
101.394839 195.133
101.401835 195.78
101.404838 197.307
101.411839 195.78
101.414837 198.073
101.421839 197.307
101.424834 195.898
101.431834 195.898
101.434831 195.021
101.441839 198.073
101.444833 198.073
101.451837 196.797
101.454840 195.898
101.461837 194.263
101.464831 199.482
101.471840 198.842
101.474839 194.371
101.481839 195.78
101.484846 196.665
101.491841 196.543
101.494838 192.2
101.501834 198.204
101.504838 196.797
101.511839 194.263
101.514838 194.489
101.521839 201.936
101.524833 196.665
101.531833 193.61
101.534842 196.543
101.541840 195.133
101.544834 197.307
101.551843 198.842
101.554848 197.307
101.561843 195.021
101.564836 195.021
101.571840 197.434
101.574838 200.25
101.581840 196.797
101.584776 194.371
101.591839 196.543
101.594841 199.612
101.601845 197.434
101.604834 196.665
101.611834 199.612
101.614837 199.612
101.621843 198.842
101.624833 198.204
101.631838 201.308
101.634820 196.797
101.641838 196.026
101.644831 198.204
101.651847 196.026
101.654837 197.57
101.661838 196.665
101.664833 195.256
101.671838 199.123
101.674840 200.684
101.681841 196.797
101.684841 200.385
101.691840 197.434
101.694838 197.307
101.701773 199.752
101.704849 200.529
101.711843 195.898
101.714842 194.371
101.721840 197.57
101.724834 199.612
101.731834 199.752
101.734869 198.977
101.741838 195.256
101.744863 197.307
101.751820 197.434
101.754841 196.665
101.761843 198.842
101.764837 196.665
101.771840 195.898
101.774841 195.898
101.781839 197.57
101.784833 198.204
101.791842 195.256
101.794840 198.842
101.802837 200.529
101.805841 196.797
101.812841 197.434
101.815831 197.57
101.822842 195.256
101.824834 196.026
101.831835 198.977
101.834837 198.346
101.841843 197.434
101.844832 194.489
101.851874 196.797
101.854840 199.123
101.861841 199.752
101.864836 199.612
101.871836 198.204
101.874843 197.434
101.881844 198.204
101.884835 199.612
101.891843 198.842
101.894836 197.434
101.901842 196.665
101.904836 199.752
101.911840 198.204
101.914843 193.724
101.921840 197.57
101.924835 197.717
101.931824 197.57
101.934825 197.57
101.941838 197.434
101.944842 194.371
101.951846 192.961
101.954846 199.612
101.961841 201.792
101.964836 197.307
101.971835 193.724
101.974844 195.133
101.981841 196.665
101.984835 198.346
101.991844 195.256
101.994842 196.665
102.001843 195.256
102.004839 194.489
102.011842 194.371
102.014841 197.57
102.021843 200.385
102.024838 193.61
102.031856 197.434
102.034845 201.308
102.041841 198.977
102.044835 196.797
102.051850 198.204
102.054842 193.848
102.061844 196.797
102.064834 196.939
102.071837 198.204
102.074840 195.898
102.081842 195.256
102.084836 198.977
102.091845 198.842
102.094843 199.123
102.101845 197.434
102.104843 190.79
102.111845 195.898
102.114842 201.308
102.121844 197.434
102.124829 195.133
102.131837 197.434
102.134840 197.57
102.141841 195.78
102.144839 196.665
102.158847 199.752
102.161845 195.133
102.162838 193.61
102.174843 195.256
102.176836 195.133
102.177837 195.898
102.182836 195.133
102.186833 195.133
102.192842 198.977
102.197841 198.977
102.203837 197.57
102.207845 199.123
102.213842 197.57
102.217845 197.57
102.222844 196.939
102.226842 196.163
102.232843 196.163
102.236789 192.315
102.242681 196.939
102.245672 200.848
102.249783 198.346
102.256821 197.57
102.259669 196.939
102.266703 197.717
102.269746 198.204
102.276752 199.752
102.279782 195.898
102.286719 192.852
102.289785 195.133
102.296795 198.346
102.299787 197.434
102.306795 196.665
102.309846 197.434
102.316840 198.977
102.319817 197.57
102.326845 197.434
102.329843 195.389
102.336776 193.724
102.339839 192.961
102.346843 198.842
102.349847 199.612
102.356845 196.665
102.359835 196.665
102.366845 196.939
102.369847 198.204
102.376845 194.618
102.379838 195.533
102.386852 195.533
102.389845 193.982
102.396847 196.311
102.399836 197.717
102.406846 199.279
102.409844 195.389
102.416846 198.497
102.419835 201.467
102.426845 197.57
102.429847 195.389
102.436822 196.163
102.439704 195.898
102.446848 198.204
102.449846 200.385
102.456842 199.123
102.459836 198.977
102.466846 198.204
102.469839 198.977
102.476844 199.902
102.479838 199.123
102.486843 195.256
102.489846 194.371
102.496846 196.543
102.499836 198.073
102.506851 199.612
102.509844 199.752
102.516851 195.133
102.519840 196.665
102.526839 199.752
102.529849 200.529
102.536844 196.026
102.539845 195.389
102.546849 192.961
102.549846 196.797
102.556843 200.529
102.559837 193.724
102.566847 192.961
102.569845 195.256
102.577847 196.797
102.580837 197.434
102.587848 194.618
102.590846 196.026
102.597847 196.665
102.599837 198.073
102.606846 198.204
102.609848 197.307
102.616845 196.543
102.619839 195.78
102.626845 195.898
102.629847 197.434
102.636849 197.434
102.639853 195.256
102.648799 195.898
102.651838 198.204
102.656842 198.977
102.659837 196.665
102.666847 198.073
102.669849 195.133
102.676846 195.78
102.679840 196.665
102.686849 197.307
102.689847 195.133
102.696849 193.61
102.699838 195.898
102.706848 198.977
102.709847 198.977
102.716847 196.163
102.719837 192.2
102.726847 192.852
102.729845 198.977
102.736847 198.204
102.739841 195.898
102.746844 196.797
102.749844 197.434
102.756841 198.346
102.759829 198.977
102.766849 196.939
102.769847 196.797
102.776847 195.256
102.779837 196.163
102.786847 200.529
102.789849 198.204
102.796846 196.665
102.799841 196.797
102.806846 200.529
102.809847 201.936
102.816851 198.977
102.819841 197.57
102.826849 196.026
102.829846 198.204
102.836857 201.02
102.839842 199.612
102.846840 195.256
102.849842 195.256
102.856843 197.57
102.859839 200.385
102.866848 198.977
102.869845 195.898
102.876847 198.204
102.879838 197.57
102.886846 196.665
102.889844 196.665
102.896847 198.204
102.899840 196.026
102.906849 194.371
102.909847 196.026
102.916849 198.204
102.919839 196.026
102.926849 196.026
102.929846 199.902
102.937848 196.797
102.940846 195.256
102.947835 199.123
102.950833 197.57
102.957844 195.256
102.959838 197.57
102.966843 196.797
102.969842 199.123
102.976847 196.939
102.979840 196.163
102.986850 198.497
102.989847 199.902
102.996849 200.529
102.999842 198.977
103.006848 197.434
103.009850 195.256
103.016852 196.665
103.019841 198.842
103.026851 195.133
103.029850 194.371
103.036850 198.204
103.039840 199.752
103.046841 198.073
103.049795 197.434
103.056850 196.797
103.059845 200.385
103.066850 198.977
103.069847 197.434
103.076849 195.898
103.079843 193.61
103.086848 197.57
103.089848 199.123
103.096849 198.977
103.099839 199.123
103.106846 196.939
103.109850 196.939
103.116851 199.123
103.119841 197.717
103.126841 200.385
103.129840 196.026
103.136850 198.204
103.139839 198.204
103.146844 196.665
103.149765 199.752
103.156852 199.123
103.159840 198.073
103.166851 197.434
103.169849 200.529
103.176852 198.842
103.179842 196.665
103.186851 197.434
103.189849 198.073
103.196850 196.543
103.199839 195.78
103.206851 196.665
103.209848 195.898
103.216850 196.543
103.219839 196.797
103.226846 198.842
103.229850 194.618
103.236851 195.133
103.239841 197.307
103.246844 197.434
103.249847 197.307
103.256854 195.898
103.259838 196.665
103.266848 195.898
103.269851 192.961
103.276848 195.133
103.279843 198.842
103.286852 195.898
103.289859 194.263
103.296850 194.618
103.299840 198.073
103.306854 197.307
103.309851 196.665
103.316848 200.385
103.319842 199.612
103.326851 196.543
103.329849 197.434
103.336819 199.482
103.339841 192.2
103.346817 195.78
103.349842 197.434
103.356828 196.543
103.360853 195.898
103.367849 199.752
103.370853 199.123
103.379850 194.489
103.381853 197.307
103.386848 199.612
103.389786 197.307
103.396859 197.307
103.399840 195.898
103.406862 195.78
103.409850 193.61
103.416852 198.204
103.419841 197.717
103.426851 195.256
103.430850 196.026
103.440852 197.434
103.442839 196.797
103.455850 199.123
103.459844 194.618
103.460852 192.961
103.461843 198.842
103.466851 196.797
103.469854 195.133
103.476850 199.612
103.479841 198.073
103.486850 194.263
103.489851 194.371
103.496849 198.204
103.499842 197.434
103.506858 198.842
103.509853 198.842
103.516855 197.307
103.519844 199.752
103.526851 198.204
103.529850 195.133
103.536851 197.307
103.539841 196.665
103.546850 196.026
103.549852 196.026
103.556976 195.389
103.559846 199.123
103.566854 199.902
103.569852 198.346
103.576852 198.977
103.579846 196.026
103.586851 196.665
103.589850 196.665
103.596855 196.797
103.599845 198.977
103.606853 195.898
103.609852 198.346
103.616827 200.529
103.619844 197.717
103.626846 199.123
103.629850 198.204
103.636851 199.612
103.639845 198.977
103.646854 195.133
103.649852 198.073
103.656823 197.307
103.659844 197.307
103.666850 203.494
103.669847 199.279
103.676852 195.256
103.679846 197.717
103.686851 197.57
103.689853 196.797
103.696855 196.026
103.699845 196.939
103.706854 197.57
103.709852 195.256
103.716853 197.434
103.719844 197.57
103.727303 196.797
103.729769 198.204
103.736793 196.665
103.739760 197.307
103.746848 195.133
103.749855 193.724
103.756825 201.159
103.759845 198.842
103.766854 192.852
103.769853 197.434
103.776854 198.204
103.779844 195.78
103.786853 197.19
103.789855 196.543
103.797853 196.431
103.800847 195.021
103.807865 195.898
103.810853 195.133
103.817854 196.543
103.819843 199.902
103.826861 196.797
103.829855 196.939
103.836857 199.279
103.839846 195.389
103.846855 196.797
103.849853 196.797
103.856754 193.08
103.859806 197.434
103.866800 199.279
103.869804 196.665
103.876807 193.724
103.879796 199.123
103.886807 201.467
103.889804 198.073
103.896806 200.529
103.899795 195.898
103.906805 195.021
103.909800 202.566
103.916807 198.073
103.919796 195.673
103.926806 198.716
103.929805 198.073
103.936806 198.073
103.939796 198.842
103.946806 196.665
103.949805 195.133
103.956829 197.434
103.959800 198.346
103.966802 198.204
103.969806 198.073
103.976807 196.665
103.979797 197.57
103.986806 199.123
103.989805 195.389
103.996806 196.939
103.999798 198.204
104.006807 192.961
104.009807 195.898
104.016806 199.123
104.019798 197.57
104.026805 196.939
104.029806 194.489
104.036807 196.026
104.039797 199.482
104.046807 195.898
104.049807 196.665
104.056811 197.307
104.059797 194.263
104.066807 197.307
104.069806 199.612
104.076806 198.204
104.079797 198.073
104.086806 197.434
104.089805 198.842
104.096809 198.204
104.099798 198.204
104.108813 194.371
104.111801 193.61
104.116773 196.665
104.119796 197.57
104.126809 198.977
104.129797 198.204
104.136806 196.026
104.139797 198.842
104.146806 198.204
104.149804 201.159
104.156812 198.204
104.159800 195.898
104.166809 197.434
104.169809 196.797
104.176809 197.434
104.179798 200.385
104.186810 198.073
104.189810 196.665
104.196809 196.665
104.199795 197.434
104.206809 201.159
104.209806 198.204
104.216808 197.307
104.219798 198.204
104.226806 198.073
104.229740 196.665
104.236686 199.612
104.239686 198.073
104.246803 195.021
104.249791 198.842
104.256811 198.842
104.259822 197.19
104.266814 196.543
104.269812 196.797
104.276808 197.434
104.279798 199.612
104.286808 201.308
104.289806 198.977
104.296808 194.489
104.299798 195.256
104.306808 198.204
104.309807 195.898
104.316807 196.665
104.319852 197.434
104.326861 193.61
104.329859 195.898
104.336855 200.684
104.339845 197.57
104.346855 197.434
104.349857 198.204
104.356863 199.123
104.359876 195.898
104.366858 197.434
104.369856 197.434
104.376857 194.371
104.379851 193.724
104.386851 199.752
104.389854 201.308
104.396858 194.371
104.399847 196.665
104.406857 198.204
104.409855 197.19
104.416857 198.6
104.419847 199.361
104.426856 197.19
104.429858 197.307
104.436856 198.842
104.439849 198.977
104.446862 198.842
104.449859 197.57
104.456861 201.159
104.459850 196.665
104.466855 192.961
104.469858 198.346
104.476860 194.489
104.479849 193.724
104.486854 196.665
104.489848 195.256
104.496857 195.021
104.499847 196.797
104.506856 200.385
104.509873 197.307
104.516859 196.026
104.519850 198.977
104.526858 195.256
104.529857 199.123
104.536859 199.123
104.539847 194.618
104.546856 198.346
104.549855 194.618
104.556861 196.163
104.559857 196.939
104.566851 195.256
104.569855 193.61
104.576856 199.612
104.579850 198.346
104.586860 198.842
104.589858 198.073
104.596859 198.842
104.599849 201.02
104.606859 200.25
104.609863 201.159
104.616857 198.716
104.619850 192.961
104.626869 198.842
104.629856 202.089
104.636857 198.204
104.639852 193.724
104.646857 192.315
104.649859 195.389
104.656860 199.123
104.659844 196.665
104.666855 195.78
104.669858 195.898
104.676867 199.752
104.679847 198.977
104.686856 197.57
104.689864 198.977
104.696855 194.371
104.700860 196.797
104.707855 199.902
104.710858 194.618
104.720859 192.961
104.722851 195.256
104.735860 196.026
104.738858 198.977
104.740851 199.752
104.741851 197.434
104.747849 197.307
104.750857 197.307
104.756862 202.566
104.759852 201.02
104.766857 198.073
104.769861 197.19
104.776842 194.263
104.779850 200.25
104.786859 201.792
104.789858 198.842
104.796858 196.543
104.799853 195.021
104.806862 197.307
104.809861 202.089
104.816861 197.434
104.819851 195.021
104.826859 198.204
104.829859 196.026
104.836860 195.898
104.839849 199.123
104.846858 201.936
104.849860 193.08
104.856866 195.389
104.859851 199.123
104.866855 197.717
104.869863 196.543
104.876858 194.489
104.879853 199.612
104.886862 198.204
104.889860 195.021
104.896861 197.952
104.899851 198.842
104.906861 196.665
104.909869 196.665
104.916860 202.714
104.919853 198.716
104.926858 196.543
104.929861 198.073
104.936858 199.482
104.939852 197.952
104.946867 198.977
104.949860 198.073
104.956860 194.371
104.959851 197.952
104.966843 196.665
104.969855 195.021
104.976860 194.371
104.979851 198.346
104.986860 198.842
104.989859 194.371
104.996869 195.898
104.999854 197.57
105.006859 195.898
105.009862 196.665
105.016859 199.902
105.019854 199.752
105.026860 195.78
105.029858 194.371
105.036861 194.371
105.039850 197.307
105.046859 197.952
105.049862 198.977
105.056864 199.482
105.059853 191.343
105.066858 197.19
105.069857 200.529
105.076863 198.842
105.079851 195.133
105.086862 195.898
105.089859 194.489
105.096860 195.256
105.099850 196.797
105.106860 198.204
105.109862 198.977
105.116776 198.497
105.119853 197.57
105.126854 199.279
105.130853 196.939
105.137863 194.489
105.140853 200.529
105.147861 198.346
105.150859 195.133
105.156864 197.434
105.159855 198.204
105.166724 198.204
105.169812 198.977
105.176817 195.256
105.179807 198.977
105.186815 198.842
105.189815 198.842
105.196816 201.02
105.199807 198.073
105.206816 198.716
105.209816 198.977
105.216815 201.02
105.219807 199.612
105.226816 197.434
105.229817 198.977
105.236816 193.08
105.239805 197.434
105.246809 200.385
105.249814 195.256
105.256814 193.61
105.259803 197.434
105.266804 197.434
105.269824 197.307
105.276815 200.529
105.279805 197.434
105.286814 195.78
105.289813 195.133
105.296813 198.073
105.299804 200.385
105.306814 198.204
105.309812 196.797
105.316817 198.073
105.319807 196.543
105.326817 200.385
105.329816 197.434
105.336816 194.489
105.339810 192.096
105.346814 195.898
105.349821 201.02
105.356820 196.665
105.359807 198.204
105.366868 200.529
105.369856 196.665
105.376862 197.307
105.379856 200.385
105.386865 199.612
105.389867 196.665
105.396865 197.434
105.399854 198.204
105.407862 198.716
105.410861 198.073
105.417861 198.977
105.420856 199.752
105.427867 198.204
105.429863 195.898
105.436864 197.434
105.439854 197.434
105.446862 197.307
105.449864 197.307
105.456864 197.307
105.459856 197.307
105.466865 198.073
105.469855 198.204
105.476864 198.073
105.479855 196.543
105.486864 197.19
105.489861 198.073
105.496862 200.25
105.499857 196.665
105.506866 195.133
105.509864 198.204
105.516861 197.434
105.519855 196.543
105.526864 197.57
105.529863 198.977
105.536863 191.442
105.539853 196.543
105.546866 198.842
105.549865 201.658
105.556865 196.543
105.559855 198.204
105.566865 195.133
105.569797 194.263
105.576863 198.073
105.579857 200.529
105.586862 195.78
105.589866 194.263
105.596866 197.434
105.599854 194.371
105.606864 196.543
105.609867 197.434
105.616866 196.543
105.619855 196.543
105.626865 197.952
105.629867 198.842
105.636860 198.842
105.639849 194.263
105.646863 195.133
105.649866 200.385
105.656866 195.898
105.659857 199.612
105.666866 196.797
105.669834 195.898
105.676866 193.848
105.679859 198.842
105.686864 198.842
105.689867 198.073
105.696863 199.752
105.699858 195.898
105.706867 195.898
105.709861 200.529
105.716864 199.612
105.719854 195.78
105.726864 200.385
105.729874 195.898
105.736864 196.665
105.739855 199.752
105.746860 198.346
105.749867 196.665
105.756868 198.204
105.759854 198.204
105.766863 198.977
105.769926 196.163
105.776867 196.797
105.779864 195.133
105.786864 199.612
105.789866 201.936
105.796864 195.256
105.799858 196.797
105.806868 198.346
105.809865 196.026
105.816867 199.752
105.819856 202.714
105.826866 198.977
105.829872 195.78
105.837865 195.898
105.840860 198.204
105.847864 201.159
105.850867 196.665
105.857869 195.898
105.859858 195.021
105.866867 196.665
105.869865 201.308
105.876867 197.434
105.879857 193.724
105.886865 196.543
105.889873 197.307
105.896874 198.204
105.899759 199.123
105.906866 197.57
105.909869 194.371
105.916869 198.977
105.919857 198.346
105.926863 196.665
105.929861 198.346
105.936866 197.434
105.939856 198.073
105.946873 198.977
105.949867 199.123
105.956867 196.026
105.959857 196.665
105.966868 198.346
105.969866 198.204
105.976829 195.898
105.979862 197.434
105.986866 195.898
105.990865 194.918
106.000870 198.073
106.002857 202.714
106.015865 198.842
106.018868 196.543
106.020862 198.073
106.021857 197.434
106.026866 199.482
106.029869 197.434
106.036868 195.133
106.039857 194.263
106.046867 199.612
106.049865 200.385
106.056814 195.389
106.059860 196.665
106.066868 195.133
106.069865 198.977
106.076876 199.752
106.079856 198.204
106.086866 197.434
106.089868 194.918
106.096865 197.952
106.099859 196.665
106.106869 198.073
106.109835 196.665
106.116862 196.543
106.119858 192.096
106.126863 191.442
106.129858 198.842
106.136869 199.279
106.139859 196.163
106.146869 192.315
106.149870 199.752
106.156763 206.465
106.159867 198.073
106.166867 196.665
106.169869 197.952
106.176825 195.021
106.179861 198.6
106.186871 200.891
106.189869 197.307
106.196871 193.414
106.199858 198.204
106.206868 203.494
106.209870 199.902
106.216839 198.204
106.219862 195.78
106.226870 197.19
106.229869 200.385
106.236870 201.159
106.240864 196.665
106.247870 198.842
106.250867 196.543
106.257868 198.073
106.260867 199.752
106.266868 200.385
106.269870 198.073
106.276821 198.977
106.279862 201.02
106.286870 198.842
106.289868 199.752
106.296870 196.797
106.299858 195.256
106.306868 199.752
106.309865 198.842
106.316869 195.021
106.319863 195.021
106.326869 197.307
106.329867 198.073
106.336868 200.385
106.339862 201.792
106.346866 197.19
106.349876 195.673
106.356866 195.898
106.359865 199.752
106.366871 198.977
106.369869 193.724
106.376820 193.61
106.379860 191.343
106.386870 195.133
106.389873 200.529
106.396869 194.618
106.399859 189.932
106.406869 196.026
106.409871 203.494
106.416871 195.256
106.419862 194.371
106.426872 196.543
106.429868 195.576
106.436870 200.25
106.439859 199.612
106.446868 194.371
106.449870 194.263
106.456867 195.898
106.459866 197.434
106.466871 198.346
106.469870 201.308
106.476821 199.123
106.479860 191.442
106.486869 195.898
106.489867 203.494
106.496873 199.482
106.499863 194.918
106.506867 197.307
106.509870 196.163
106.516872 197.434
106.519860 198.346
106.526871 196.939
106.529868 194.489
106.536870 197.434
106.539860 204.277
106.546869 198.204
106.549868 191.442
106.556867 195.133
106.559866 196.665
106.566868 200.529
106.569869 201.159
106.576729 196.026
106.579816 197.434
106.586872 195.256
106.589869 197.434
106.596870 201.308
106.599864 196.939
106.606869 195.256
106.609871 195.133
106.616868 198.204
106.619862 198.977
106.626872 195.78
106.629870 197.434
106.636871 198.716
106.639865 193.507
106.646865 199.482
106.649856 200.385
106.656826 195.898
106.659870 195.898
106.666874 197.434
106.669872 198.073
106.676747 195.898
106.679819 195.78
106.686822 195.78
106.689822 195.021
106.696823 195.898
106.700821 198.977
106.707822 200.385
106.710822 196.797
106.717824 197.57
106.720816 199.902
106.727823 200.529
106.729822 193.724
106.736824 193.21
106.739814 194.618
106.746814 192.315
106.749821 195.898
106.756821 194.371
106.759818 195.78
106.766825 198.842
106.769824 202.566
106.776825 200.25
106.779816 197.841
106.786825 196.431
106.789824 199.482
106.796823 201.936
106.799812 200.385
106.806823 196.543
106.809822 198.716
106.816823 199.612
106.819812 198.073
106.826822 195.389
106.829821 194.489
106.836823 193.724
106.839813 193.724
106.846876 195.256
106.849871 197.434
106.856867 200.529
106.859866 203.494
106.866871 204.9
106.869870 202.252
106.876872 199.123
106.879866 198.346
106.886873 202.714
106.889870 199.123
106.896872 192.315
106.899876 189.381
106.906874 192.315
106.909872 195.898
106.916874 195.78
106.919863 199.752
106.926872 201.308
106.929870 203.342
106.936873 203.199
106.939867 201.02
106.946872 202.566
106.949878 202.714
106.956872 201.792
106.959867 199.612
106.966873 198.204
106.969871 195.389
106.976872 194.618
106.979852 191.552
106.986866 193.724
106.989874 193.08
106.996875 196.311
106.999873 198.346
107.006873 195.133
107.009871 197.952
107.016882 200.25
107.019861 201.792
107.026871 200.25
107.029873 197.307
107.036871 198.073
107.039864 195.78
107.046875 196.543
107.049876 197.434
107.056874 195.898
107.059869 190.686
107.066882 192.852
107.069875 195.256
107.076868 196.026
107.079800 195.898
107.086875 196.665
107.089873 201.936
107.096880 202.428
107.099863 200.25
107.106874 203.342
107.109872 201.159
107.116784 199.752
107.119867 198.977
107.126860 200.529
107.129866 199.752
107.136874 194.618
107.139864 194.489
107.146874 197.434
107.149872 198.073
107.156874 192.961
107.159872 194.371
107.166882 197.434
107.169875 197.434
107.176876 198.204
107.179867 201.467
107.186874 202.089
107.189877 198.073
107.196873 198.073
107.199868 200.385
107.206877 199.752
107.209875 196.797
107.216876 192.852
107.219866 188.43
107.226875 190.79
107.229874 194.756
107.236873 196.163
107.239867 194.756
107.246867 195.256
107.249874 196.665
107.256875 201.159
107.259870 201.936
107.266875 198.716
107.270874 197.19
107.280857 198.6
107.282868 197.952
107.295878 196.543
107.298875 196.543
107.300877 194.263
107.301867 194.263
107.306875 196.543
107.309873 197.434
107.316874 198.204
107.319865 196.163
107.326874 199.123
107.329876 198.204
107.336873 196.665
107.339868 199.612
107.346876 198.842
107.349876 198.204
107.356871 198.204
107.359776 196.797
107.366871 197.434
107.369870 195.256
107.376875 195.389
107.379865 193.848
107.386869 191.672
107.389877 194.618
107.396877 194.489
107.399867 194.371
107.406876 195.898
107.409874 195.898
107.416876 194.489
107.419865 199.612
107.426875 199.752
107.429872 195.898
107.436883 198.842
107.439868 199.612
107.446878 195.78
107.449875 193.507
107.456876 194.371
107.460880 193.61
107.467883 195.133
107.470877 198.842
107.477874 196.665
107.480869 195.256
107.487873 196.797
107.489875 199.123
107.496876 201.159
107.499866 199.612
107.506877 198.842
107.509874 200.385
107.516875 198.204
107.519867 197.434
107.526878 198.204
107.529874 197.434
107.536875 193.724
107.539869 193.724
107.546879 196.665
107.549876 196.665
107.556877 195.256
107.559867 195.256
107.566878 195.256
107.569875 198.204
107.576877 198.977
107.579867 198.073
107.586870 198.204
107.589877 198.977
107.596875 198.716
107.599869 198.842
107.606875 197.307
107.609876 193.61
107.616873 195.133
107.619869 199.123
107.626878 196.797
107.629876 196.797
107.636874 199.902
107.639868 199.123
107.646878 198.977
107.649877 201.936
107.656846 201.159
107.659871 200.385
107.666881 198.842
107.669878 197.434
107.676875 199.612
107.679865 198.204
107.686874 198.204
107.689877 196.797
107.696879 198.497
107.699868 199.123
107.706875 198.977
107.709878 200.385
107.716880 197.434
107.719868 195.898
107.726877 195.898
107.729875 197.307
107.736877 195.898
107.739871 196.026
107.746870 198.346
107.749878 198.346
107.756880 199.752
107.759870 200.529
107.766875 200.529
107.769876 198.977
107.776877 200.25
107.779871 198.716
107.786871 197.952
107.789874 197.19
107.796876 195.78
107.799870 196.543
107.806880 197.307
107.809877 201.02
107.816878 201.792
107.819870 198.842
107.826885 198.977
107.829879 198.842
107.837878 196.543
107.840873 197.952
107.847878 195.133
107.850880 196.665
107.857877 198.073
107.859871 198.073
107.866880 196.543
107.869882 193.08
107.876878 196.797
107.879872 196.797
107.886873 195.898
107.889872 195.256
107.896879 195.389
107.899873 197.434
107.906878 196.543
107.909880 194.371
107.916877 196.665
107.919871 197.307
107.926881 195.898
107.929881 195.021
107.936883 193.61
107.939873 197.952
107.946878 196.665
107.949881 198.073
107.956874 196.797
107.959860 198.977
107.966881 198.842
107.969879 201.159
107.976879 198.977
107.979868 194.489
107.986863 199.752
107.989862 201.159
107.996833 199.902
107.999871 198.842
108.006880 195.256
108.009877 197.57
108.016878 198.346
108.019873 196.163
108.026882 196.311
108.029880 195.256
108.036882 195.256
108.039871 198.977
108.046890 202.872
108.049884 201.159
108.056880 198.204
108.059874 198.842
108.066883 197.952
108.069880 199.612
108.076882 197.434
108.079872 191.442
108.086881 190.686
108.089879 195.256
108.096820 200.385
108.099875 200.385
108.106882 198.977
108.109880 197.434
108.116881 198.842
108.119884 199.752
108.126874 198.977
108.129873 195.133
108.136881 193.724
108.139872 195.78
108.146881 195.256
108.149878 197.57
108.156880 198.346
108.159870 196.797
108.166880 196.665
108.170882 198.346
108.177879 202.089
108.180874 196.665
108.187879 192.2
108.190881 191.343
108.197876 193.61
108.199875 197.434
108.206881 198.977
108.209883 196.026
108.216880 195.256
108.219880 196.665
108.226881 198.977
108.229874 200.385
108.236899 195.898
108.239873 193.61
108.246877 195.133
108.249880 195.133
108.256881 196.665
108.259871 197.434
108.266881 196.797
108.269878 197.434
108.276880 196.026
108.279874 197.57
108.286888 199.752
108.289880 201.308
108.296820 199.612
108.299871 196.797
108.306880 195.898
108.309879 196.665
108.316880 197.434
108.319874 197.434
108.326880 194.371
108.329882 196.797
108.336890 201.467
108.339874 202.872
108.346880 199.123
108.349882 194.618
108.356881 192.315
108.359876 197.434
108.368883 199.123
108.375879 198.977
108.376876 197.434
108.381879 197.434
108.389883 195.021
108.392877 195.133
108.397875 199.902
108.401878 200.529
108.407883 193.848
108.411881 196.026
108.417881 196.797
108.421881 196.797
108.427880 198.204
108.430884 196.665
108.434883 193.61
108.441883 194.371
108.446883 197.434
108.451883 198.346
108.454884 195.898
108.461881 190.79
108.464877 196.797
108.471881 199.123
108.474884 195.898
108.481880 196.665
108.484875 198.842
108.491885 197.307
108.494883 200.25
108.501879 200.529
108.504882 195.78
108.511883 195.673
108.514835 198.073
108.521877 195.898
108.524885 198.842
108.531882 197.57
108.534885 193.08
108.541885 194.618
108.544875 201.636
108.558882 199.123
108.561883 195.389
108.562877 198.346
108.573883 198.073
108.576876 198.977
108.577873 198.977
108.582886 194.371
108.586885 195.133
108.589884 196.163
108.596885 196.939
108.600827 196.026
108.607884 198.497
108.610882 197.57
108.617883 194.618
108.620873 201.308
108.626881 200.529
108.629884 194.371
108.636887 193.61
108.639873 196.543
108.646884 197.307
108.649881 198.073
108.656888 198.842
108.659877 196.543
108.666883 198.716
108.669884 198.204
108.676886 199.612
108.679875 196.665
108.686885 198.977
108.689881 196.543
108.696883 189.932
108.699820 196.665
108.706884 197.434
108.709882 197.307
108.716884 196.543
108.719874 194.371
108.726884 197.307
108.729886 198.842
108.736882 198.977
108.739877 197.307
108.746881 194.263
108.749883 198.842
108.756885 198.977
108.759874 200.529
108.766885 199.612
108.769887 196.665
108.776884 199.752
108.779878 199.123
108.786884 196.797
108.789885 197.57
108.796882 195.389
108.799873 197.717
108.806881 202.252
108.809879 199.123
108.816884 198.346
108.819878 201.308
108.826886 197.434
108.829884 201.159
108.836885 198.977
108.839875 198.073
108.846885 194.371
108.849887 197.434
108.856883 201.159
108.859878 198.204
108.866888 200.529
108.869886 198.204
108.876887 195.898
108.879876 197.434
108.886886 197.434
108.889884 199.612
108.896885 197.307
108.899885 193.61
108.906886 193.61
108.909883 200.529
108.916885 199.752
108.919878 193.724
108.926884 194.371
108.929887 194.618
108.936884 199.752
108.939876 197.57
108.946885 198.204
108.949888 196.543
108.956889 194.371
108.959879 197.434
108.966885 197.717
108.969886 198.977
108.976885 193.61
108.979875 195.256
108.986885 198.204
108.989887 198.346
108.996884 201.308
108.999877 198.977
109.006882 193.507
109.009880 193.724
109.016887 198.204
109.019876 197.307
109.026885 193.507
109.029883 196.543
109.036885 197.307
109.039877 198.716
109.046887 198.977
109.049886 197.57
109.057887 195.133
109.060882 196.665
109.067888 198.204
109.070889 195.898
109.077887 195.133
109.080880 195.133
109.086884 196.543
109.089888 198.842
109.096843 198.842
109.099880 196.665
109.106885 198.204
109.109888 198.204
109.116788 196.665
109.119881 195.133
109.126884 195.256
109.129879 194.263
109.136889 195.021
109.139878 197.434
109.146881 195.898
109.149885 198.842
109.156888 199.612
109.159879 196.665
109.166889 195.021
109.169886 198.073
109.176888 200.385
109.179878 195.78
109.186887 195.021
109.189885 198.716
109.196887 201.159
109.199880 198.073
109.206885 193.724
109.209889 194.371
109.216892 195.898
109.219881 196.665
109.226888 196.026
109.229890 196.431
109.236887 196.431
109.239878 197.19
109.246883 200.25
109.249886 198.073
109.256887 198.073
109.259877 199.612
109.266888 200.25
109.269884 198.842
109.276888 198.204
109.279878 195.898
109.286888 195.898
109.289898 196.665
109.296885 201.159
109.299879 198.204
109.306884 196.665
109.309886 195.898
109.316894 196.026
109.319878 199.612
109.326886 200.529
109.329889 198.204
109.336890 197.307
109.339884 195.78
109.346894 199.612
109.349886 198.977
109.356887 198.977
109.359877 196.665
109.366892 195.133
109.369889 199.902
109.376890 201.159
109.379880 195.389
109.386885 197.434
109.389895 196.665
109.396888 200.385
109.399882 201.936
109.406894 199.752
109.409887 195.133
109.416888 195.898
109.419878 202.872
109.426888 199.902
109.429890 196.026
109.436892 197.717
109.439889 197.434
109.446890 198.073
109.449887 200.529
109.456899 198.842
109.459879 196.665
109.465883 199.612
109.470887 198.204
109.477889 197.307
109.480883 198.204
109.487888 199.902
109.490890 198.977
109.495890 197.307
109.499888 196.797
109.506763 198.204
109.509748 198.073
109.516861 195.673
109.519834 196.431
109.526737 197.307
109.529733 197.307
109.535732 197.307
109.539734 199.612
109.546838 195.78
109.549753 196.665
109.556727 200.529
109.559765 197.434
109.566764 192.961
109.569761 196.665
109.576765 197.57
109.579758 199.279
109.586765 196.797
109.589764 194.489
109.595767 197.434
109.599765 199.752
109.606740 202.714
109.609782 196.665
109.615808 192.961
109.619798 196.665
109.625796 198.977
109.629799 197.434
109.636799 198.204
109.639789 195.898
109.646800 193.724
109.649799 197.307
109.656819 199.482
109.660800 197.952
109.662811 197.952
