70.096582 235.553
70.103644 228.976
70.106548 231.478
70.113788 235.308
70.116882 236.061
70.123756 232.493
70.126697 228.939
70.133551 236.434
70.136595 238.151
70.143541 236.377
70.146543 238.204
70.160598 237.017
70.163637 231.383
70.164625 233.369
70.175508 236.605
70.178637 232.641
70.179637 232.641
70.181640 239.215
70.188629 235.903
70.191635 231.42
70.198643 235.111
70.201646 234.868
70.208628 235.189
70.211532 234.009
70.218641 237.786
70.221645 235.198
70.228626 235.735
70.231636 232.848
70.238645 237.257
70.241635 236.715
70.248625 231.095
70.251633 234.868
70.257642 236.43
70.261645 231.84
70.268629 234.107
70.271634 233.283
70.278644 232.564
70.281638 234.917
70.288630 236.818
70.291637 237.457
70.298638 235.091
70.301641 231.314
70.308626 233.566
70.311636 238.816
70.318644 236.96
70.321645 236.172
70.328628 240.01
70.331636 233.139
70.338646 233.797
70.341640 233.686
70.348626 237.506
70.351640 234.664
70.358649 233.748
70.361640 238.027
70.368624 233.838
70.371638 234.557
70.377643 234.753
70.381651 236.592
70.388627 237.912
70.391638 236.732
70.398643 234.753
70.401642 234.107
70.407646 233.463
70.411645 232.641
70.418641 232.667
70.421650 238.103
70.428627 235.011
70.431648 232.641
70.437647 234.004
70.441651 232.282
70.448625 232.921
70.451637 236.053
70.458642 234.218
70.461636 234.004
70.469647 238.099
70.472628 242.417
70.479649 238.667
70.482642 233.619
70.489647 233.056
70.492630 239.188
70.497649 240.054
70.501642 232.848
70.508647 229.277
70.511636 227.458
70.518640 230.365
70.521648 236.487
70.527649 239.527
70.531638 234.6
70.538645 233.3
70.541640 238.439
70.548632 238.552
70.551638 234.115
70.557647 231.004
70.561650 230.913
70.567640 235.637
70.571649 234.369
70.577650 234.369
70.581659 234.369
70.587649 235.553
70.591648 235.637
70.598587 236.916
70.601640 230.135
70.607648 232.011
70.611647 236.588
70.617630 237.371
70.621648 241.357
70.627648 243.38
70.631674 232.605
70.637647 230.02
70.641650 231.746
70.647652 237.777
70.651647 233.489
70.657651 237.152
70.661650 229.172
70.670654 225.42
70.673643 234.009
70.678652 240.678
70.681641 238.168
70.687529 237.649
70.691594 237.162
70.698770 236.138
70.701600 243.027
70.707601 241.116
70.711600 238.317
70.717595 235.637
70.721602 229.68
70.727601 229.238
70.731601 232.959
70.737602 230.591
70.741598 232.613
70.747594 234.708
70.751595 234.994
70.757599 237.39
70.761600 240.302
70.767595 242.924
70.771600 239.284
70.777599 238.667
70.781599 241.8
70.787598 236.755
70.791601 234.305
70.797598 235.002
70.801597 229.654
70.807598 232.407
70.811597 234.19
70.818593 234.713
70.821597 235.64
70.827599 234.753
70.831598 237.021
70.837599 240.576
70.841605 239.293
70.847588 238.483
70.851591 237.247
70.857595 235.374
70.861601 235.459
70.867597 233.227
70.871603 233.825
70.877606 233.144
70.881603 237.918
70.887600 233.129
70.891602 234.725
70.897601 237.386
70.902602 237.363
70.909603 236.487
70.912657 238.137
70.919596 239.222
70.922598 234.267
70.927596 234.891
70.931601 235.587
70.937509 233.3
70.941602 231.655
70.947601 231.746
70.951594 229.915
70.957600 235.516
70.961602 235.516
70.967596 234.329
70.971601 237.895
70.977603 233.365
70.981601 233.463
70.987601 238.439
70.991602 237.363
70.997602 234.651
71.001600 233.369
71.007602 234.651
71.011601 235.296
71.017536 235.833
71.021597 234.868
71.027601 231.095
71.031601 229.915
71.037603 233.566
71.041602 236.707
71.047602 235.402
71.051595 236.299
71.057609 234.868
71.061602 235.111
71.067599 235.771
71.071603 230.556
71.077605 232.493
71.081598 231.311
71.087602 227.651
71.091603 227.55
71.097596 230.556
71.101603 233.144
71.107603 231.737
71.111603 231.095
71.117596 232.605
71.121598 232.729
71.127602 232.506
71.131594 231.311
71.137604 236.595
71.141601 231.961
71.147603 229.277
71.151599 231.84
71.157603 229.732
71.161603 227.925
71.167597 229.473
71.171602 226.914
71.177606 225.57
71.181594 234.337
71.187599 232.086
71.191601 227.029
71.197600 235.032
71.201601 242.07
71.207601 234.862
71.211600 232.392
71.217596 237.914
71.221596 219.709
71.227600 233.925
71.232623 250.072
71.239601 228.189
71.242595 224.112
71.249601 221.669
71.252632 219.406
71.259600 230.515
71.261594 253.541
71.267596 219.759
71.271600 224.091
71.277600 226.705
71.281600 239.428
71.288733 240.84
71.291878 236.569
71.297484 226.879
71.301498 215.613
71.307494 225.548
71.311493 230.935
71.317495 250.254
71.321491 226.932
71.327494 217.929
71.331494 215.539
71.337493 240.235
71.341496 258.445
71.347495 240.934
71.351492 224.787
71.357496 228.688
71.361496 251.778
71.367501 222.083
71.371488 215.451
71.377494 228.563
71.381492 236.053
71.390493 231.948
71.393489 222.679
71.397492 231.92
71.401494 220.075
71.407494 231.72
71.411493 266.985
71.417498 230.749
71.421524 216.398
71.428528 217.851
71.438529 224.956
71.442529 236.916
71.443522 259.917
71.454528 217.993
71.457522 220.685
71.458519 223.575
71.462528 227.484
71.466527 242.506
71.472528 260.206
71.476633 217.555
71.482606 229.377
71.486603 228.335
71.492622 231.858
71.496655 244.965
71.502598 227.319
71.506601 228.18
71.512664 228.142
71.516632 221.147
71.524658 232.319
71.527594 238.286
71.534538 220.882
71.537598 225.661
71.544624 235.153
71.546593 225.595
71.552685 234.049
71.556655 238.707
71.562603 227.088
71.566602 224.201
71.572618 228.254
71.576686 235.325
71.582612 227.387
71.586602 227.82
71.592620 225.799
71.596690 224.791
71.602598 236.053
71.606601 229.028
71.612625 232.512
71.616618 227.574
71.622599 231.972
71.626515 235.735
71.632618 229.21
71.636686 226.705
71.642602 229.563
71.646695 233.987
71.652615 226.499
71.656689 225.608
71.662608 227.053
71.666606 232.671
71.672619 231.461
71.676617 232.547
71.682609 229.9
71.686597 227.941
71.692620 230.71
71.696687 232.839
71.702601 232.547
71.706605 225.533
71.712619 226.181
71.716685 231.26
71.722516 227.484
71.726599 227.198
71.732619 230.252
71.736659 225.413
71.742607 229.761
71.746597 236.275
71.752617 231.071
71.756689 229.665
71.762608 230.009
71.766606 230.447
71.772619 235.255
71.776685 236.926
71.782609 231.573
71.786594 227.985
71.792625 225.284
71.796655 232.362
71.804603 234.664
71.807593 229.957
71.814604 225.942
71.817596 222.937
71.824617 224.332
71.826596 232.299
71.832619 235.153
71.836656 227.574
71.842614 225.302
71.846607 230.64
71.852614 234.693
71.856618 230.922
71.862606 236.205
71.866606 231.594
71.872629 224.332
71.876608 226.868
71.882611 233.157
71.887108 235.021
71.892815 228.775
71.896509 224.199
71.902517 222.919
71.906555 229.349
71.912563 235.555
71.916599 237.312
71.922554 227.941
71.926552 226.418
71.932562 227.029
71.936590 234.9
71.942649 234.361
71.946647 225.391
71.952674 223.575
71.956638 224.98
71.962658 227.895
71.966657 229.107
71.972635 228.178
71.976640 225.109
71.982658 226.155
71.986648 226.806
71.992637 229.183
71.996635 229.319
72.002661 228.591
72.006655 228.327
72.012635 234.915
72.016632 232.839
72.022655 229.761
72.026650 228.118
72.032633 228.755
72.039655 227.029
72.042549 226.528
72.046656 227.425
72.052627 229.702
72.056634 229.377
72.062655 228.276
72.066655 230.176
72.072634 229.946
72.076631 230.009
72.082658 227.17
72.086649 223.397
72.092635 224.109
72.096634 224.216
72.102678 225.661
72.106655 224.733
72.112643 225.668
72.116736 227.372
72.122655 229.336
72.126532 229.201
72.132621 226.817
72.136666 230.491
72.142614 228.405
72.146608 222.405
72.153603 219.786
72.157606 226.612
72.164617 228.775
72.167600 225.109
72.174607 226.455
72.177601 231.679
72.182610 229.48
72.186614 223.379
72.192618 226.435
72.196619 229.883
72.202610 222.158
72.206610 225.827
72.212620 230.432
72.216635 227.783
72.222610 227.011
72.226624 231.087
72.232674 228.919
72.236628 228.405
72.242610 226.685
72.246600 225.164
72.252621 226.597
72.256615 228.895
72.262609 225.801
72.266609 227.104
72.272616 229.541
72.276613 231.346
72.282614 235.372
72.286542 229.157
72.292620 222.275
72.296615 224.332
72.302609 226.013
72.306610 227.726
72.312619 224.475
72.316613 226.093
72.322611 226.051
72.326682 230.506
72.332637 235.459
72.336653 232.166
72.342609 224.132
72.346601 221.542
72.352662 227.666
72.356642 235.036
72.362609 230.022
72.366609 225.885
72.372617 229.769
72.376650 229.582
72.382654 226.72
72.386663 226.175
72.392639 229.499
72.396748 227.546
72.402660 224.272
72.406660 227.011
72.412673 229.107
72.416634 227.385
72.422659 228.895
72.426658 230.64
72.432639 229.741
72.436661 222.975
72.442657 226.691
72.446662 229.689
72.452690 225.167
72.456647 224.495
72.462660 226.605
72.466660 227.776
72.472636 224.404
72.476634 221.319
72.482658 232.261
72.486656 236.193
72.492634 226.217
72.496651 219.941
72.502647 223.687
72.506660 233.557
72.512641 227.603
72.516637 223.11
72.522645 223.553
72.526653 224.718
72.532637 227.914
72.536635 229.151
72.542661 226.535
72.546660 223.134
72.552674 222.038
72.556637 228.022
72.562655 230.725
72.566655 224.013
72.572638 219.511
72.576636 223.978
72.582659 227.603
72.586662 224.544
72.592647 219.367
72.596638 217.557
72.602658 223.935
72.606658 231.666
72.612673 229.321
72.616638 227.009
72.622660 228.692
72.626655 228.836
72.632664 226.261
72.636661 224.272
72.642604 226.128
72.646658 225.291
72.652674 222.508
72.656637 220.993
72.662662 223.379
72.666666 231.115
72.672640 229.009
72.676668 226.263
72.682666 228.153
72.686660 228.46
72.692674 227.236
72.696643 224.976
72.702660 224.976
72.706660 222.776
72.720675 226.51
72.723652 230.855
72.724641 226.1
72.735894 221.892
72.738648 220.329
72.739637 225.976
72.741640 232.777
72.747558 230.17
72.751563 223.446
72.757562 219.018
72.761563 222.275
72.767560 229.846
72.771561 229.279
72.777562 223.056
72.781568 220.928
72.787562 225.796
72.791564 230.714
72.797564 229.952
72.801563 225.213
72.807563 226.559
72.811557 228.46
72.817560 229.769
72.821567 228.904
72.827559 228.729
72.831562 225.437
72.838543 221.235
72.842529 226.455
72.849534 231.685
72.852523 228.596
72.859531 226.175
72.862530 220.332
72.867531 224.455
72.871535 228.567
72.877530 226.857
72.881532 228.055
72.887532 225.945
72.891530 224.493
72.897532 228.65
72.901530 227.343
72.907529 230.471
72.911533 229.558
72.917531 220.676
72.921503 223.564
72.927531 226.303
72.931530 227.741
72.937531 224.243
72.941530 226.42
72.947533 228.228
72.951532 224.047
72.957531 226.279
72.961571 227.079
72.967561 231.193
72.971580 230.204
72.977562 226.004
72.981566 222.517
72.987568 221.743
72.991557 223.063
72.997561 232.54
73.001562 232.521
73.007566 223.287
73.011568 220.678
73.017563 224.844
73.021563 232.521
73.027563 228.408
73.031565 223.011
73.037564 219.88
73.041561 221.235
73.047563 226.691
73.051562 229.044
73.057560 227.229
73.061565 225.144
73.067563 221.185
73.071565 225.772
73.077568 232.948
73.081563 227.187
73.087564 222.517
73.092290 220.502
73.097615 223.421
73.101610 229.14
73.107620 226.128
73.111615 225.655
73.117610 228.886
73.121617 228.65
73.127613 223.327
73.131608 223.466
73.137615 227.844
73.141606 224.292
73.147612 221.034
73.151617 227.914
73.157614 234.135
73.161617 231.625
73.167616 225.63
73.171617 220.073
73.177548 224.002
73.181618 232.332
73.187664 234.019
73.191655 222.908
73.197663 215.822
73.201667 220.075
73.207662 229.743
73.211666 233.91
73.217667 227.866
73.221665 220.332
73.227665 222.607
73.231664 225.836
73.237545 227.425
73.242711 225.029
73.250510 225.391
73.253498 221.294
73.257503 220.957
73.261506 229.508
73.267506 230.673
73.271505 229.769
73.277506 230.582
73.281516 224.013
73.287509 221.009
73.291503 223.26
73.298505 227.958
73.302505 227.8
73.309504 223.929
73.312500 221.443
73.319507 224.844
73.322508 232.622
73.327509 228.919
73.331507 221.732
73.337508 220.309
73.341499 223.376
73.347506 228.775
73.351508 229.648
73.357508 226.568
73.361507 228.327
73.367508 230.126
73.371508 228.287
73.377532 223.466
73.381527 224.78
73.387524 225.772
73.391528 227.914
73.397526 228.057
73.401526 222.639
73.407522 222.769
73.411527 227.73
73.417526 230.653
73.421527 223.993
73.427526 221.892
73.431525 227.055
73.437526 229.946
73.441527 228.919
73.447525 226.283
73.451524 223.045
73.457524 222.679
73.461525 227.374
73.467527 230.567
73.471527 227.486
73.477527 222.502
73.481526 223.636
73.487528 229.876
73.491525 233.313
73.497527 227.231
73.501528 223.575
73.507525 226.455
73.511527 229.63
73.517528 228.46
73.521528 226.817
73.527527 229.037
73.531526 227.666
73.537528 227.627
73.541526 228.919
73.547524 228.256
73.551527 224.332
73.557526 227.009
73.561527 228.153
73.567528 229.009
73.571527 230.237
73.577527 229.037
73.581529 228.287
73.587530 228.919
73.591522 231.594
73.597527 230.792
73.601528 227.079
73.607526 228.563
73.611526 229.907
73.617528 229.234
73.621529 227.895
73.627527 226.685
73.631527 225.763
73.637528 227.776
73.641527 231.797
73.647571 227.229
73.651575 224.591
73.657571 229.072
73.661576 231.594
73.667576 230.523
73.671574 229.865
73.677583 225.63
73.681575 224.04
73.687578 230.311
73.691560 227.236
73.697633 223.828
73.701646 228.057
73.709669 229.072
73.712702 227.596
73.719668 227.46
73.722666 228.897
73.729667 228.116
73.731657 227.906
73.737669 229.9
73.741668 226.217
73.747664 227.715
73.751662 227.317
73.757672 228.228
73.761669 227.895
73.767666 227.053
73.771664 227.574
73.777665 229.584
73.781669 230.671
73.787670 230.671
73.791663 228.836
73.797668 228.327
73.801667 228.327
73.807657 228.327
73.811666 226.354
73.817667 228.989
73.821666 231.594
73.827666 229.436
73.831670 225.391
73.837665 226.035
73.841664 228.235
73.847659 230.126
73.851662 230.64
73.857582 227.231
73.861667 228.007
73.867667 228.692
73.871667 228.327
73.877664 237.171
73.881668 231.797
73.887669 223.022
73.891662 226.261
73.897667 229.584
73.901666 230.282
73.907677 234.235
73.911669 229.776
73.917667 226.566
73.921670 228.327
73.927666 230.991
73.931670 233.015
73.940692 232.002
73.943658 229.319
73.947659 226.137
73.951660 228.639
73.957684 229.978
73.961662 229.584
73.967667 231.087
73.971666 228.022
73.977666 228.532
73.981670 232.106
73.988686 232.088
73.998667 229.822
74.002666 226.669
74.003658 226.683
74.014665 227.596
74.017662 231.664
74.018657 229.273
74.022668 227.229
74.026669 226.42
74.032684 231.335
74.036704 232.641
74.042663 230.907
74.046709 228.202
74.052693 229.486
74.056704 227.783
74.062668 229.9
74.066667 232.882
74.072682 230.322
74.076680 228.801
74.082666 229.822
74.086671 228.504
74.092683 227.853
74.096705 227.319
74.102670 229.419
74.106669 228.775
74.112685 226.969
74.116751 227.895
74.122666 229.907
74.126656 227.079
74.132707 228.037
74.136684 231.847
74.142666 233.18
74.146670 229.73
74.152683 228.408
74.156705 230.384
74.162673 229.839
74.166667 231.158
74.172684 229.839
74.177672 227.258
74.184686 229.9
74.187662 232.671
74.194672 232.512
74.197662 233.026
74.202670 231.454
74.206669 227.669
74.212686 230.907
74.216703 233.004
74.222668 230.907
74.226664 228.429
74.232684 227.079
74.236707 228.189
74.242658 234.19
74.246648 232.441
74.252707 225.925
74.256685 228.189
74.262670 231.536
74.266669 231.661
74.272683 229.813
74.276703 227.748
74.282672 225.942
74.286675 229.9
74.293041 232.476
74.296885 231.087
74.302624 229.21
74.306615 228.408
74.312681 229.486
74.316676 230.254
74.322627 233.026
74.326614 230.64
74.332681 226.181
74.336624 227.627
74.342626 230.922
74.346621 231.283
74.352662 231.006
74.356624 228.285
74.362621 225.73
74.366620 229.587
74.372681 232.88
74.376631 229.839
74.382624 228.692
74.386625 226.566
74.392684 228.563
74.396706 232.441
74.402620 232.106
74.406621 227.761
74.412678 227.011
74.416626 231.432
74.422622 230.237
74.426617 230.133
74.432681 230.619
74.436630 226.155
74.442562 227.079
74.446621 235.903
74.452710 234.337
74.456708 227.783
74.462673 229.312
74.466672 232.004
74.472686 232.764
74.476713 233.422
74.482673 230.497
74.486671 225.506
74.492641 226.969
74.496686 233.656
74.502672 235.495
74.506671 232.469
74.512687 227.099
74.516705 225.098
74.522669 230.237
74.526669 235.57
74.532685 235.062
74.536719 229.497
74.542679 225.905
74.546672 229.107
74.552689 236.774
74.556685 238.952
74.562673 230.89
74.566671 226.365
74.572685 227.319
74.576711 233.313
74.582674 233.656
74.586675 230.952
74.592690 226.42
74.596704 230.161
74.602674 235.909
74.606672 233.026
74.612687 230.237
74.616685 230.35
74.622673 227.214
74.626677 229.73
74.632687 234.838
74.636706 231.737
74.642741 228.758
74.646674 230.619
74.652691 229.839
74.657669 230.497
74.664685 235.172
74.667666 231.283
74.674675 223.558
74.677664 226.806
74.682672 232.131
74.686669 231.087
74.692685 228.235
74.696709 226.788
74.702673 227.214
74.706672 229.587
74.712683 234.602
74.716707 233.285
74.722671 227.669
74.726629 227.669
74.732690 229.73
74.736689 232.641
74.742675 230.792
74.746662 226.155
74.752596 226.938
74.756713 233.18
74.762625 233.137
74.766624 230.881
74.772681 229.469
74.776653 229.369
74.782624 230.12
74.786621 232.863
74.792666 231.019
74.796686 227.985
74.802625 230.1
74.806626 228.639
74.812675 231.847
74.816702 231.821
74.822627 229.587
74.826620 229.473
74.832686 230.02
74.836706 231.311
74.842623 232.613
74.846624 231.545
74.852595 227.862
74.856662 229.822
74.862625 232.487
74.866623 232.22
74.872694 230.237
74.876705 231.666
74.882624 232.202
74.886620 229.057
74.892681 232.88
74.896620 234.083
74.902625 232.742
74.906608 230.237
74.912658 231.432
74.916645 233.942
74.922681 234.725
74.926678 232.863
74.932685 229.044
74.936712 231.545
74.942676 234.725
74.946675 232.742
74.952684 232.086
74.956720 229.695
74.962675 230.881
74.966672 231.42
74.972684 232.073
74.976686 232.202
74.982675 231.545
74.986667 233.004
74.992686 233.525
74.996709 230.89
75.002674 232.086
75.006672 234.062
75.012686 233.525
75.016708 232.073
75.022677 230.768
75.026677 232.605
75.032684 232.605
75.036694 230.656
75.042676 231.953
75.046673 230.768
75.052685 230.781
75.056719 230.89
75.062672 232.469
75.067677 232.108
75.074674 230.133
75.077611 234.062
75.084687 231.42
75.087668 230.768
75.094681 232.613
75.096682 231.953
75.102674 233.144
75.106677 233.144
75.112698 230.115
75.116748 231.42
75.122678 230.768
75.126671 232.073
75.132692 231.545
75.136710 230.35
75.142674 231.679
75.146674 232.22
75.152686 233.942
75.156698 233.925
75.162672 233.797
75.166677 232.493
75.172688 231.199
75.176710 232.742
75.182675 231.562
75.186670 231.679
75.192762 234.874
75.196711 232.22
75.202674 232.086
75.206677 232.073
75.212686 232.194
75.216689 230.656
75.222676 230.768
75.226675 234.585
75.232687 231.545
75.236709 232.742
75.242671 233.401
75.246664 233.268
75.252694 234.337
75.256693 231.845
75.262673 232.613
75.266676 232.086
75.280690 230.781
75.283668 231.432
75.284714 232.086
75.295673 232.073
75.298675 232.489
75.299668 231.095
75.301671 229.915
75.307679 229.186
75.311601 229.915
75.317678 235.123
75.321677 233.285
75.327677 228.843
75.331675 230.133
75.337676 232.742
75.341679 234.585
75.347674 233.144
75.351678 229.369
75.357673 229.369
75.361688 231.415
75.367678 234.182
75.371677 234.062
75.377677 232.863
75.381676 231.42
75.387675 230.764
75.391680 234.708
75.397671 232.605
75.401673 228.825
75.407679 231.311
75.411654 232.202
75.417678 233.401
75.421676 232.742
75.427677 230.768
75.431677 230.656
75.437677 233.268
75.441676 234.182
75.447672 230.89
75.451676 231.432
75.457543 234.062
75.461676 234.062
75.467677 232.863
75.471675 232.194
75.477676 230.115
75.481679 230.115
75.487675 232.605
75.491678 232.729
75.497537 232.202
75.501931 232.202
75.507658 231.679
75.511662 232.22
75.517683 233.401
75.521675 235.247
75.527681 232.729
75.531671 231.303
75.537675 230.768
75.541679 232.073
75.547674 233.401
75.551679 235.378
75.557548 234.045
75.561626 231.953
75.567630 231.303
75.571629 232.725
75.577631 232.854
75.581630 231.536
75.587628 230.228
75.591629 230.35
75.597627 231.545
75.601628 231.679
75.607628 232.34
75.611629 230.907
75.617628 232.086
75.621628 235.123
75.627628 233.144
75.631620 231.84
75.637629 231.84
75.641630 231.195
75.647630 231.953
75.651627 233.268
75.657633 233.157
75.661620 231.311
75.667681 231.311
75.671678 231.432
75.677679 231.562
75.681679 231.041
75.687671 231.7
75.691670 233.692
75.697673 231.432
75.701677 229.915
75.707678 235.41
75.711677 236.172
75.717677 232.925
75.721680 234.009
75.727676 233.036
75.731671 232.925
75.737680 233.028
75.741678 236.434
75.747674 235.771
75.752694 233.028
75.758680 233.139
75.762650 236.172
75.768691 236.172
75.772719 236.592
75.777681 236.715
75.781680 234.664
75.787595 232.097
75.791680 235.296
75.797675 237.777
75.801678 236.478
75.807679 233.369
75.811678 232.282
75.817678 234.329
75.821681 233.797
75.827678 233.028
75.831675 233.677
75.837683 232.381
75.841681 234.009
75.847674 236.487
75.851678 238.33
75.857680 233.3
75.861677 232.667
75.867683 236.605
75.871681 235.943
75.877682 234.651
75.881680 235.402
75.887724 233.463
75.891680 234.004
75.897681 236.588
75.901679 235.291
75.907680 234.004
75.911684 235.402
75.917679 235.402
75.921687 233.472
75.927679 236.605
75.931677 234.664
75.937682 231.478
75.941673 236.605
75.947678 235.956
75.951666 235.296
75.957676 234.009
75.961543 232.183
75.967633 234.218
75.971634 237.363
75.977626 236.833
75.981632 234.762
75.987631 234.762
75.991635 232.39
75.997626 235.402
76.001631 237.493
76.007632 235.296
76.011631 230.766
76.017631 233.838
76.021629 236.605
76.027631 235.308
76.031627 233.369
76.037631 235.402
76.041632 233.463
76.047625 234.107
76.051632 238.82
76.057630 236.172
76.061559 231.547
76.067626 233.365
76.071632 235.402
76.077631 237.24
76.081631 237.245
76.087631 235.41
76.091636 231.556
76.097575 235.296
76.101622 238.43
76.107538 236.592
76.111532 234.009
76.117595 230.922
76.121588 232.183
76.127587 236.829
76.131582 236.299
76.137585 234.864
76.141585 232.381
76.147594 232.822
76.152653 236.053
76.158586 237.777
76.162577 235.096
76.168633 233.838
76.172621 234.664
76.177586 234.664
76.181586 234.651
76.187586 234.218
76.191591 232.925
76.197595 232.822
76.201588 234.983
76.207584 236.172
76.211585 232.381
76.217584 233.028
76.221588 234.214
76.227585 235.402
76.231582 235.41
76.237587 233.382
76.241588 233.936
76.247617 233.382
76.251683 232.732
76.257683 234.329
76.261678 236.96
76.267677 234.448
76.271682 234.983
76.277683 234.983
76.281675 233.566
76.287681 235.402
76.291681 238.021
76.297676 235.833
76.301680 233.193
76.307681 234.557
76.311684 233.919
76.317679 233.91
76.321682 235.402
76.327683 234.107
76.331677 232.822
76.337682 235.402
76.341681 236.829
76.347691 236.478
76.351681 233.463
76.357685 234.753
76.361676 234.651
76.367679 234.651
76.371683 237.135
76.377684 232.744
76.381684 233.369
76.387678 234.218
76.391677 234.868
76.397710 235.943
76.401682 236.592
76.407682 231.478
76.411680 232.65
76.417682 234.115
76.421686 235.296
76.427681 235.833
76.431686 235.296
76.437682 234.651
76.441681 238.021
76.447682 237.363
76.451600 232.097
76.457686 235.198
76.461685 235.308
76.467677 235.198
76.471684 238.33
76.477684 236.605
76.481618 230.835
76.487685 235.833
76.491675 239.211
76.497684 234.647
76.501683 234.004
76.507684 235.943
76.511686 233.369
76.517683 236.377
76.521685 236.487
76.527686 235.198
76.531665 235.198
76.537686 235.296
76.541685 235.296
76.548687 235.943
76.558685 237.912
76.562683 233.489
76.563676 232.11
76.574684 235.296
76.577682 236.188
76.578674 236.732
76.582677 234.021
76.586686 234.557
76.592703 236.377
76.596731 239.623
76.602685 239.51
76.606683 235.108
76.612683 233.919
76.616694 235.296
76.622686 237.363
76.626684 239.215
76.633685 235.215
76.637693 233.137
76.643684 236.835
76.647684 235.308
76.653685 235.841
76.657689 236.592
76.662683 238.439
76.666665 235.108
76.672694 236.284
76.676687 237.567
76.682682 239.51
76.686686 236.39
76.692687 235.663
76.696698 236.39
76.702855 235.841
76.706546 236.377
76.712569 236.487
76.716614 235.956
76.722684 232.744
76.726687 233.919
76.732685 240.291
76.736684 237.68
76.742685 234.934
76.746675 236.941
76.752688 238.33
76.756687 235.841
76.762687 237.786
76.766612 237.786
76.772687 232.65
76.776686 236.377
76.782692 238.569
76.786685 233.283
76.792686 235.011
76.796685 240.179
76.802685 236.22
76.806683 234.327
76.812689 235.769
76.816688 235.108
76.822684 236.487
76.826689 239.228
76.832688 234.685
76.836680 232.577
76.842684 235.108
76.846687 236.377
76.852691 238.851
76.856689 238.86
76.862690 236.199
76.866681 233.679
76.872687 235.646
76.876685 239.406
76.882624 238.116
76.886684 235.028
76.892685 235.028
76.896688 233.206
76.902686 236.487
76.906684 238.439
76.912686 235.748
76.916689 234.305
76.923691 236.199
76.927689 237.495
76.933680 240.075
76.937688 236.326
76.943688 233.791
76.947688 236.966
76.952687 238.902
76.956685 236.966
76.962687 236.301
76.966683 235.646
76.972689 236.284
76.976687 239.406
76.982668 238.877
76.986687 233.077
76.992688 236.123
76.996691 240.054
77.002687 238.229
77.006691 237.584
77.012687 235.663
77.016699 233.838
77.022689 237.135
77.026688 239.89
77.032688 236.504
77.036687 234.472
77.042687 236.301
77.046686 238.877
77.052686 240.726
77.056685 236.856
77.062687 236.755
77.066622 236.835
77.072696 239.635
77.076688 241.475
77.082690 238.351
77.087689 236.856
77.091683 232.512
77.097689 237.584
77.101688 244.016
77.107687 237.415
77.111687 233.645
77.117682 234.327
77.121691 238.116
77.127682 242.002
77.131681 240.054
77.137689 235.493
77.141685 235.493
77.147689 241.151
77.151682 240.726
77.157688 238.254
77.161687 236.36
77.170628 233.889
77.172698 235.799
77.176690 240.341
77.182691 236.22
77.186690 236.148
77.192686 238.81
77.196747 236.886
77.202690 235.616
77.206688 237.947
77.212689 238.483
77.216665 238.562
77.222693 239.201
77.226687 235.587
77.232692 236.835
77.236691 237.462
77.242672 239.51
77.246685 241.379
77.252629 234.357
77.256703 233.559
77.262688 237.247
77.267682 239.675
77.273683 240.418
77.277687 235.553
77.283697 233.06
77.287690 236.123
77.292685 238.116
77.296684 238.351
77.302601 236.966
77.306563 236.886
77.312550 238.441
77.316552 235.327
77.322637 236.814
77.326636 237.563
77.332695 234.891
77.339642 236.148
77.342642 235.587
77.346641 233.859
77.352693 238.902
77.356717 242.064
77.362641 236.25
77.366642 236.148
77.372699 235.688
77.376704 240.601
77.382643 243.239
77.386641 236.924
77.392698 231.83
77.396718 235.616
77.402643 241.661
77.406642 240.454
77.412698 235.053
77.416690 236.856
77.422638 240.054
77.426640 237.474
77.432699 243.354
77.436693 240.892
77.442639 231.253
77.446641 236.123
77.452702 242.151
77.456719 239.527
77.462639 236.39
77.466638 236.504
77.472674 237.701
77.476695 240.601
77.482640 240.726
77.486641 238.137
77.492700 234.395
77.496694 237.584
77.502635 240.312
77.506639 240.601
77.512700 236.856
77.516717 233.257
77.522641 238.137
77.526639 241.379
77.532703 238.78
77.536720 238.027
77.542644 235.587
77.546640 236.738
77.552697 239.937
77.556696 240.585
77.562640 236.034
77.566640 233.137
77.573078 238.116
77.576722 238.86
77.582641 240.601
77.586640 237.977
77.592707 234.173
77.596720 234.186
77.602637 235.476
77.606640 239.406
77.612698 237.584
77.616696 233.701
77.622639 233.137
77.626640 235.108
77.632701 238.981
77.636719 238.981
77.642641 234.395
77.646641 234.955
77.652694 235.493
77.656722 238.053
77.662645 241.06
77.666643 235.459
77.672789 233.619
77.676709 233.765
77.682633 237.68
77.686633 239.527
77.692698 235.028
77.696673 236.78
77.702640 237.947
77.706637 237.784
77.712701 239.368
77.716722 237.563
77.722641 232.487
77.726641 237.39
77.732700 237.034
77.736699 237.584
77.742641 239.222
77.747631 236.713
77.753642 236.535
77.757641 237.221
77.763641 242.45
77.767641 238.667
77.773643 235.476
77.776692 238.027
77.782642 238.667
77.786634 238.692
77.792652 237.344
77.796697 234.891
77.802637 238.583
77.806642 241.568
77.812704 240.506
77.816721 237.449
77.822641 234.357
77.826642 239.251
77.840699 242.479
77.843633 237.415
77.844696 236.148
77.855643 239.979
77.858643 239.426
77.859631 239.779
77.861642 238.508
77.867642 238.583
77.871642 238.027
77.877643 240.075
77.881641 241.928
77.887635 236.814
77.891635 237.28
77.897646 239.704
77.901639 240.418
77.907583 239.222
77.911627 236.123
77.917646 237.495
77.921656 238.667
77.927644 239.862
77.931644 238.508
77.937646 237.449
77.941645 236.085
77.947645 239.334
77.951644 243.103
77.957645 239.222
77.961644 238.583
77.967646 237.525
77.971637 236.22
77.977646 240.075
77.981646 239.456
77.987640 234.926
77.991635 235.459
77.997643 237.876
78.001652 239.862
78.007644 236.886
78.011643 238.166
78.017644 234.523
78.021642 234.421
78.027643 238.78
78.031643 238.692
78.037643 238.65
78.041643 237.226
78.047643 232.948
78.051641 237.876
78.057650 238.65
78.061646 239.937
78.067646 239.293
78.074646 236.941
78.076705 238.116
78.082648 236.22
78.086639 242.351
78.092679 240.902
78.096702 234.653
78.102638 235.83
78.106646 234.267
78.112701 240.705
78.116704 241.359
78.122648 238.137
78.126648 235.616
78.132703 235.616
78.136723 239.979
78.142646 242.45
78.146647 240.418
78.152682 237.28
78.156698 233.598
78.162648 238.692
78.166647 237.584
78.172697 237.055
78.176723 238.692
78.182646 236.224
78.186651 239.217
78.192702 236.072
78.196723 238.65
78.205646 237.449
78.208702 233.701
78.212724 240.485
78.216705 238.116
78.222647 238.027
78.226647 239.222
78.232701 237.344
78.236656 237.784
78.242649 235.915
78.246638 242.786
78.252701 238.95
78.256722 232.953
78.262647 239.842
78.266647 239.954
78.272703 241.035
78.276696 241.588
78.282636 236.123
78.286573 236.654
78.292687 240.418
78.296732 241.903
78.302647 235.663
78.306646 237.584
78.312648 237.68
78.316766 240.179
78.322646 239.456
78.326646 234.968
78.332647 239.155
78.336685 236.654
78.342645 236.62
78.346645 236.755
78.352648 238.229
78.356701 240.054
78.362645 237.495
78.366645 238.613
78.372701 236.03
78.376724 240.836
78.382646 245.963
78.386640 233.636
78.392566 233.026
78.396715 238.667
78.402639 241.379
78.406646 238.667
78.412647 233.197
78.416700 238.166
78.422645 238.166
78.426645 241.446
78.432646 241.218
78.436753 237.28
78.442644 236.182
78.446644 236.22
78.452646 238.351
78.456706 240.859
78.462646 236.085
78.466644 234.395
78.472698 235.087
78.476727 237.211
78.482646 239.527
78.486643 240.705
78.492646 236.941
78.496686 235.13
78.502767 239.685
78.507295 239.979
78.512696 240.844
78.516695 240.77
78.522651 238.348
78.526641 236.62
78.532650 236.199
78.536702 237.68
78.542647 236.941
78.546647 238.692
78.552648 236.148
78.556705 237.495
78.562646 242.035
78.566648 238.81
78.572704 237.415
78.577645 237.851
78.583645 240.418
78.587648 238.613
78.593644 238.65
78.597641 239.289
78.603644 234.357
78.606644 239.954
78.612652 241.516
78.616700 237.177
78.622643 234.955
78.626653 236.148
78.632526 238.053
78.636525 234.926
78.642508 234.344
78.646505 235.595
78.652612 233.816
78.656480 233.769
78.662519 233.927
78.666671 236.36
78.672583 238.692
78.676622 239.892
78.682533 238.508
78.686602 235.429
78.692602 240.535
78.696518 239.289
78.703229 237.758
78.706994 233.981
78.712581 231.119
78.716569 233.559
78.722604 240.535
78.726528 240.626
78.732509 232.002
78.736527 236.966
78.742551 244.681
78.746506 244.681
78.752732 235.023
78.756804 234.789
78.762541 237.876
78.766535 244.154
78.772653 243.738
78.776822 238.027
78.782570 233.701
78.786542 233.137
78.792867 242.326
78.796685 242.479
78.802566 236.123
78.806603 233.021
78.812714 235.587
78.816720 244.127
78.822561 243.452
78.826758 240.291
78.832571 239.979
78.836576 237.344
78.842581 239.604
78.846783 241.617
78.852721 240.452
78.857052 234.267
78.862539 235.519
78.866531 239.842
78.874151 238.667
78.882786 238.137
78.882799 238.81
78.886546 240.535
78.892565 237.947
78.897626 238.78
78.902503 239.406
78.906540 238.877
78.913213 239.426
78.916514 234.955
78.923503 234.395
78.927542 235.108
78.933531 239.002
78.937503 241.903
78.943867 238.692
78.946682 233.547
78.952528 238.562
78.957091 245.182
78.963445 237.584
78.966800 233.056
78.972603 234.241
78.976573 237.415
78.982640 236.22
78.986498 235.028
78.992582 237.567
78.996607 239.293
79.002559 241.06
79.006556 237.449
79.012611 238.137
79.016671 233.765
79.022603 240.506
79.026585 244.109
79.032659 239.529
79.039606 235.259
79.041594 235.255
79.046562 239.117
79.052744 237.39
79.056643 234.493
79.062531 235.108
79.066543 234.378
79.072742 241.151
79.076689 243.684
79.085894 236.072
79.088965 231.799
79.092735 241.06
79.096675 242.351
79.102542 242.26
79.106612 237.8
79.120652 235.332
79.123637 236.485
79.125067 237.39
79.135558 239.502
79.138540 237.777
79.139621 236.487
79.141686 236.123
79.147537 238.613
79.151691 241.617
79.159975 237.851
79.164192 236.518
79.167499 237.712
79.172597 241.514
79.177548 238.954
79.181541 236.603
79.187520 236.085
79.191653 238.583
79.198564 239.937
79.202527 236.941
79.208870 236.835
79.212600 237.474
79.218537 240.485
79.222844 241.617
79.227529 238.382
79.231534 232.948
79.237517 235.996
79.241574 238.613
79.247691 241.737
79.251523 238.541
79.258265 233.636
79.261535 236.123
79.267637 239.368
79.271610 238.78
79.277537 235.663
79.281560 236.924
79.287575 236.487
79.291816 238.877
79.297598 238.166
79.301585 237.344
79.307660 234.836
79.311543 236.123
79.317517 238.128
79.321648 236.36
79.327653 234.493
79.331636 236.39
79.337558 241.359
79.341606 240.075
79.347579 238.692
79.351566 235.459
79.358676 236.085
79.362653 238.027
79.366644 239.527
79.372613 240.054
79.376968 236.941
79.382542 238.027
79.386540 235.053
79.392600 240.075
79.399702 239.979
79.401589 238.613
79.406561 236.148
79.412883 237.525
79.416704 233.838
79.422537 235.198
79.426658 239.094
79.432656 236.924
79.436671 238.65
79.445695 236.835
79.448658 236.856
79.452661 241.151
79.456573 242.479
79.462622 236.814
79.466698 234.955
79.472728 235.663
79.476717 240.179
79.482608 240.834
79.486603 234.955
79.492714 235.519
79.496707 236.886
79.502704 237.584
79.506608 235.841
79.512705 237.786
79.516703 238.116
79.522709 237.344
79.526702 238.015
79.532703 236.751
79.536707 234.836
79.542702 239.251
79.546701 240.012
79.552706 235.519
79.556716 234.955
79.562705 235.883
79.566704 238.981
79.572715 241.491
79.576704 240.179
79.582704 235.519
79.586700 236.713
79.592703 240.418
79.596703 238.692
79.602703 236.22
79.606672 237.344
79.612702 238.508
79.616705 239.779
79.623619 238.508
79.627705 236.814
79.633706 241.06
79.637709 238.086
79.643704 239.892
79.647702 236.814
79.652646 236.924
79.656712 236.148
79.662703 238.166
79.666705 238.78
79.672711 236.326
79.676706 235.587
79.682705 239.41
79.686701 240.452
79.692705 236.696
79.696704 236.123
79.702554 238.086
79.706694 238.053
79.712714 239.334
79.716697 239.222
79.722706 237.415
79.726705 238.562
79.732705 238.011
79.736639 241.779
79.742705 239.892
79.746696 236.654
79.752620 234.1
79.756713 237.314
79.762704 238.137
79.766704 239.456
79.772713 236.856
79.776666 235.053
79.782699 236.835
79.786550 240.726
79.792708 243.758
79.796634 238.053
79.802732 234.866
79.806645 238.583
79.812708 243
79.816705 244.076
79.822712 237.977
79.826706 234.267
79.832707 236.856
79.836637 239.954
79.842667 242.45
79.846657 236.148
79.852659 232.456
79.856668 233.701
79.862657 243.214
79.866657 240.834
79.872663 238.877
79.876658 236.326
79.882658 238.137
79.886737 241.251
79.892663 239.552
79.896661 237.415
79.902659 239.368
79.906671 235.459
79.912655 234.891
79.916653 237.39
79.922658 237.055
79.926655 237.474
79.932655 236.835
79.937574 240.506
79.943650 236.683
79.947654 238.583
79.953737 239.842
79.957671 236.78
79.962654 237.851
79.966653 237.784
79.972663 237.876
79.976653 237.314
79.982654 234.985
79.986653 235.688
79.992661 235.053
79.996655 236.411
80.002660 235.053
80.006725 236.25
80.012655 237.344
80.016655 237.876
80.022659 234.891
80.026654 236.78
80.032656 240.506
80.036653 239.222
80.042659 235.996
80.046655 236.713
80.052657 239.142
80.056664 239.251
80.062661 236.713
80.066654 235.459
80.072660 233.645
80.076653 235.587
80.082654 235.663
80.086656 236.941
80.092664 239.954
80.096655 237.415
80.102660 238.441
80.106658 240.339
80.112659 240.339
80.116679 237.91
80.122661 238.508
80.126655 237.947
80.132657 236.662
80.136655 236.199
80.142662 240.705
80.146659 236.924
80.152660 235.108
80.156670 238.229
80.162659 239.954
80.166659 238.053
80.172665 238.583
80.176658 239.892
80.182657 235.459
80.186657 237.344
80.192666 240.418
80.196657 236.78
80.202665 237.314
80.206661 239.862
80.213656 241.251
80.217661 235.108
80.223664 237.584
80.227655 239.635
80.233661 234.557
80.237656 236.284
80.242665 237.584
80.246649 237.525
80.252661 234.891
80.256669 236.814
80.262659 240.506
80.266658 233.889
80.272658 238.137
80.276669 240.859
80.282660 239.222
80.286659 236.662
80.292667 238.027
80.296739 237.474
80.302662 236.823
80.306608 240.693
80.312658 237.462
80.316656 236.301
80.322604 237.474
80.326710 239.585
80.332708 238.726
80.336706 234.301
80.342720 239.812
80.346708 237.449
80.352710 239.334
80.356630 241.251
80.362709 238.027
80.366707 236.199
80.372676 237.474
80.376634 241.903
80.382758 238.667
80.386696 237.314
80.400719 234.327
80.403703 239.309
80.404707 239.309
80.415712 237.584
80.418709 237.495
80.419703 234.955
80.421708 238.78
80.427708 241.151
80.431711 239.251
80.437708 239.142
80.441716 236.713
80.447711 238.562
80.451709 239.842
80.457710 239.954
80.461712 236.683
80.467711 236.055
80.471710 237.947
80.477715 237.415
80.481709 237.415
80.487709 238.613
80.491707 237.525
80.497709 235.688
80.501717 238.053
80.507644 241.828
80.511657 239.289
80.517711 234.789
80.521709 236.085
80.527716 238.508
80.531709 237.563
80.537709 239.334
80.541709 237.055
80.547713 236.39
80.551712 237.933
80.557615 241
80.561677 239.493
80.567662 233.722
80.571661 234.832
80.577670 238.015
80.581659 239.929
80.587650 238.086
80.591597 235.616
80.597658 234.955
80.601663 236.22
80.607665 243.132
80.611674 244.076
80.617659 234.755
80.621657 234.139
80.627659 236.78
80.631659 241.903
80.637659 240.705
80.641573 236.22
80.647667 234.926
80.651659 235.497
80.657658 239.854
80.661667 236.03
80.667661 234.874
80.671661 236.055
80.677670 233.227
80.681660 236.835
80.687661 240.817
80.691653 238.116
80.697670 233.701
80.701664 236.713
80.707659 240.339
80.711720 237.247
80.717656 236.03
80.721660 236.085
80.727660 236.62
80.731659 233.701
80.737658 235.663
80.741656 238.116
80.747659 239.527
80.751661 240.104
80.757660 235.553
80.761668 238.726
80.767660 236.25
80.771665 236.966
80.777664 239.552
80.781666 235.799
80.787660 236.22
80.791659 235.587
80.797668 239.954
80.801667 238.667
80.807661 236.856
80.811662 239.309
80.817659 235.028
80.821661 239.527
80.827667 240.834
80.831662 236.941
80.837662 238.667
80.841706 237.495
80.847655 237.609
80.851648 238.053
80.857654 238.692
80.861674 237.947
80.867662 234.866
80.871663 238.65
80.877665 241.475
80.881660 238.204
80.887660 236.924
80.891659 237.584
80.897667 238.667
80.901664 239.309
80.907659 237.584
80.911660 235.663
80.917657 236.856
80.921661 238.137
80.927663 237.474
80.931660 236.284
80.937663 238.116
80.941658 240.506
80.947669 237.977
80.951661 236.713
80.957660 235.616
80.961668 239.426
80.967666 239.002
80.971660 238.877
80.977634 235.769
80.981619 238.583
80.987661 238.508
80.991653 238.441
80.997673 241.015
81.001665 234.789
81.007661 233.645
81.011663 240.601
81.017655 238.116
81.021662 237.39
81.027560 239.222
81.031665 237.876
81.037662 237.28
81.041661 237.813
81.047670 238.613
81.051660 235.429
81.057661 236.683
81.061661 240.601
81.067660 238.137
81.071663 236.78
81.077576 237.344
81.081721 238.583
81.087715 238.382
81.092710 236.03
81.098715 239.176
81.102719 235.519
81.108710 238.137
81.112718 240.601
81.118708 238.137
81.121711 238.583
81.127625 236.224
81.131712 239.854
81.137716 234.968
81.141714 236.123
81.147721 236.36
81.151714 238.288
81.157706 238.902
81.161659 237.609
81.167714 240.075
81.171651 238.692
81.177601 239.779
81.181678 241.06
81.187663 239.754
81.191662 237.293
81.197672 237.474
81.201665 241.632
81.207662 237.701
81.211589 234.421
81.217658 237.344
81.221664 237.449
81.227664 239.862
81.231672 238.053
81.237665 237.495
81.241673 238.137
81.247663 236.966
81.251663 237.828
81.257664 238.229
81.261552 236.966
81.267720 238.053
81.271715 237.525
81.277714 237.643
81.281719 235.16
81.287715 235.769
81.291713 237.055
81.297718 237.084
81.301716 236.44
81.307712 235.087
81.311580 237.449
81.317717 238.086
81.321715 236.123
81.327719 236.814
81.331712 235.616
81.337710 236.856
81.341714 235.028
81.347711 239.293
81.351713 241.779
81.357714 238.667
81.361828 236.055
81.367723 237.947
81.371716 240.506
81.377716 238.613
81.381720 238.441
81.387716 236.654
81.391714 235.459
81.397720 237.947
81.401719 238.692
81.407715 237.344
81.411689 234.216
81.417737 237.344
81.421717 237.415
81.428635 236.966
81.432728 241.8
81.438713 237.39
81.442713 236.22
81.448746 240.104
81.452716 241.928
81.457714 239.334
81.461714 236.78
81.467724 238.613
81.471714 236.814
81.477708 236.123
81.481723 236.62
81.487718 235.429
81.491717 235.565
81.497722 239.406
81.501719 241.359
81.507717 237.474
81.511715 235.493
81.517737 236.78
81.521711 240.31
81.527715 237.977
81.531711 236.751
81.537715 235.996
81.541717 233.645
81.547710 238.583
81.551717 241.276
81.557717 238.692
81.561716 233.791
81.567722 237.495
81.571716 240.075
81.577715 238.692
81.582681 237.525
81.587705 235.616
81.591698 234.327
81.597718 235.688
81.601716 237.609
81.607718 238.667
81.611717 237.947
81.620730 236.085
81.621708 237.449
81.626715 240.535
81.632722 236.683
81.636716 237.495
81.642715 238.667
81.646645 236.856
81.652715 239.892
81.656718 237.977
81.662615 237.947
81.666723 238.562
81.680720 236.755
81.683705 237.373
81.684713 236.199
81.695715 235.587
81.698714 237.495
81.699709 236.966
81.701714 239.979
81.707716 240.892
81.711719 235.087
81.717725 236.78
81.721696 237
81.727710 238.053
81.731718 235.587
81.737712 239.309
81.741716 237.584
81.747714 236.504
81.751716 239.527
81.757716 239.979
81.761715 240.535
81.767726 237.977
81.771715 236.25
81.777715 241.276
81.781724 238.78
81.787719 236.966
81.791718 236.301
81.797717 236.529
81.801715 240.054
81.807717 236.941
81.811717 241.8
81.817721 236.78
81.821707 235.493
81.827716 241.903
81.831731 237.584
81.839464 237.584
81.842603 239.527
81.848612 239.426
81.852626 237.525
81.858600 236.814
81.861583 238.726
81.867607 238.053
81.871659 235.587
81.877592 240.075
81.881585 241.516
81.887754 236.22
81.891610 236.856
81.897575 240.535
81.902112 235.459
81.907705 236.713
81.911657 241.151
81.917535 236.856
81.921582 238.027
81.927540 238.053
81.931555 240.66
81.937573 236.683
81.941624 236.713
81.947611 240.452
81.951834 237.382
81.957622 236.085
81.961611 237.977
81.967701 238.692
81.971596 235.587
81.977669 236.36
81.981660 240.66
81.987558 235.497
81.991652 235.408
81.997667 239.742
82.001878 239.176
82.008088 236.03
82.011595 237.344
82.017953 237.415
82.021583 235.429
82.027568 239.779
82.031586 239.176
82.037592 232.444
82.041591 236.62
82.047667 238.053
82.051908 238.053
82.057558 237.731
82.061550 240.012
82.067649 234.926
82.071589 236.123
82.077564 239.812
82.081717 237.344
82.087852 238.483
82.091669 238.667
82.097590 236.755
82.101719 237.221
82.107595 239.117
82.111551 239.754
82.117577 236.148
82.121979 233.679
82.127706 238.086
82.131718 238.613
82.137720 234.327
82.141719 238.78
82.147724 238.229
82.151718 235.748
82.157718 238.759
82.161717 236.856
82.167718 236.148
82.171722 237.415
82.177717 236.856
82.181708 234.395
82.190718 238.137
82.193703 238.229
82.197555 235.663
82.201721 235.13
82.207717 238.229
82.211720 238.78
82.217720 236.886
82.221718 235.765
82.227715 235.023
82.231717 234.985
82.237718 240.204
82.241713 241.491
82.247657 236.411
82.251721 239.002
82.257721 237.495
82.261721 236.22
82.267719 237.947
82.271595 239.979
82.278672 236.835
82.282664 234.557
82.288747 238.569
82.292675 238.981
82.298669 238.229
82.302671 237.415
82.307679 236.148
82.311674 235.459
82.317674 238.613
82.321673 241.928
82.327678 237.584
82.331669 236.39
82.337675 240.162
82.341673 238.902
82.347671 239.779
82.351674 237.28
82.357675 236.565
82.361675 236.085
82.367675 238.78
82.371674 239.002
82.377674 236.941
82.381670 237.055
82.387675 238.229
82.391675 239.334
82.397675 237.91
82.401669 237.91
82.407683 236.603
82.411672 237.188
82.417673 237.344
82.421673 238.166
82.427663 236.886
82.431677 236.78
82.437673 236.25
82.441672 238.166
82.447672 239.979
82.451671 238.583
82.457674 237.876
82.461671 241.704
82.467671 237.293
82.471674 238.053
82.477673 241.8
82.481604 236.78
82.487673 235.519
82.491673 238.053
82.497672 241.828
82.501671 236.814
82.507677 235.023
82.511673 237.977
82.517673 238.583
82.521672 237.415
82.527665 238.726
82.531610 239.251
82.537674 233.525
82.541675 235.97
82.547674 242.45
82.551673 241.379
82.557674 240.054
82.561674 239.002
82.567666 236.411
82.571673 238.667
82.577666 241.8
82.581670 243
82.587673 234.327
82.591673 233.765
82.598609 240.971
82.602661 240.834
82.608678 238.011
82.612671 234.785
82.618671 234.139
82.621671 238.887
82.627665 242.037
82.631664 239.675
82.637670 239.117
82.641670 237.495
82.647677 239.002
82.651673 240.834
82.657675 239.685
82.661672 237.415
82.667667 236.055
82.671675 236.713
82.677673 234.891
82.681672 234.267
82.687674 237.314
82.691674 233.619
82.697674 234.327
82.701673 239.201
82.707677 236.25
82.711675 236.886
82.717674 237.314
82.721674 237.314
82.727663 241.588
82.731660 239.779
82.737664 241.06
82.741669 238.692
82.747668 237.415
82.751670 241.737
82.760678 239.217
82.763664 232.991
82.767670 232.383
82.771674 236.123
82.777673 235.519
82.781788 235.565
82.787901 238.439
82.791584 238.313
82.797594 235.939
82.801605 241.475
82.807601 239.979
82.811596 237.725
82.817596 237.758
82.821600 239.541
82.827599 238.382
82.831597 238.441
82.837594 237.876
82.841599 236.755
82.847599 235.13
82.851591 234.395
82.857599 239.426
82.861597 234.472
82.867597 235.108
82.871597 238.212
82.877598 238.86
82.881598 240.585
82.887599 237.947
82.891590 236.751
82.897599 238.65
82.901600 236.97
82.907602 236.751
82.911599 234.442
82.917597 238.726
82.921597 234.523
82.927599 234.574
82.931599 239.094
82.937601 237.127
82.941599 237.017
82.948610 237.786
82.958602 237.584
82.961594 238.562
82.963591 236.055
82.974600 237.876
82.976612 241.704
82.978662 239.779
82.982719 239.142
82.986673 240.535
82.992676 237.449
82.996673 237.977
83.002671 236.36
83.006677 236.966
83.012675 233.838
83.016683 235.646
83.022674 237.567
83.026674 239.406
83.032675 237.39
83.037205 236.055
83.042675 239.675
83.046672 241.06
83.052671 236.713
83.056673 239.071
83.062674 241.093
83.066608 237.344
83.072674 235.97
83.076673 240.506
83.083669 237.474
83.087674 235.028
83.093674 238.116
83.097674 239.426
83.103673 238.759
83.106678 238.667
83.112675 239.309
83.116665 241.06
83.122674 242.145
83.126673 239.704
83.132678 236.713
83.136701 239.142
83.142677 240.418
83.146677 240.535
83.152678 235.587
83.156679 233.765
83.162680 240.693
83.166676 240.938
83.172683 236.39
83.176754 236.22
83.182681 236.148
83.186680 237.247
83.192685 237.158
83.196681 238.411
83.202680 237.977
83.206682 236.683
83.212681 236.148
83.216718 240.506
83.222679 238.027
83.226681 237.39
83.232681 237.415
83.236680 235.519
83.242676 234.806
83.246674 236.148
83.252678 237.415
83.256679 236.148
83.262678 236.148
83.266676 238.613
83.272682 237.314
83.276678 236.78
83.282669 239.222
83.286676 234.955
83.292676 233.645
83.296676 234.216
83.302675 236.182
83.306678 234.327
83.312678 235.663
83.316673 239.769
83.322676 239.094
83.326676 235.308
83.332678 241.611
83.336675 237.802
83.342672 234.395
83.346675 236.301
83.352672 239.954
83.356676 233.679
83.362677 236.106
83.366675 237.474
83.372679 234.849
83.376676 236.199
83.383155 237.474
83.386709 237.567
83.392596 236.916
83.396590 238.851
83.402598 238.964
83.406601 235.833
83.412679 237.777
83.416678 236.478
83.422679 235.841
83.426678 239.829
83.432681 236.199
83.436679 239.954
83.442674 235.688
83.446680 233.227
83.452676 237.278
83.456679 236.605
83.462680 236.732
83.466668 237.912
83.472678 237.786
83.476683 238.969
83.482678 239.623
83.486682 241.491
83.492679 241.903
83.496679 238.053
83.502674 239.251
83.506678 240.339
83.512681 237.247
83.516678 240.289
83.522677 236.73
83.526678 234.004
83.532680 235.402
83.536679 240.541
83.542674 239.086
83.546677 237.558
83.552675 240.585
83.556679 242.429
83.562678 236.123
83.566678 236.966
83.572680 238.692
83.576678 234.891
83.582678 239.754
83.586679 243.103
83.592682 235.493
83.596679 236.199
83.602675 241.359
83.606678 235.663
83.612680 238.027
83.616679 239.426
83.622678 237.474
83.626678 236.199
83.632682 238.667
83.636678 239.862
83.642675 239.754
83.646686 239.142
83.652679 237.247
83.656682 237.28
83.662683 237.876
83.666680 235.97
83.672685 236.595
83.676681 238.65
83.682683 238.002
83.686675 237.373
83.692684 239.293
83.696683 236.123
83.702677 237.314
83.706682 237.382
83.712686 236.751
83.716683 233.679
83.722684 235.459
83.726684 237.977
83.733684 236.78
83.737683 238.027
83.759685 238.667
83.760677 238.027
83.761674 236.662
83.766683 233.748
83.772686 238.65
83.776682 239.406
83.782683 236.106
83.786676 237.293
83.792684 238.667
83.796683 237.39
83.802679 234.866
83.806681 238.562
83.812685 236.106
83.816683 234.305
83.822687 235.476
83.826683 238.011
83.832684 238.116
83.836682 238.002
83.842946 240.042
83.846675 240.042
83.852679 236.924
83.856683 237.474
83.862683 236.301
83.866683 233.206
83.872685 235.108
83.876682 236.39
83.882678 235.215
83.886679 235.663
83.892685 237.39
83.896684 238.027
83.902677 237.415
83.906682 239.222
83.912687 236.856
83.916683 234.378
83.922683 236.823
83.926684 237.034
83.932685 239.937
83.936684 236.106
83.942619 236.755
83.946680 238.137
83.952690 236.856
83.956685 236.78
83.962684 234.891
83.966684 235.519
83.972685 236.755
83.976684 235.663
83.982683 239.51
83.986615 238.317
83.992652 237.786
83.996617 240.817
84.002567 240.585
84.006684 238.877
84.012686 235.108
84.016684 237.584
84.022682 241.131
84.026685 239.456
84.032683 234.421
84.036690 232.002
84.042679 237.584
84.046680 239.51
84.052687 236.377
84.058684 237.245
84.061685 238.43
84.066697 237.664
84.072689 241.878
84.076683 240.601
84.083685 235.587
84.091685 234.806
84.096686 237.415
84.098674 238.166
84.105684 236.148
84.108683 232.097
84.112683 235.359
84.116688 235.977
84.122681 237.278
84.126684 237.177
84.132686 237.584
84.136684 241.359
84.142684 238.65
84.146677 238.759
84.155682 238.116
84.158687 237.926
84.162685 241.568
84.168686 237.876
84.180688 237.247
84.181675 239.251
84.205906 237.415
84.206681 234.421
84.208685 239.002
84.212685 240.834
84.226686 235.587
84.229686 234.267
84.230675 239.334
84.240689 237.122
84.243670 233.701
84.244798 234.357
84.263684 239.456
84.268684 235.688
84.289684 234.395
84.290673 238.439
84.291674 235.731
84.296684 239.842
84.302683 239.654
84.309687 235.97
84.314683 235.459
84.318630 235.459
84.321632 236.683
84.328681 236.411
84.331670 235.215
84.338682 235.198
84.345616 236.487
84.350678 237.177
84.351673 235.13
84.370679 236.301
84.399675 240.054
84.404757 239.406
84.411684 234.934
84.413686 233.666
84.414675 235.646
84.416680 239.293
84.428689 238.011
84.429676 238.011
84.431676 239.937
84.451641 238.759
84.454671 235.476
84.466680 237.851
84.484698 239.222
84.529699 232.11
84.530678 241.876
84.531678 236.924
84.538682 233.026
84.541687 233.701
84.553688 232.598
84.554678 234.472
84.570612 233.825
84.578681 235.002
84.579677 235.002
84.584701 238.55
84.591937 239.754
84.599669 234.891
84.600719 234.755
84.601673 235.996
84.606691 238.583
84.615691 236.22
84.618677 232.538
84.626684 233.765
84.628678 238.667
84.632683 237.495
84.647614 241.019
84.650680 241.035
84.651677 238.667
84.653687 235.748
84.663687 238.981
84.720698 236.21
84.725690 234.779
84.726681 235.858
84.775692 234.651
84.794690 238.851
84.804699 240.291
84.811692 239.618
84.813687 242.134
84.814677 236.148
84.819688 235.497
84.829690 236.751
84.836695 236.055
84.860691 233.859
84.861678 236.487
84.863679 237.245
84.867687 240.485
84.893694 237.977
84.894678 240.012
84.929695 234.926
84.930679 235.053
84.931678 233.3
84.936690 241.019
84.943689 241.779
84.979691 236.22
84.980683 233.859
84.981680 235.769
84.986689 237.668
85.006685 237.777
85.009688 238.964
85.010680 240.037
85.011680 239.393
85.016692 240.585
85.064694 236.835
85.071690 236.755
85.094689 234.955
85.095681 238.33
85.096684 242.014
85.111690 234.557
85.120691 236.605
85.121680 234.021
85.123680 233.919
85.133690 235.24
85.138735 232.693
85.174692 233.838
85.175682 238.981
85.180694 238.969
85.181682 235.565
85.188729 233.936
85.192354 233.283
85.196751 236.592
85.202736 237.245
85.206738 234.779
85.212740 238.116
85.231738 233.137
85.233738 236.755
85.234727 239.222
85.238739 235.587
85.245730 234.934
85.250739 233.748
85.255705 236.941
85.284745 237.701
85.291735 231.348
85.296735 233.137
85.311732 235.748
85.313735 234.921
85.314727 239.293
85.319617 231.817
85.321696 237.373
85.327692 236.924
85.331691 236.377
85.341692 237.912
85.343682 237.786
85.348694 232.65
85.353796 236.411
85.380695 241.379
85.381683 233.765
85.383682 233.227
85.410692 238.212
85.411683 236.377
85.413693 236.377
85.418693 233.765
85.426695 233.765
85.428685 235.011
85.436694 241.226
85.438683 238.103
85.457687 236.186
85.464695 233.137
85.484689 237.39
85.485681 239.754
85.486681 234.395
85.491686 234.664
85.497690 235.555
85.506609 237.257
85.509689 235.858
85.520695 240.705
85.523690 235.028
85.528691 235.002
85.538691 242.134
85.540685 239.635
85.541682 232.019
85.543681 234.378
85.558686 240.312
85.578692 237.462
85.583690 235.308
85.600693 238.317
85.601680 234.395
85.603681 232.598
85.607685 237.278
85.611689 237.152
85.620694 237.135
85.645692 238.33
85.654690 237.567
85.655958 234.921
85.660692 237.474
85.661680 236.835
85.666691 240.054
85.675694 237.474
85.681692 233.859
85.686686 238.254
85.699700 235.883
85.700688 235.215
85.733702 236.186
85.756783 237.584
85.771686 232.796
85.781693 236.924
85.783682 239.406
85.796737 237.39
85.798674 235.587
85.799673 235.13
85.801678 237.152
85.810679 240.95
85.833705 237.135
85.840696 236.39
85.845695 236.39
85.850696 235.587
85.851685 234.934
85.869698 234.557
85.874701 236.487
85.879696 237.135
85.884698 235.476
85.889695 236.199
85.911695 237.373
85.913695 234.934
85.914685 233.206
85.938695 238.877
85.939687 233.3
85.940690 234.664
85.941686 238.116
85.946695 234.395
85.955696 237.567
85.958687 235.198
85.962691 236.478
85.978697 239.37
85.988699 237.034
85.989686 234.472
85.990687 237.474
85.991696 235.028
85.996698 237.034
86.002694 234.664
86.006697 234.762
86.012698 236.605
86.016697 238.707
86.033698 237.152
86.058660 232.131
86.059691 237.701
86.060696 238.351
86.061686 238.969
86.076700 240.938
86.079686 236.377
86.080698 236.916
86.091635 237.034
86.096699 238.86
86.098688 237.567
86.108703 236.916
86.109686 238.204
86.111639 236.487
86.125692 237.474
86.128717 236.941
86.129691 240.585
86.131688 235.33
86.137697 236.487
86.141668 237.135
86.147696 238.317
86.159705 235.198
86.160692 235.841
86.161687 238.877
86.188700 236.738
86.191686 236.738
86.196700 239.829
86.198688 233.962
86.199688 237.558
86.206696 237.034
86.209611 237.034
86.211705 236.199
86.217704 240.585
86.224700 236.199
86.226690 230.727
86.232695 238.053
86.248702 239.954
86.249620 234.305
86.250690 231.348
86.251690 237.701
86.256700 238.439
86.270703 234.651
86.273699 237.021
86.274631 236.835
86.278689 236.966
86.281697 236.301
86.286700 235.748
86.293697 238.317
86.297695 234.779
86.301689 235.956
86.308701 235.841
86.312701 235.41
86.316696 236.487
86.325639 231.478
86.328704 235.493
86.335699 233.619
86.341700 233.056
86.343684 234.378
86.350639 237.558
86.353699 237.777
86.360697 237.777
86.363690 232.727
86.370734 235.291
86.373695 237.24
86.377701 235.833
86.386704 237.021
86.389631 237.567
86.391662 232.766
86.398743 230.482
86.402724 236.324
86.406728 237.632
86.412752 233.686
86.416752 236.061
86.429743 236.061
86.430735 238.43
86.431736 236.478
86.440743 235.189
86.441735 232.65
86.446743 233.838
86.453745 233.12
86.460742 230.705
86.463737 232.564
86.473750 232.822
86.474737 233.028
86.478745 234.576
86.481748 233.26
86.486683 235.516
86.495746 237.363
86.496738 234.231
86.501745 230.222
86.507741 230.965
86.511749 234.192
86.518749 231
86.526740 233.326
86.528741 239.635
86.535746 238.046
86.538743 235.402
86.543743 233.26
86.550746 234.983
86.553748 231.737
86.561699 235.939
86.567409 235.096
86.567548 233.043
86.571756 233.666
86.581287 233.193
86.586625 234.009
86.588626 235.943
86.592650 233.566
86.596753 233.028
86.602743 234.218
86.606641 234.045
86.615647 234.576
86.618728 232.493
86.622741 233.463
86.636754 235.943
86.639740 237.668
86.655753 236.478
86.656741 235.402
86.658738 233.566
86.672744 237.895
86.675682 232.822
86.680734 232.097
86.681738 234.557
86.683740 235.198
86.706745 235.735
86.736752 235.943
86.769750 234.647
86.807613 231
