125.225846 178.899
125.231822 178.197
125.236025 179.605
125.242137 178.899
125.246105 177.496
125.251860 178.197
125.255853 177.496
125.261927 179.605
125.265932 177.485
125.271931 176.782
125.275935 176.777
125.281936 177.485
125.285936 177.485
125.291935 178.899
125.294937 178.197
125.299935 178.213
125.305940 177.519
125.309935 178.911
125.315933 179.611
125.319835 179.627
125.326004 178.213
125.329990 179.611
125.335981 178.899
125.339985 178.899
125.345986 180.314
125.349990 179.611
125.355990 179.611
125.359990 178.191
125.365989 177.485
125.369989 180.314
125.375985 181.739
125.379988 181.739
125.385988 180.325
125.389988 178.933
125.395988 179.611
125.399986 179.611
125.405988 177.519
125.409986 178.911
125.415986 177.496
125.419981 176.782
125.425985 178.191
125.429989 178.197
125.435984 178.197
125.439988 177.485
125.445984 178.899
125.449986 179.605
125.455988 179.611
125.459986 180.314
125.465987 178.899
125.469987 178.191
125.475986 177.485
125.479986 179.605
125.485986 179.611
125.489989 181.019
125.495989 179.611
125.499988 178.911
125.505989 179.605
125.509978 178.197
125.515980 178.899
125.519981 178.191
125.525992 178.191
125.529990 178.197
125.535982 179.611
125.539986 178.911
125.545983 180.325
125.549991 179.627
125.555986 180.325
125.559985 179.611
125.565990 177.496
125.569988 178.197
125.575985 178.191
125.579989 177.485
125.585983 178.197
125.589991 178.899
125.595988 178.197
125.599987 177.485
125.605989 178.899
125.609986 178.899
125.615987 178.197
125.619980 178.899
125.625986 179.611
125.629987 179.611
125.635986 178.911
125.639991 179.605
125.645853 177.496
125.649940 178.213
125.655942 178.213
125.659939 177.496
125.665938 176.799
125.669938 177.485
125.675939 178.197
125.679939 176.782
125.685933 176.782
125.689936 176.071
125.695938 176.799
125.699941 178.911
125.705946 178.911
125.709941 179.611
125.715934 177.496
125.719939 177.485
125.725942 177.485
125.729942 178.191
125.735937 178.191
125.739942 177.485
125.746342 178.191
125.749947 176.082
125.755941 178.197
125.759941 178.911
125.765942 176.799
125.769940 176.782
125.775942 178.191
125.779942 179.611
125.785938 178.933
125.789942 179.627
125.795942 180.325
125.799942 179.627
125.805876 179.611
125.809999 178.197
125.815859 178.911
125.819856 178.911
125.825938 178.899
125.829943 178.197
125.835938 178.899
125.839942 178.899
125.845944 178.197
125.849937 179.611
125.855944 178.899
125.859943 178.899
125.865943 178.911
125.869934 178.911
125.875943 179.611
125.879943 180.314
125.885949 178.899
125.889943 178.899
125.895943 178.197
125.899943 177.485
125.905950 178.191
125.909941 176.777
125.915947 177.485
125.920940 178.197
125.926942 177.496
125.930944 177.485
125.936941 177.496
125.940943 178.911
125.945942 179.611
125.949934 178.899
125.955942 178.213
125.959944 178.213
125.965944 179.611
125.969937 179.605
125.975943 178.191
125.979942 177.485
125.985864 179.611
125.989943 178.191
125.995942 178.899
125.999943 180.314
126.005947 178.911
126.009942 178.213
126.015944 178.911
126.019940 177.496
126.025944 176.782
126.029942 178.191
126.035940 178.197
126.039943 178.197
126.045944 178.197
126.049937 179.611
126.056944 179.611
126.060942 178.197
126.064943 177.496
126.070940 177.485
126.074944 176.071
126.080944 177.485
126.084944 176.777
126.090939 177.496
126.094944 178.911
126.100942 178.911
126.104949 179.611
126.110944 178.899
126.114942 177.485
126.120944 178.899
126.124943 178.899
126.130939 178.899
126.134944 178.899
126.140944 178.197
126.144943 178.197
126.150940 178.899
126.154939 178.197
126.160944 178.899
126.164946 178.197
126.170940 177.496
126.174943 178.197
126.180945 177.519
126.184945 178.911
126.190944 177.496
126.194944 178.191
126.200944 178.899
126.204948 178.197
126.210944 178.197
126.214944 178.911
126.220942 179.611
126.224945 179.611
126.230945 177.485
126.234944 176.782
126.240946 176.777
126.244846 177.485
126.250937 179.611
126.255937 178.197
126.261942 179.611
126.265942 178.911
126.271937 179.611
126.275941 179.611
126.280941 179.611
126.284942 179.611
126.290942 179.605
126.294942 178.899
126.300942 178.899
126.304829 180.325
126.310942 181.025
126.314941 181.041
126.320952 180.325
126.324942 178.911
126.330943 178.899
126.334943 176.782
126.340943 178.197
126.344941 177.496
126.350851 178.213
126.354937 179.627
126.360944 179.627
126.364943 178.911
126.370947 178.911
126.374946 179.611
126.380944 178.911
126.384944 178.911
126.390943 178.899
126.394934 179.605
126.400944 178.899
126.404947 178.197
126.410866 178.899
126.414942 177.496
126.420881 177.485
126.424825 177.485
126.430944 178.191
126.434943 176.782
126.440996 176.782
126.444995 177.485
126.450919 178.213
126.454988 178.911
126.460993 178.899
126.464992 177.496
126.478990 178.197
126.481992 179.605
126.482985 179.605
126.493994 178.197
126.496989 178.191
126.497983 178.197
126.501996 178.899
126.505995 177.485
126.511991 178.197
126.515994 177.496
126.521992 178.197
126.525995 177.485
126.531995 178.899
126.535994 177.496
126.541995 177.496
126.545994 178.911
126.551997 178.213
126.555997 177.496
126.561995 178.899
126.565993 178.899
126.571988 178.191
126.574995 179.611
126.579996 178.191
126.585995 178.899
126.589995 176.777
126.595994 178.197
126.599993 176.777
126.605994 178.197
126.609993 176.777
126.615994 178.197
126.619996 178.213
126.625993 178.911
126.629996 178.933
126.635997 178.241
126.639988 180.325
126.645994 178.911
126.649992 178.213
126.655990 178.899
126.659997 178.899
126.665992 178.197
126.669995 178.899
126.675996 179.605
126.679994 178.899
126.685994 178.899
126.689994 178.899
126.695993 178.899
126.699992 178.933
126.706996 179.655
126.710995 178.966
126.716996 179.694
126.721022 179.655
126.726994 178.933
126.730993 179.627
126.735992 178.911
126.739987 179.605
126.745988 177.485
126.749996 178.191
126.755985 177.485
126.759991 177.485
126.765996 176.782
126.769995 178.197
126.775996 178.213
126.779995 178.241
126.785994 178.933
126.789865 178.241
126.796004 177.553
126.799995 178.213
126.805989 176.828
126.809998 177.496
126.815998 177.496
126.819996 178.197
126.825996 178.191
126.829996 177.485
126.835992 176.777
126.839990 178.197
126.845996 176.777
126.849994 178.191
126.855987 176.782
126.859990 177.496
126.865995 177.496
126.869993 178.213
126.875997 179.627
126.879994 180.325
126.885995 180.325
126.889994 178.911
126.895995 178.197
126.899993 178.197
126.905988 178.191
126.910000 177.485
126.915995 178.197
126.919998 176.782
126.925999 176.071
126.929997 176.071
126.935998 176.782
126.939989 176.782
126.945994 178.197
126.949980 178.911
126.955990 178.933
126.959992 177.519
126.965999 178.213
126.969997 176.782
126.975997 177.485
126.979997 176.782
126.985998 176.782
126.989998 178.899
126.995996 179.605
126.999997 180.314
127.005995 179.605
127.010263 179.611
127.016003 176.777
127.019990 176.071
127.026007 176.071
127.029995 176.782
127.035996 176.105
127.039993 177.519
127.045996 178.213
127.049999 180.347
127.056939 179.694
127.060999 180.38
127.066994 180.38
127.070997 179.627
127.076998 179.611
127.079988 178.191
127.086002 177.485
127.089992 177.496
127.095997 176.782
127.100000 178.197
127.106006 178.191
127.109998 179.611
127.115998 179.655
127.119989 181.761
127.125989 181.108
127.129988 181.108
127.135997 180.38
127.139990 178.966
127.145996 178.933
127.149995 178.911
127.155913 178.197
127.159977 178.899
127.165994 178.197
127.169998 179.605
127.175996 178.191
127.179996 177.485
127.185996 177.485
127.189991 178.899
127.195996 178.197
127.199999 177.519
127.205933 178.911
127.209998 180.347
127.215998 180.347
127.219998 179.655
127.225998 180.325
127.229997 178.911
127.235998 178.191
127.239986 176.782
127.245992 177.496
127.249995 177.496
127.256005 178.213
127.259990 178.197
127.265999 178.191
127.269998 177.496
127.275996 177.485
127.279997 176.782
127.285998 177.485
127.289989 178.197
127.295997 178.197
127.299996 177.519
127.305980 178.197
127.310000 178.911
127.316001 180.325
127.319999 180.325
127.326000 178.899
127.329999 178.191
127.336000 177.485
127.340004 177.496
127.346000 176.071
127.349999 177.496
127.355999 177.496
127.359990 178.197
127.365999 178.899
127.369997 178.899
127.375994 177.519
127.380001 178.933
127.386001 177.553
127.389932 178.933
127.396001 178.933
127.400000 178.213
127.405938 180.314
127.409999 177.496
127.416000 177.485
127.419999 178.911
127.427000 178.899
127.430998 179.611
127.436998 177.485
127.441002 178.899
127.446998 178.899
127.451001 178.197
127.456013 178.213
127.459997 178.933
127.465998 178.933
127.470002 178.933
127.475993 178.966
127.480002 178.966
127.486002 181.739
127.490009 179.655
127.496000 179.627
127.500000 180.325
127.505954 178.899
127.510003 177.485
127.516000 178.911
127.520002 177.496
127.526001 176.782
127.529993 176.782
127.535997 178.191
127.539977 178.933
127.546000 178.281
127.549999 177.598
127.556000 177.598
127.559939 177.598
127.566000 178.933
127.569998 178.213
127.575990 177.496
127.579998 178.191
127.585998 177.485
127.590002 176.777
127.596003 178.191
127.600000 179.605
127.605996 178.899
127.610210 178.911
127.616236 178.197
127.619994 176.777
127.626005 176.777
127.629999 177.485
127.636004 176.799
127.639999 178.911
127.646011 179.627
127.650003 179.627
127.656002 178.241
127.660351 178.911
127.666002 177.485
127.670000 176.782
127.675996 178.197
127.680000 176.071
127.686000 177.496
127.689999 176.777
127.696001 176.777
127.700000 177.485
127.706000 178.911
127.709999 180.325
127.716000 179.627
127.720003 179.627
127.726003 176.828
127.730002 177.496
127.736003 177.496
127.740003 178.899
127.745996 178.911
127.750000 178.911
127.760057 178.197
127.762996 178.191
127.775999 178.899
127.779002 177.485
127.779994 178.197
127.782004 176.777
127.786999 176.071
127.790915 177.496
127.797003 178.241
127.801002 178.933
127.806002 179.627
127.810004 178.933
127.815998 178.933
127.819995 178.241
127.826002 179.627
127.830001 178.899
127.836002 178.899
127.840001 178.197
127.846002 176.777
127.849999 176.071
127.856000 176.782
127.859998 178.191
127.865999 177.496
127.870003 176.071
127.875998 176.777
127.880002 178.197
127.886003 178.933
127.890001 179.655
127.896001 179.694
127.900000 178.966
127.906005 178.933
127.910001 179.611
127.916001 179.611
127.920003 179.605
127.926001 179.605
127.930005 178.899
127.936005 178.911
127.940005 176.777
127.946000 178.197
127.950003 176.782
127.956004 177.496
127.959998 177.519
127.965998 176.185
127.970002 178.241
127.975998 177.553
127.980002 178.241
127.986002 177.519
127.990001 178.197
127.996006 176.782
128.000005 178.191
128.006005 178.197
128.010004 181.041
128.016004 181.739
128.020003 181.739
128.025998 180.325
128.030003 179.611
128.036003 178.197
128.040006 177.496
128.046003 177.496
128.050001 178.191
128.056001 176.782
128.059999 177.496
128.066002 176.828
128.070004 177.519
128.076001 177.519
128.080003 178.197
128.086004 176.082
128.090003 176.071
128.096000 176.782
128.100004 177.485
128.105999 178.899
128.109997 178.197
128.116002 178.899
128.119994 178.911
128.125993 178.911
128.130001 178.197
128.135998 177.485
128.139997 177.485
128.146005 176.782
128.150003 177.496
128.156005 178.933
128.159998 179.655
128.165984 181.041
128.169988 178.966
128.175988 177.519
128.179987 177.485
128.185997 176.071
128.190007 176.782
128.196003 177.485
128.200007 177.485
128.206007 178.197
128.210740 178.911
128.216512 180.314
128.219991 179.611
128.225948 180.325
128.229998 178.911
128.236005 178.213
128.240003 177.496
128.245998 177.519
128.250007 178.213
128.256007 178.911
128.260001 181.025
128.266001 179.611
128.270005 179.611
128.276010 178.911
128.279998 178.197
128.286004 178.191
128.290003 178.899
128.296004 177.485
128.300002 178.899
128.306003 178.911
128.309996 178.213
128.316004 178.911
128.320002 177.496
128.326004 178.191
128.330002 178.191
128.336003 178.899
128.340002 178.899
128.346002 178.899
128.350002 177.496
128.356001 178.197
128.360000 178.213
128.366006 178.911
128.370004 179.627
128.375913 179.611
128.379998 178.899
128.385999 177.485
128.389999 177.496
128.395995 176.782
128.400007 178.197
128.406008 177.485
128.409998 178.899
128.416002 177.496
128.420005 177.519
128.426012 178.213
128.430006 179.627
128.436007 179.611
128.440001 177.496
128.446005 177.496
128.450003 177.496
128.456004 177.485
128.459997 177.485
128.466003 178.899
128.470007 178.911
128.477003 178.197
128.480945 177.485
128.487003 177.485
128.491007 178.899
128.497006 177.496
128.501005 177.519
128.506005 178.213
128.510006 178.911
128.516004 177.519
128.520003 178.213
128.526032 177.496
128.530006 176.082
128.536011 176.777
128.540006 178.197
128.546007 178.911
128.550006 178.197
128.556003 178.191
128.560011 178.191
128.566006 176.782
128.570005 177.485
128.576006 178.899
128.579908 178.197
128.585966 178.911
128.589959 178.213
128.595952 178.911
128.599959 178.911
128.605962 178.911
128.609890 179.611
128.615963 180.314
128.619959 178.197
128.625959 178.197
128.629958 176.799
128.635959 178.899
128.639958 179.605
128.645959 178.899
128.649959 178.213
128.655959 178.213
128.659938 179.627
128.665960 178.933
128.669959 178.933
128.675959 178.213
128.679959 177.496
128.685953 178.899
128.689958 178.899
128.695950 177.485
128.699956 177.485
128.705956 175.368
128.709948 176.782
128.715958 178.191
128.720010 179.611
128.726004 182.439
128.730007 180.347
128.736007 181.041
128.740007 179.611
128.746000 177.485
128.751010 176.071
128.757006 176.071
128.761005 176.782
128.767010 176.071
128.771005 175.362
128.776008 176.082
128.779999 176.082
128.786003 176.082
128.790007 176.799
128.795998 178.213
128.800006 177.519
128.806006 177.519
128.810006 177.496
128.815886 177.485
128.819959 175.368
128.825951 176.071
128.829960 177.485
128.835954 178.899
128.839957 177.485
128.845959 178.191
128.849957 177.485
128.855958 177.485
128.859957 178.899
128.865958 178.911
128.869957 178.933
128.875958 177.519
128.879949 177.496
128.885953 178.197
128.889958 178.899
128.895953 178.197
128.899957 180.314
128.905957 178.213
128.909963 177.496
128.915958 178.191
128.919958 176.782
128.925959 178.191
128.929958 177.485
128.935958 177.496
128.940012 177.519
128.946006 178.241
128.950009 178.966
128.956006 178.241
128.960009 178.933
128.966001 180.325
128.970001 179.627
128.976009 178.911
128.980002 179.611
128.986006 178.899
128.990010 177.485
128.996005 176.071
129.000008 178.191
129.006010 178.197
129.010006 179.627
129.016009 178.966
129.020008 180.347
129.026009 178.281
129.030009 181.041
129.040007 180.347
129.043010 178.241
129.056008 178.911
129.059010 178.191
129.060003 176.777
129.062005 176.071
129.066011 175.368
129.070010 176.071
129.076010 177.485
129.080003 176.799
129.086004 178.911
129.090008 176.828
129.096004 176.867
129.100009 178.241
129.106010 178.241
129.110001 178.281
129.116008 178.241
129.120004 177.496
129.126004 177.485
129.130004 177.496
129.136011 177.496
129.140011 176.799
129.146014 176.071
129.150010 177.496
129.156010 177.496
129.160009 177.496
129.166009 176.777
129.170008 176.782
129.176009 176.082
129.180003 177.519
129.185993 178.281
129.190006 177.654
129.196006 178.281
129.200011 176.828
129.206011 176.105
129.210007 173.971
129.216009 173.954
129.220009 173.948
129.226010 173.954
129.230012 176.828
129.236009 175.368
129.240011 177.485
129.247009 178.191
129.251012 178.899
129.256913 179.611
129.261011 179.611
129.267008 177.496
129.270010 177.496
129.276011 178.197
129.280004 178.213
129.285872 179.655
129.289961 178.966
129.295956 177.553
129.299960 176.105
129.305962 174.657
129.309950 174.657
129.315955 174.657
129.319961 176.082
129.325959 176.782
129.329961 176.782
129.335958 178.213
129.339961 181.041
129.345956 179.694
129.349960 181.108
129.355966 181.761
129.359962 178.933
129.365962 178.911
129.372961 176.782
129.374951 175.362
129.380959 175.362
129.384962 177.485
129.390957 177.496
129.394961 178.911
129.400961 179.627
129.404962 180.347
129.410959 180.347
129.414873 180.325
129.420893 180.325
129.424889 179.627
129.430912 179.611
129.435007 178.899
129.441012 178.899
129.445011 178.197
129.451011 179.605
129.455010 178.197
129.461010 178.899
129.465014 176.782
129.471012 177.496
129.475015 176.799
129.481010 177.519
129.485015 177.519
129.491010 177.519
129.495014 178.213
129.501012 178.213
129.505011 178.911
129.511006 178.911
129.518013 178.911
129.520001 179.611
129.526015 178.899
129.536010 178.191
129.538011 178.191
129.542006 176.777
129.545953 176.071
129.552013 177.485
129.556012 176.071
129.562012 178.191
129.566012 177.485
129.572012 176.799
129.576010 177.496
129.585013 176.799
129.587063 177.496
129.591013 178.197
129.595012 178.191
129.601013 176.777
129.605012 176.777
129.611020 176.071
129.615019 173.954
129.621014 174.657
129.625013 176.071
129.631008 176.777
129.635011 176.777
129.641013 176.071
129.645015 175.368
129.651012 176.782
129.655010 176.782
129.661010 176.782
129.665008 176.782
129.674013 176.782
129.677007 178.197
129.682010 179.611
129.686020 178.213
129.692005 178.213
129.695996 178.899
129.702013 178.191
129.706012 177.485
129.711006 178.197
129.715002 176.782
129.721016 176.782
129.735013 176.782
129.738015 177.496
129.739002 176.799
129.741005 178.213
129.747007 178.933
129.751011 178.966
129.757016 178.241
129.761016 176.828
129.765010 177.519
129.771015 177.519
129.775015 179.611
129.781009 178.899
129.785018 177.496
129.791009 178.197
129.795008 178.197
129.804016 178.197
129.806013 178.899
129.817013 178.197
129.820007 178.899
129.821012 177.496
129.826012 178.933
129.835009 178.933
129.838012 178.933
129.842015 178.213
129.846014 178.213
129.852013 179.627
129.859014 179.611
129.861008 178.213
129.865015 177.519
129.871015 179.611
129.883012 178.213
129.884004 179.611
129.886014 178.213
129.892006 178.899
129.896008 176.082
129.910972 176.071
129.914007 176.071
129.915007 177.485
129.916004 176.799
129.924014 179.611
129.926011 179.627
129.931010 179.655
129.935014 178.933
129.944013 178.899
129.946014 177.485
129.951014 176.071
129.955012 175.362
129.961013 176.782
129.965015 176.782
129.981010 178.197
129.984004 179.605
129.985014 178.197
129.986006 178.197
129.999011 178.191
130.001013 176.071
130.003006 176.071
130.007014 177.485
130.011013 175.362
130.017897 176.071
130.022858 176.782
130.024844 177.496
130.030854 177.519
130.036902 178.933
130.039960 178.213
130.044969 177.496
130.053968 176.777
130.065969 176.782
130.067958 176.071
130.068962 176.071
130.070958 175.362
130.076969 177.485
130.085967 177.485
130.088961 176.782
130.093962 178.191
130.096969 176.071
130.102968 176.777
130.109969 177.485
130.110958 178.197
130.116901 178.213
130.130015 178.213
130.133017 179.627
130.134004 179.611
130.136006 177.485
130.142015 176.071
130.151018 175.362
130.154015 176.071
130.155891 178.213
130.162019 176.071
130.166018 177.485
130.182012 176.105
130.185015 178.933
130.186008 181.069
130.196001 181.794
130.197939 179.744
130.199009 179.694
130.200957 178.966
130.205018 180.325
130.216014 177.519
130.218016 177.519
130.222019 176.782
130.226018 176.071
130.232015 176.777
130.239017 178.911
130.241005 177.485
130.247012 177.496
130.251017 178.241
130.255015 178.966
130.264014 179.694
130.266015 181.794
130.271015 179.694
130.278016 180.347
130.280006 177.519
130.286019 178.911
130.290013 181.025
130.301013 181.025
130.303006 181.019
130.308015 179.605
130.317957 178.191
130.321009 177.496
130.323010 174.657
130.334019 176.082
130.336007 172.54
130.338017 174.657
130.342021 174.668
130.346015 178.197
130.352015 178.933
130.356019 180.38
130.362016 181.794
130.366016 180.38
130.372016 179.627
130.376019 178.899
130.382011 178.241
130.386019 174
130.392019 174.725
130.396010 174.725
130.402019 176.139
130.406013 176.799
130.413045 176.782
130.417018 178.197
130.423017 180.325
130.427016 178.933
130.431015 178.933
130.436015 177.519
130.440019 176.139
130.446019 176.105
130.450018 176.799
130.456018 175.385
130.460017 176.071
130.466013 178.197
130.470017 178.191
130.476017 176.782
130.480017 176.071
130.486018 176.082
130.490007 177.519
130.496011 178.911
130.500014 178.899
130.506020 178.911
130.510019 179.655
130.516007 181.761
130.520018 180.424
130.526018 181.069
130.530018 177.553
130.536023 176.082
130.540016 173.948
130.546017 173.954
130.550019 174.657
130.556019 176.071
130.560023 178.911
130.566013 177.485
130.570017 179.611
130.576018 178.966
130.580016 180.38
130.586018 178.966
130.590017 179.655
130.596013 179.655
130.600009 178.966
130.606018 180.347
130.610021 178.966
130.615901 180.347
130.619897 180.325
130.625927 178.911
130.629917 176.782
130.635931 176.782
130.639930 176.782
130.645931 176.071
130.649922 176.782
130.655928 179.611
130.659928 178.911
130.665933 179.627
130.669927 179.627
130.675928 181.025
130.679928 177.519
130.685928 177.496
130.689928 176.782
130.695845 175.368
130.699896 175.368
130.705932 176.777
130.709927 176.782
130.715930 176.082
130.719927 177.485
130.725927 176.782
130.729928 178.911
130.735929 178.213
130.739927 177.496
130.745924 177.485
130.749924 176.071
130.755928 176.777
130.759930 176.071
130.765918 177.485
130.769930 176.071
130.775930 176.071
130.779928 176.777
130.785930 175.362
130.789929 175.362
130.795872 175.362
130.799918 176.777
130.805929 176.782
130.809929 176.799
130.815912 177.519
130.819928 178.213
130.825928 178.213
130.829928 178.899
130.835929 177.485
130.839928 176.082
130.846000 175.368
130.850013 176.777
130.856012 176.071
130.860017 176.777
130.866028 177.485
130.870022 176.082
130.876022 178.197
130.880021 178.191
130.886022 178.191
130.890019 176.782
130.896021 176.082
130.900014 177.496
130.906022 178.213
130.910021 178.933
130.916041 177.553
130.920020 178.933
130.926020 177.519
130.930019 177.485
130.936012 177.485
130.940019 178.191
130.946019 178.191
130.950023 176.782
130.956022 178.911
130.960021 178.213
130.966022 178.197
130.971021 178.197
130.975020 178.911
130.981016 177.496
130.989023 178.899
130.991012 177.519
130.999016 179.627
131.000962 178.933
131.005022 179.627
131.011023 178.241
131.015014 179.611
131.021023 178.191
131.025022 176.777
131.031022 177.496
131.035012 177.496
131.041021 177.485
131.045020 176.782
131.051015 178.899
131.055024 178.899
131.061025 178.911
131.066023 178.213
131.070021 176.782
131.076020 177.496
131.080024 176.799
131.086024 179.611
131.091020 179.627
131.095019 179.627
131.100963 177.496
131.106023 177.485
131.110026 176.782
131.116013 177.496
131.120016 177.496
131.126018 178.197
131.130012 177.485
131.136019 177.485
131.140023 178.899
131.149022 178.911
131.151015 179.627
131.156023 178.933
131.160022 178.213
131.166023 178.213
131.170021 178.197
131.176021 178.197
131.180020 178.213
131.186021 177.496
131.192022 178.213
131.196020 178.899
131.200005 177.485
131.206015 178.191
131.211020 177.485
131.217860 176.071
131.221997 176.071
131.227915 176.777
131.229921 177.485
131.235934 178.197
131.240925 176.799
131.244917 178.213
131.250926 177.519
131.254928 178.911
131.260928 178.911
131.264926 177.496
131.270924 176.782
131.275014 176.777
131.281025 176.777
131.285025 177.485
131.291025 178.191
131.295023 178.197
131.300952 178.197
131.305024 178.197
131.311024 178.197
131.315017 178.213
131.321023 177.496
131.325022 177.496
131.331022 177.496
131.335015 177.496
131.341021 178.197
131.345025 178.213
131.350958 178.213
131.358020 178.213
131.360025 178.213
131.366024 177.496
131.370023 177.485
131.376023 177.485
131.380022 178.197
131.386023 178.191
131.390021 177.496
131.396021 178.899
131.400021 176.799
131.406027 178.197
131.410024 176.082
131.416020 178.197
131.420018 178.197
131.426021 178.911
131.430025 178.911
131.436020 178.197
131.440024 178.191
131.446024 178.899
131.450023 178.191
131.456024 178.899
131.460023 178.899
131.466023 177.485
131.470022 177.485
131.476022 178.191
131.480025 177.496
131.486022 178.197
131.490025 176.799
131.496031 176.139
131.500025 176.139
131.506020 176.799
131.510025 176.082
131.516019 176.782
131.520018 174.668
131.526024 176.071
131.530023 176.782
131.536018 177.496
131.540022 178.197
131.546022 176.782
131.550026 177.485
131.556026 177.485
131.560016 177.485
131.566025 179.611
131.571025 178.197
131.575024 177.485
131.581024 176.782
131.584960 176.071
131.599026 177.485
131.601020 177.496
131.603021 179.627
131.614025 178.241
131.616019 176.139
131.618000 177.496
131.622026 176.082
131.626025 176.782
131.632026 176.799
131.636018 177.496
131.642025 175.385
131.646024 178.191
131.652037 178.191
131.656026 178.197
131.662026 178.197
131.666025 176.782
131.672026 177.485
131.676024 176.782
131.682024 178.899
131.687017 178.197
131.693025 177.496
131.695013 178.197
131.701027 178.213
131.707022 178.933
131.711026 179.627
131.716019 180.325
131.720016 180.314
131.726025 178.899
131.730024 178.191
131.736019 177.485
131.740023 178.197
131.749026 178.899
131.751015 178.911
131.756023 178.213
131.760025 178.933
131.766027 178.933
131.770023 180.347
131.776033 179.655
131.780027 180.347
131.786017 178.933
131.790026 178.933
131.796027 178.197
131.800025 178.197
131.806021 178.899
131.810024 179.605
131.816021 178.191
131.820028 177.485
131.826020 179.605
131.830008 179.605
131.835972 178.197
131.840022 179.627
131.846026 180.325
131.850019 179.611
131.856029 178.197
131.860031 177.485
131.866028 176.782
131.870023 177.485
131.876026 178.899
131.880024 178.197
131.886031 178.899
131.890025 178.197
131.896025 178.899
131.900024 178.197
131.906020 177.485
131.910028 176.782
131.915976 175.368
131.920022 177.485
131.926028 176.782
131.930026 177.496
131.936032 176.799
131.940026 177.519
131.946027 177.496
131.950026 176.082
131.956027 178.191
131.960029 176.071
131.966026 175.362
131.970021 175.368
131.976029 176.082
131.980025 176.782
131.985936 177.485
131.990028 178.197
131.996027 176.777
132.000027 177.485
132.006026 177.485
132.010021 178.191
132.015985 177.496
132.020025 176.782
132.026032 176.782
132.030031 175.385
132.036036 176.082
132.040030 176.799
132.046031 176.782
132.050029 177.485
132.056029 176.777
132.060027 178.197
132.066028 178.197
132.070018 179.611
132.076032 180.314
132.080030 179.605
132.086051 178.899
132.090030 178.191
132.096029 178.899
132.100028 178.899
132.108965 178.191
132.111020 177.485
132.116028 178.197
132.120030 178.213
132.126024 179.627
132.130023 179.627
132.136023 178.241
132.140022 177.519
132.146031 178.197
132.150024 178.899
132.156018 179.605
132.160010 178.899
132.166036 177.485
132.170030 178.197
132.176031 177.485
132.180030 179.611
132.187026 179.611
132.191030 178.933
132.197030 180.325
132.201029 178.911
132.207010 178.213
132.210937 178.933
132.216022 178.911
132.219947 178.899
132.226027 178.197
132.230030 177.485
132.236032 178.191
132.240028 178.191
132.246164 178.899
132.249985 178.899
132.255972 178.899
132.259977 178.899
132.265979 178.197
132.269974 178.899
132.275980 179.605
132.279978 179.611
132.285979 179.611
132.289978 178.911
132.295979 179.627
132.299980 178.213
132.305979 179.611
132.310025 178.197
132.316028 176.782
132.320044 178.191
132.326028 178.191
132.330026 178.191
132.336027 177.485
132.340022 179.605
132.346030 177.496
132.350029 177.485
132.356022 176.782
132.360029 178.197
132.366029 178.197
132.370055 178.197
132.376029 177.496
132.380028 176.082
132.386026 176.071
132.390032 176.777
132.396028 177.485
132.400027 177.485
132.406029 178.191
132.410019 177.485
132.416027 178.191
132.419899 178.191
132.425970 177.485
132.429975 178.899
132.435972 177.485
132.439980 178.899
132.445996 177.485
132.449983 178.899
132.455978 178.899
132.459982 178.197
132.468985 176.782
132.470983 176.782
132.475983 177.485
132.479983 177.485
132.485984 177.485
132.489982 176.782
132.495983 176.071
132.499983 177.485
132.505983 178.191
132.510026 179.605
132.516033 177.496
132.520024 177.485
132.526027 176.071
132.530030 175.362
132.536022 174.657
132.540022 176.782
132.547032 177.496
132.551030 180.314
132.557025 180.325
132.560956 179.611
132.567030 178.911
132.570966 178.197
132.576029 180.314
132.580033 178.197
132.586033 178.213
132.590032 178.197
132.596029 178.899
132.600032 178.197
132.606032 178.191
132.609891 178.899
132.615983 178.213
132.619983 177.519
132.625983 179.627
132.629984 178.966
132.635983 178.241
132.639980 177.519
132.645984 177.519
132.649984 180.325
132.655980 179.627
132.659984 177.519
132.665984 178.213
132.669983 178.197
132.675983 179.611
132.679984 179.627
132.685985 181.069
132.689984 177.485
132.695984 178.197
132.699984 178.911
132.705984 178.899
132.709918 177.496
132.715973 178.911
132.719982 178.197
132.725982 177.496
132.729982 178.197
132.735983 178.911
132.739978 179.611
132.745976 178.197
132.750031 176.777
132.756025 176.777
132.760030 178.191
132.766031 178.899
132.770029 178.191
132.776035 178.899
132.780033 178.191
132.786028 178.197
132.790032 178.191
132.796028 178.899
132.800033 177.485
132.807028 176.777
132.811035 176.777
132.817033 176.777
132.821032 176.082
132.827034 178.197
132.830031 178.213
132.836032 178.241
132.840026 178.933
132.846032 180.325
132.850030 179.611
132.856038 178.191
132.860030 175.362
132.866029 176.799
132.870033 175.362
132.880032 177.485
132.883029 178.191
132.896031 178.191
132.899029 177.485
132.900022 178.191
132.901027 178.191
132.906025 177.485
132.910029 178.191
132.916026 176.799
132.920028 178.899
132.926034 177.485
132.930033 178.899
132.936033 179.605
132.940026 180.314
132.946031 180.325
132.950030 178.213
132.956025 180.314
132.960034 178.899
132.966039 177.485
132.970034 175.362
132.976034 176.071
132.980033 176.777
132.986033 176.782
132.990029 178.213
132.996035 178.933
133.000030 178.966
133.006029 180.347
133.010032 179.627
133.016025 180.314
133.020028 179.605
133.025905 178.197
133.029984 176.782
133.035970 177.496
133.039977 177.485
133.045988 180.314
133.049986 181.019
133.055983 179.627
133.059987 180.325
133.068988 178.911
133.070977 178.213
133.075988 176.799
133.079988 177.496
133.086989 178.197
133.090979 177.519
133.096987 178.911
133.100988 178.213
133.106984 179.611
133.110987 179.605
133.115979 178.197
133.119987 176.782
133.135988 176.799
133.138984 176.799
133.139978 177.496
133.140980 177.485
133.145987 178.197
133.151988 179.627
133.155921 179.655
133.161987 180.347
133.166040 180.347
133.172034 180.325
133.176035 178.911
133.182036 178.191
133.186034 177.485
133.190026 176.782
133.196033 176.782
133.200033 177.496
133.205976 178.911
133.212033 177.485
133.215013 177.485
133.220021 176.782
133.226017 178.191
133.230030 177.496
133.236036 178.911
133.240030 178.933
133.246030 178.933
133.252035 177.519
133.255034 178.197
133.260033 178.191
133.266033 178.191
133.270036 177.496
133.276029 176.782
133.280036 177.496
133.286028 176.071
133.290026 176.071
133.299033 176.782
133.301027 175.362
133.306014 176.071
133.310035 176.071
133.316028 176.071
133.320039 176.082
133.326030 177.496
133.330039 179.611
133.336037 178.911
133.340040 179.611
133.346036 178.213
133.350034 179.611
133.356035 177.485
133.360034 178.197
133.366044 178.191
133.370038 176.777
133.376026 177.485
133.380038 177.496
133.386037 178.911
133.389974 181.025
133.396037 179.627
133.400035 178.933
133.406037 179.627
133.410036 178.213
133.416035 179.627
133.420035 177.553
133.426030 177.553
133.430039 178.213
133.436034 177.519
133.439960 178.213
133.446038 178.213
133.450037 177.519
133.456037 178.899
133.460035 178.899
133.466035 178.899
133.470039 178.911
133.476027 178.197
133.480039 178.899
133.486039 177.496
133.490043 180.314
133.496038 181.025
133.500037 179.627
133.506036 178.933
133.510036 178.899
133.516036 176.782
133.519973 174.657
133.526035 175.362
133.530039 174.657
133.536040 175.368
133.540013 176.782
133.546039 178.911
133.550037 177.485
133.556038 176.782
133.560028 177.496
133.566038 177.496
133.570036 177.496
133.576022 178.197
133.580032 178.213
133.586038 180.325
133.590036 178.911
133.596037 180.314
133.600036 179.605
133.606036 179.611
133.610035 177.496
133.616036 178.213
133.619995 176.082
133.625915 175.368
133.630080 176.071
133.635930 176.777
133.639921 177.496
133.645949 180.325
133.649942 178.241
133.655937 178.933
133.659938 178.213
133.665942 179.627
133.669939 180.347
133.675938 181.041
133.679939 180.347
133.685939 180.325
133.689941 178.899
133.695943 177.485
133.699939 176.082
133.705941 175.385
133.709939 174.668
133.715940 174.668
133.719938 173.954
133.725944 176.082
133.729939 176.828
133.735945 179.655
133.739940 181.069
133.745937 181.108
133.749940 179.694
133.755940 180.325
133.759936 178.197
133.765944 180.325
133.769941 178.911
133.775942 177.496
133.779943 176.782
133.785944 176.082
133.789941 177.496
133.795942 176.777
133.799944 178.191
133.805945 178.899
133.809943 178.213
133.815941 179.627
133.819940 179.655
133.825907 179.694
133.829939 179.011
133.835940 179.627
133.839943 178.213
133.845944 178.899
133.849941 177.485
133.855943 178.197
133.859939 178.911
133.866033 178.197
133.870041 178.911
133.876032 178.191
133.880039 178.899
133.886039 179.611
133.890039 178.911
133.896040 178.911
133.900038 178.197
133.906039 177.496
133.910037 178.911
133.916038 178.213
133.920041 178.911
133.925934 178.213
133.930031 178.197
133.936040 177.496
133.940036 176.782
133.946039 178.191
133.950037 177.485
133.957039 176.777
133.961037 176.777
133.967038 175.368
133.971037 176.777
133.977036 176.782
133.980030 176.782
133.986039 176.071
133.990038 176.082
133.996038 178.911
134.000041 176.799
134.006042 178.899
134.010042 176.799
134.016042 177.485
134.020033 176.782
134.026036 178.191
134.030034 176.782
134.036041 176.782
134.040039 178.191
134.046041 175.368
134.050040 177.485
134.056040 178.191
134.060033 176.071
134.066039 176.071
134.070038 176.777
134.076033 176.071
134.080038 175.368
134.086039 176.082
134.090042 176.799
134.096042 176.799
134.100037 178.911
134.106042 178.213
134.110040 176.799
134.116041 176.782
134.120035 176.782
134.126031 177.485
134.130034 176.782
134.136034 177.485
134.140035 178.911
134.146039 178.213
134.150033 178.213
134.160035 178.197
134.163038 177.496
134.175077 177.496
134.179043 177.496
134.180030 177.496
134.181031 177.519
134.186040 177.496
134.190038 177.496
134.196039 178.911
134.200043 179.611
134.206039 179.611
134.210038 178.911
134.216043 179.611
134.220041 179.611
134.226041 178.933
134.230268 177.553
134.235943 177.519
134.239892 177.496
134.245953 176.082
134.251951 176.082
134.254949 177.496
134.259944 178.213
134.265949 178.213
134.269950 179.627
134.275956 180.347
134.279949 180.347
134.285950 179.627
134.289949 178.933
134.295949 177.496
134.299950 177.485
134.305951 176.082
134.309943 178.197
134.315950 177.519
134.319948 180.347
134.325948 181.761
134.329862 181.041
134.335911 178.911
134.339915 178.197
134.345918 176.782
134.349916 176.071
134.355918 176.071
134.359917 176.782
134.365916 175.362
134.369916 176.071
134.375901 177.485
134.379914 177.496
134.385917 177.496
134.389917 176.799
134.395918 176.782
134.399917 176.071
134.405918 176.071
134.412917 176.071
134.416916 176.777
134.420919 176.071
134.426917 176.071
134.430909 176.777
134.435994 176.777
134.439991 176.071
134.445996 175.362
134.449995 176.082
134.455994 175.368
134.459992 176.071
134.465995 176.782
134.469996 178.911
134.475994 178.911
134.479996 179.627
134.486041 179.627
134.490034 178.911
134.496038 178.899
134.500041 177.485
134.506047 177.485
134.510045 176.777
134.516043 176.071
134.520042 175.362
134.526070 176.082
134.530042 178.191
134.536033 177.496
134.540041 179.611
134.546041 178.933
134.550044 178.933
134.556042 179.611
134.560044 178.213
134.566047 178.933
134.570045 179.627
134.576040 178.213
134.580044 179.611
134.586041 179.611
134.590045 179.611
134.596038 178.899
134.600041 180.314
134.606050 178.191
134.609981 176.071
134.616043 177.485
134.620043 178.197
134.626043 178.213
134.630045 178.933
134.636038 179.627
134.640044 179.655
134.646047 180.347
134.650044 179.627
134.656044 181.025
134.660019 178.197
134.666044 178.191
134.670042 178.191
134.676043 176.782
134.680042 178.191
134.686043 178.899
134.690046 179.605
134.697047 178.197
134.701045 178.899
134.710050 178.197
134.711023 178.197
134.715883 178.899
134.719996 177.496
134.725986 178.911
134.729980 177.519
134.735991 178.911
134.739993 178.197
134.745988 176.782
134.749995 176.782
134.755995 175.368
134.759995 176.071
134.765995 176.071
134.769995 177.485
134.775995 176.777
134.779987 176.782
134.785995 178.191
134.789995 176.782
134.795990 177.485
134.799995 176.782
134.805995 177.485
134.809994 176.782
134.815994 176.782
134.819993 177.485
134.825948 176.777
134.829896 178.197
134.835936 176.777
134.839916 177.485
134.845931 178.191
134.849919 176.071
134.855921 176.782
134.859921 176.777
134.865920 177.485
134.869920 178.191
134.875922 176.782
134.879913 175.385
134.885922 175.385
134.889920 177.485
134.895917 176.105
134.899922 176.828
134.905921 177.519
134.909920 178.933
134.915915 178.213
134.919921 178.933
134.925924 178.933
134.929921 178.911
134.935915 177.485
134.939915 178.191
134.945921 179.611
134.949921 176.777
134.955920 176.782
134.959920 176.777
134.965921 178.191
134.969960 179.611
134.975958 178.241
134.979948 179.655
134.985955 179.655
134.989954 178.281
134.995950 179.627
134.999955 180.325
135.005956 179.611
135.009954 178.191
135.015953 178.191
135.019955 178.899
135.025958 178.911
135.029953 178.911
135.035953 179.611
135.039948 181.728
135.045956 177.496
135.051954 178.899
135.054955 176.082
135.059956 176.082
135.065957 175.368
135.069955 176.082
135.075954 174.691
135.079951 175.505
135.085955 177.598
135.089954 179.655
135.095954 179.627
135.099954 179.611
135.108958 178.197
135.110946 176.777
135.115956 178.197
135.119945 178.911
135.126957 178.911
135.131041 178.899
135.136993 180.325
135.141049 178.899
135.147048 178.899
135.151046 178.197
135.156046 177.485
135.160049 176.071
135.166044 176.782
135.170048 176.082
135.176049 175.385
135.180041 175.385
135.186047 175.385
135.190046 177.496
135.196042 176.105
135.200046 177.519
135.206050 179.611
135.210045 178.911
135.216117 181.025
135.220199 181.728
135.225925 181.025
135.229872 181.025
135.235900 178.911
135.239895 178.213
135.246042 176.782
135.250048 176.777
135.256048 178.191
135.260051 178.213
135.266049 178.933
135.270047 178.933
135.276047 179.627
135.280041 178.933
135.286047 178.933
135.290046 178.933
135.296041 178.213
135.303043 178.197
135.304978 178.197
135.311308 177.496
135.315050 177.496
135.321048 178.197
135.324989 178.899
135.331048 177.496
135.335051 178.213
135.340996 176.782
135.345026 176.777
135.351051 177.485
135.355045 178.197
135.361046 177.519
135.365049 178.933
135.371045 179.627
135.375048 179.627
135.381043 178.911
135.385047 178.899
135.391048 178.191
135.395047 178.191
135.401047 178.911
135.405046 178.197
135.411046 177.485
135.415046 178.191
135.422046 178.191
135.426035 178.197
135.438955 178.911
135.440955 178.213
135.442941 178.911
135.453966 179.627
135.455948 178.966
135.457956 181.041
135.462951 178.241
135.466956 178.213
135.472957 178.197
135.475948 178.899
135.481958 177.496
135.485956 178.911
135.491957 179.611
135.495962 180.325
135.501958 179.611
135.505957 180.314
135.511957 180.314
135.515956 178.197
135.521956 177.485
135.525963 178.899
135.531952 178.197
135.535959 178.213
135.539952 179.627
135.545961 181.041
135.549958 180.347
135.555959 180.325
135.559957 178.899
135.565957 178.191
135.569959 176.782
135.575958 175.362
135.579954 176.782
135.585958 176.777
135.589956 178.197
135.595938 178.933
135.599959 179.655
135.605957 181.025
135.609957 178.213
135.615961 177.485
135.619956 176.782
135.625962 176.082
135.629954 175.362
135.635956 178.197
135.639958 178.191
135.645966 177.496
135.651966 179.611
135.654957 179.611
135.659951 178.911
135.665959 177.496
135.669959 178.191
135.675959 178.191
135.679954 176.082
135.685960 178.191
135.689959 177.496
135.695980 177.496
135.699959 178.213
135.705959 178.911
135.709958 178.911
135.715951 178.197
135.719961 177.485
135.725963 177.485
135.729960 176.782
135.735959 176.782
135.739959 178.197
135.745953 178.213
135.749959 178.911
135.755959 179.611
135.759958 178.197
135.765959 178.191
135.769965 177.485
135.776962 176.782
135.780959 178.899
135.786958 179.605
135.790959 178.911
135.796957 179.611
135.800960 180.314
135.805960 178.899
135.809959 177.496
135.815951 178.213
135.819960 178.213
135.827962 178.213
135.830956 177.496
135.835959 178.197
135.839953 178.911
135.845966 178.911
135.849959 178.213
135.855959 178.911
135.862961 178.899
135.864955 177.496
135.870961 178.899
135.874963 178.911
135.880946 178.911
135.884962 178.213
135.890960 178.933
135.894959 178.933
135.900960 179.627
135.904960 179.627
135.910961 180.325
135.914951 179.611
135.920960 180.314
135.924959 179.611
135.931050 178.911
135.935053 178.213
135.940947 177.519
135.945052 176.799
135.951052 178.213
135.955051 178.213
135.961051 178.933
135.965052 180.325
135.971051 178.911
135.975051 178.197
135.981046 178.899
135.985050 179.605
135.991050 179.605
135.995054 177.485
136.001051 179.611
136.005054 178.899
136.011049 178.191
136.015045 178.899
136.021050 178.899
136.026045 177.485
136.030071 176.071
136.035960 178.191
136.039951 178.899
136.046048 177.485
136.050065 177.485
136.056053 178.899
136.060051 177.496
136.066052 177.496
136.070050 177.485
136.076051 177.496
136.080050 176.782
136.086053 176.782
136.090052 177.485
136.096052 178.191
136.100043 178.899
136.106062 178.197
136.110052 178.911
136.116047 178.197
136.120043 178.899
136.126043 178.197
136.131054 179.611
136.135052 179.611
136.141052 178.911
136.148048 179.611
136.150051 180.314
136.156052 178.899
136.160051 178.197
136.166046 178.899
136.170047 178.197
136.176055 177.496
136.180054 180.314
136.186055 179.611
136.190053 178.213
136.196054 178.213
136.200047 178.899
136.206052 177.496
136.212053 177.485
136.215049 178.191
136.220054 178.899
136.225998 178.197
136.230054 179.611
136.236055 179.627
136.240054 179.627
136.246035 180.325
136.250050 181.025
136.256051 180.314
136.260054 179.605
136.266050 178.191
136.270053 178.191
136.276053 178.191
136.280052 179.611
136.286054 178.197
136.290051 180.314
136.296052 178.899
136.300050 178.197
136.308052 178.197
136.318053 178.213
136.319046 177.519
136.323052 178.213
136.326012 178.933
136.331083 179.627
136.335053 180.325
136.341054 181.025
136.347049 179.611
136.350052 179.605
136.355052 178.191
136.361053 178.191
136.365060 177.485
136.371055 177.485
136.375054 178.191
136.381054 177.485
136.384991 177.485
136.391053 177.496
136.396053 178.213
136.401053 178.241
136.405057 178.933
136.411052 178.933
136.414993 178.241
136.421056 178.911
136.427052 178.911
136.431055 178.197
136.435055 178.197
136.441055 178.899
136.444972 177.485
136.451051 177.485
136.455050 177.496
136.461055 176.782
136.465038 176.777
136.471055 176.071
136.475053 177.485
136.481055 176.782
136.485054 177.496
136.491054 178.213
136.495052 178.933
136.501052 178.933
136.505057 180.325
136.511057 178.899
136.515065 178.191
136.521056 177.485
136.526055 176.782
136.530051 176.082
136.536054 175.368
136.540052 176.071
136.545924 176.777
136.550050 177.485
136.557056 177.496
136.561055 177.496
136.567050 179.627
136.571055 178.933
136.577055 180.347
136.583056 178.933
136.585050 178.241
136.591058 177.519
136.595056 178.213
136.601052 178.911
136.610055 178.197
136.613049 178.197
136.620055 178.197
136.623057 178.899
136.626998 178.191
136.630049 179.605
136.636052 179.611
136.640058 179.611
136.645954 179.611
136.650049 178.213
136.656052 180.325
136.660057 180.347
136.666051 180.38
136.670055 178.966
136.676055 181.041
136.685053 178.933
136.688047 179.627
136.692055 181.025
136.695058 178.911
136.700052 178.191
136.706058 176.071
136.710065 177.485
136.720051 178.191
136.723059 178.899
136.736057 180.314
136.739059 181.025
136.740046 180.314
136.741043 180.314
136.746050 180.314
136.750053 180.314
136.756058 179.611
136.760053 178.911
136.765995 181.019
136.772058 178.899
136.775056 179.605
136.780056 179.605
136.786057 178.191
136.790055 178.197
136.796056 176.782
136.800053 177.485
136.806055 177.485
136.810054 177.485
136.816002 176.082
136.820058 177.496
136.826058 177.496
136.830058 178.911
136.836057 178.213
136.840056 178.911
136.846061 178.899
136.850047 176.082
136.856056 177.485
136.863057 177.485
136.865051 176.782
136.871054 177.496
136.875058 178.197
136.881059 177.496
136.885057 176.799
136.891057 178.911
136.895056 179.605
136.901054 177.485
136.905058 178.191
136.911057 177.496
136.915056 178.911
136.921056 177.496
136.925055 178.911
136.931061 178.911
136.935051 178.911
136.941060 178.197
136.945058 178.197
136.951057 180.314
136.955055 178.197
136.961060 178.197
136.965059 177.496
136.971055 176.782
136.975058 175.368
136.981060 176.071
136.986059 176.777
136.991059 176.777
136.997058 177.485
137.001057 177.496
137.006058 178.899
137.012057 177.496
137.016056 178.197
137.021061 177.519
137.025059 178.241
137.031059 178.241
137.035051 178.213
137.041059 181.025
137.045058 178.213
137.051053 178.933
137.055052 178.911
137.061058 179.611
137.065061 177.485
137.071059 178.191
137.075057 178.191
137.081058 177.485
137.085056 177.496
137.091057 177.519
137.095056 178.241
137.101056 181.069
137.105060 181.108
137.111060 180.38
137.115059 179.655
137.121060 179.627
137.125055 178.933
137.131055 179.627
137.135056 181.041
137.141063 180.347
137.147062 179.627
137.150058 177.519
137.155056 178.191
137.161061 176.777
137.165060 178.191
137.171058 176.777
137.177059 174.668
137.180048 174.668
137.185066 177.485
137.191062 177.519
137.198058 179.011
137.200051 179.694
137.206060 179.655
137.212060 178.933
137.216059 177.496
137.220050 176.071
137.226059 175.362
137.230058 174.657
137.236053 176.082
137.240060 175.368
137.246056 176.071
137.250042 176.082
137.256057 178.197
137.260053 178.911
137.266064 180.314
137.270058 178.911
137.276058 178.911
137.280058 178.197
137.287059 178.197
137.291058 176.782
137.297063 177.485
137.301070 177.496
137.308061 176.799
137.311059 178.213
137.316051 178.213
137.320049 176.828
137.326058 179.611
137.332064 178.213
137.335057 177.496
137.340061 178.197
137.346062 177.496
137.350061 178.899
137.356053 178.911
137.360060 178.213
137.366060 178.933
137.371052 177.519
137.375059 177.496
137.381058 177.485
137.385062 178.191
137.391059 176.777
137.398059 176.071
137.400054 176.782
137.406062 177.496
137.411061 179.627
137.415061 180.38
137.421059 180.38
137.427059 179.655
137.430054 177.496
137.435056 176.071
137.441061 177.496
137.445061 176.799
137.451071 177.496
137.455052 177.496
137.461061 177.485
137.465060 177.496
137.471060 178.933
137.478061 178.933
137.480049 178.933
137.486063 179.655
137.490062 178.966
137.496063 178.281
137.500061 178.933
137.506062 178.933
137.510060 176.799
137.516061 176.799
137.520055 177.496
137.526061 177.496
137.532053 176.799
137.536058 178.911
137.543059 180.325
137.545058 179.627
137.551061 178.933
137.558058 177.519
137.560057 175.414
137.566065 176.782
137.570063 176.777
137.576060 176.071
137.580063 178.191
137.588056 178.899
137.591059 178.241
137.596062 181.069
137.600067 183.175
137.606058 181.761
137.611054 180.325
137.615061 178.899
137.624064 178.197
137.626060 176.782
137.630056 176.782
137.636059 177.496
137.640064 175.362
137.646064 176.071
137.650062 176.782
137.658059 176.782
137.661063 178.911
137.668060 178.911
137.671063 177.485
137.676062 176.828
137.680060 178.241
137.686056 177.553
137.690060 179.655
137.696061 181.041
137.700063 179.627
137.706064 178.213
137.710063 177.485
137.716064 178.197
137.720057 177.496
137.726063 178.213
137.730054 179.627
137.737058 178.911
137.743064 178.213
137.746052 176.071
137.751974 176.782
137.756055 175.362
137.761065 176.082
137.765064 177.519
137.771058 176.867
137.775061 178.933
137.781061 177.519
137.785060 178.213
137.791066 178.933
137.795065 179.655
137.801064 180.38
137.805065 180.347
137.811063 178.911
137.815064 178.191
137.821063 175.362
137.827064 175.368
137.830001 174.657
137.835065 176.071
137.841062 177.496
137.845066 178.933
137.851066 179.011
137.855045 180.424
137.861065 180.38
137.867066 178.281
137.870055 179.627
137.875063 178.213
137.884066 178.213
137.886064 178.197
137.892063 178.197
137.896058 178.197
137.902062 176.782
137.908063 178.197
137.911060 178.213
137.916061 178.241
137.920058 178.933
137.926065 178.933
137.930020 179.655
137.936070 178.933
137.940063 179.627
137.946063 179.627
137.950063 179.627
137.956055 178.197
137.960054 178.197
137.966062 178.191
137.971058 177.485
137.975065 176.782
137.981061 176.082
137.989068 176.782
137.999068 176.799
138.003070 177.496
138.004052 177.496
138.020061 178.213
138.021058 178.213
138.023055 178.213
138.027067 178.933
138.031060 180.325
138.038063 178.911
138.040056 177.485
138.046065 176.777
138.050063 175.362
138.056067 176.071
138.060062 177.485
138.066064 176.777
138.070059 176.782
138.076067 178.197
138.080066 177.519
138.086086 178.241
138.091061 177.553
138.095065 177.519
138.101066 176.082
138.105065 174.657
138.111064 174.657
138.115063 175.362
138.121063 176.782
138.125058 178.911
138.131062 180.314
138.135066 178.197
138.142067 178.213
138.146066 178.213
138.152066 177.496
138.158001 177.485
138.161059 176.082
138.166064 177.485
138.170957 176.071
138.175063 176.071
138.181059 176.782
138.185001 177.496
138.191067 178.899
138.195065 178.911
138.201067 176.828
138.205065 178.213
138.211067 178.213
138.215065 178.197
138.224068 178.197
138.226064 178.197
138.232061 178.213
138.236064 180.314
138.242058 179.627
138.246056 181.041
138.252065 180.38
138.256055 178.966
138.262054 178.933
138.268051 178.213
138.270928 176.799
138.276016 176.799
138.285017 177.519
138.288007 178.911
138.290016 178.197
138.296016 179.611
138.300015 180.325
138.308017 181.041
138.311016 180.347
138.316016 179.627
138.320014 178.911
138.326071 178.213
138.330068 177.496
138.336069 179.605
138.343070 179.611
138.345059 179.611
138.351067 178.911
138.358067 177.496
138.360060 177.496
138.365994 178.911
138.370087 178.911
138.376063 176.105
138.380067 177.496
138.386067 176.782
138.390067 178.191
138.396067 178.191
138.400066 178.191
138.406066 178.899
138.411065 177.485
138.415068 178.191
138.421065 178.191
138.427067 178.191
138.430069 177.485
138.435070 177.485
138.441069 176.071
138.445067 176.782
138.451067 177.496
138.455060 179.611
138.468061 178.911
138.469051 177.496
138.471056 178.197
138.478070 176.799
138.482069 176.082
138.486068 176.782
138.492068 178.197
138.496066 178.213
138.502067 178.213
138.511068 179.611
138.513061 177.496
138.518068 178.191
138.520060 176.777
138.526069 177.485
138.532064 178.191
138.535067 179.605
138.541068 179.611
138.547068 179.611
138.550066 179.627
138.557062 180.325
138.560057 179.611
138.565069 178.911
138.571003 178.899
138.575073 178.191
138.581069 176.782
138.588061 177.485
138.591065 176.082
138.596069 178.191
138.605062 176.782
138.608057 176.782
138.612070 176.782
138.615067 175.385
138.620067 176.082
138.626068 175.414
138.630067 176.799
138.636068 176.082
138.645068 175.385
138.648057 177.496
138.650068 178.197
138.656063 180.314
138.660066 180.325
138.667941 179.655
138.680070 181.761
138.688004 182.439
138.689060 180.314
138.691061 180.314
138.695069 177.496
138.710066 176.082
138.713060 176.071
138.714061 176.782
138.716058 178.911
138.722061 179.694
138.729069 180.424
138.734068 181.157
138.736062 179.067
138.743066 179.067
138.745009 180.38
138.751069 177.519
138.755072 177.496
138.776066 178.899
138.783067 179.611
138.784060 180.325
138.791070 181.025
138.793063 181.025
138.798070 177.485
138.799058 176.782
138.803070 176.071
138.806060 178.191
138.811074 178.899
138.815067 179.627
138.823064 178.966
138.833068 179.694
138.834061 182.455
138.836063 180.347
138.842072 181.025
138.846071 178.191
138.860069 176.782
138.863071 176.799
138.864059 176.082
138.866069 178.933
138.878068 178.933
138.879060 178.197
138.881062 178.191
138.885069 177.496
138.891070 178.213
138.895073 179.627
138.901069 178.966
138.905077 179.694
138.918070 178.281
138.921064 176.185
138.923060 176.828
138.927068 176.799
138.931070 178.191
138.937072 176.071
138.941071 176.082
138.947067 176.799
138.951071 176.082
138.957067 176.782
138.961069 177.485
138.967070 179.611
138.979072 178.899
138.980064 178.213
138.981066 178.241
138.988070 178.966
138.991070 179.694
139.005072 179.694
139.008061 181.041
139.009071 176.828
139.011059 177.496
139.017069 176.071
139.021071 174.657
139.027073 175.368
139.045072 175.385
139.048049 174.668
139.049004 176.782
139.054066 176.777
139.056063 178.899
139.059069 178.911
139.066080 180.314
139.069065 180.314
139.070991 178.911
139.077071 178.911
139.081070 179.627
139.088072 181.041
139.092063 179.627
139.095072 178.911
139.100072 176.799
139.108070 174.691
139.111072 176.082
139.116072 176.071
139.120062 177.485
139.126061 177.485
139.130062 177.496
139.136066 178.911
139.143071 179.627
139.145065 180.325
139.151073 179.627
139.158071 179.627
139.161065 179.611
139.167073 178.213
139.171072 179.605
139.177072 179.605
139.181071 179.605
139.188068 179.611
139.191063 182.439
139.196070 179.605
139.200069 179.605
139.205998 178.197
139.210073 178.911
139.216073 178.933
139.220071 179.655
139.226077 181.069
139.230070 181.761
139.236063 180.347
139.240068 179.627
139.246064 179.611
139.250073 178.191
139.256078 175.368
139.260073 174.657
139.266072 175.362
139.270071 176.777
139.280066 176.782
139.283063 178.911
139.296070 178.933
139.299069 178.911
139.300065 178.197
139.301067 178.899
139.306046 178.899
139.310073 179.611
139.316070 178.191
139.320072 178.899
139.326073 178.899
139.330072 178.213
139.336061 179.611
139.340080 177.496
139.346075 177.485
139.350079 176.782
139.356074 176.782
139.360073 176.782
139.366073 176.777
139.370072 178.191
139.376065 178.197
139.380066 177.519
139.386072 178.911
139.390019 179.605
139.396071 178.899
139.400071 179.611
139.406070 178.197
139.410073 178.899
139.416074 179.611
139.420079 181.728
139.426073 178.899
139.430081 178.191
139.436069 176.782
139.439981 178.191
139.446072 180.314
139.450070 179.611
139.456071 178.213
139.460074 178.241
139.466069 178.241
139.470073 178.241
139.476065 178.933
139.480067 179.627
139.486073 178.213
139.490082 177.496
139.496072 178.197
139.500072 179.605
139.506072 179.605
139.510074 181.019
139.516074 181.728
139.520074 181.739
139.526074 182.455
139.530072 183.153
139.536069 181.041
139.540051 179.627
139.546072 178.911
139.550071 177.496
139.556073 176.799
139.560067 176.799
139.566076 176.782
139.570074 176.782
139.576065 177.496
139.580071 178.213
139.586073 178.933
139.590072 178.911
139.596076 178.911
139.600075 178.911
139.607081 178.213
139.611075 178.899
139.617076 176.777
139.621066 177.485
139.627068 176.071
139.630072 178.191
139.636068 178.911
139.640072 178.911
139.648074 178.197
139.651077 178.191
139.656076 176.071
139.660067 176.071
139.666071 177.485
139.670074 176.799
139.675939 176.799
139.680023 176.799
139.686080 178.213
139.690073 178.213
139.696075 176.105
139.700074 176.799
139.708071 176.082
139.711077 178.911
139.716076 177.485
139.720075 178.191
139.726075 178.191
139.732075 174.668
139.735074 176.782
139.740076 176.105
139.746067 178.911
139.750076 178.911
139.756076 178.241
139.760067 178.911
139.766076 176.105
139.770075 177.496
139.775954 176.105
139.780030 178.213
139.786029 177.496
139.790028 177.485
139.796028 177.485
139.800027 178.899
139.806028 178.197
139.810028 178.197
139.816027 178.213
139.820027 177.519
139.826033 176.799
139.830026 178.213
139.836026 178.933
139.840027 179.627
139.846028 178.911
139.850028 180.314
139.856029 178.911
139.860023 179.611
139.866028 179.611
139.870027 181.019
139.876023 178.899
139.880021 178.899
139.886030 179.611
139.890028 180.314
139.896027 179.611
139.900028 180.314
139.907029 179.611
139.911029 177.496
139.917028 178.197
139.921028 177.496
139.927029 178.197
139.930027 179.611
139.936027 179.627
139.940028 181.041
139.946076 178.933
139.950077 177.519
139.956078 178.213
139.960072 176.799
139.966078 177.496
139.970077 176.782
139.976074 176.782
139.980070 179.605
139.986079 178.899
139.990076 180.325
139.996074 181.761
140.000076 181.739
140.006077 181.728
140.010075 181.019
140.016076 178.899
140.020075 176.777
140.026071 177.485
140.030074 176.777
140.036075 178.191
140.040074 176.782
140.046078 176.799
140.050076 178.213
140.056077 178.213
140.060070 178.197
140.066076 177.496
140.070075 177.519
140.076071 178.213
140.080074 178.213
140.086076 177.519
140.090074 176.799
140.096079 176.782
140.100079 176.071
140.106077 175.368
140.110076 174.657
140.116076 175.362
140.120076 176.777
140.126067 178.899
140.130070 181.025
140.136067 181.761
140.140072 181.739
140.146080 179.655
140.150070 180.314
140.156079 177.485
140.160071 177.496
140.166076 175.368
140.170076 176.082
140.176071 176.082
140.179985 177.485
140.186079 176.782
140.190078 178.911
140.196075 179.655
140.200070 180.347
140.206078 178.911
140.210068 178.911
140.216076 177.496
140.220079 176.082
140.226070 177.485
140.230079 177.485
140.236018 176.782
140.240083 176.782
140.246073 177.485
140.250077 178.191
140.257078 180.314
140.261076 180.314
140.267077 178.241
140.271076 178.933
140.277076 177.519
140.280061 176.799
140.286073 176.082
140.290072 176.782
140.296078 178.213
140.300077 180.325
140.306077 182.455
140.310070 183.87
140.316078 183.87
140.319970 181.041
140.325981 180.325
140.330011 177.485
140.335943 174.657
140.339910 175.368
140.345922 176.071
140.349911 177.485
140.356013 177.519
140.360013 179.655
140.366019 181.761
140.370022 181.794
140.375963 181.108
140.380028 179.694
140.386025 178.966
140.390031 176.828
140.396030 178.197
140.400031 178.197
140.406032 178.899
140.410024 178.197
140.416032 178.899
140.420031 177.485
140.426001 178.191
140.430031 179.611
140.436079 178.899
140.440033 177.496
140.446032 179.611
140.452032 180.325
140.456032 178.933
140.462031 179.627
140.466032 181.041
140.470031 180.325
140.476029 176.799
140.480032 175.385
140.486029 176.082
140.490026 176.071
140.496027 178.197
140.500032 178.197
140.506033 175.414
140.510082 176.799
140.516075 178.899
140.520085 176.082
140.526107 178.197
140.530080 179.605
140.536079 178.197
140.540080 176.799
140.546080 178.197
140.550078 180.314
140.560086 178.197
140.563079 178.191
140.575080 178.899
140.579079 176.071
140.580071 178.899
140.581073 177.485
140.586075 177.496
140.590079 177.485
140.596072 176.071
140.600078 173.954
140.606084 174.691
140.612074 176.105
140.615082 177.519
140.620077 179.011
140.626082 179.011
140.635084 178.281
140.638082 179.611
140.642081 178.191
140.646080 177.496
140.652079 178.899
140.655078 178.191
140.660030 179.611
140.666078 177.485
140.670081 178.899
140.676082 179.611
140.680073 180.325
140.686078 179.627
140.690081 180.325
140.696070 179.611
140.701083 177.485
140.707082 178.197
140.711076 178.933
140.717082 181.069
140.721081 181.069
140.726076 180.38
140.730076 180.325
140.736078 178.213
140.740075 178.197
140.746074 177.485
140.750083 176.777
140.756083 175.368
140.760071 178.197
140.766082 178.911
140.770082 179.627
140.776073 179.627
140.780072 178.911
140.786076 179.611
140.790080 177.496
140.796077 179.611
140.800082 179.627
140.806083 181.728
140.810081 180.314
140.816081 178.213
140.820080 179.605
140.826081 177.485
140.830080 178.191
140.836080 176.782
140.840075 177.485
140.846063 179.611
140.850076 178.911
140.856077 180.325
140.860081 179.627
140.866080 178.911
140.870083 176.777
140.876079 176.782
140.880074 174.657
140.886077 175.368
140.890082 176.799
140.896076 175.368
140.900082 176.782
140.906081 178.213
140.910081 178.197
140.916082 179.611
140.920081 178.899
140.932082 177.496
140.935080 179.627
140.936072 180.325
140.941086 181.041
140.945080 180.325
140.951085 179.605
140.955083 178.899
140.961022 175.368
140.965082 175.368
140.971082 178.911
140.975081 178.191
140.983083 179.605
140.986020 180.314
140.991081 180.325
140.995079 178.933
141.001085 179.627
141.005084 178.933
141.011023 177.553
141.015084 177.519
141.021082 178.911
141.025080 179.627
141.031084 179.627
141.035082 178.911
141.041084 178.911
141.045078 179.605
141.051077 178.197
141.055087 177.485
141.061076 175.362
141.065025 176.071
141.071081 175.368
141.075084 177.496
141.081086 178.911
141.085085 178.241
141.091081 178.966
141.095084 178.933
141.101084 178.933
141.105084 178.933
141.111083 178.241
141.115082 180.325
141.121083 178.911
141.125078 178.911
141.131077 178.911
141.135081 178.899
141.141081 177.485
141.145093 178.197
141.151083 178.197
141.158081 179.611
141.160074 180.325
141.166082 179.627
141.170081 178.933
141.176086 179.627
141.183083 178.241
141.188077 179.627
141.193083 179.627
141.197080 178.933
141.203084 176.828
141.207083 178.197
141.212084 177.496
141.216082 177.485
141.222088 176.782
141.226086 178.191
141.232082 176.782
141.236085 178.197
141.242087 178.899
141.246076 179.611
141.252085 178.213
141.256083 178.241
141.262096 178.933
141.266085 177.553
141.272080 178.213
141.276083 176.828
141.280082 177.496
141.286083 177.485
141.292066 176.071
141.295042 176.071
141.300081 176.071
141.306082 176.777
141.310084 176.782
141.316075 178.899
141.320082 177.496
141.326082 176.082
141.330086 176.782
141.336082 176.782
141.340080 178.191
141.346084 176.082
141.350079 176.082
141.358087 176.782
141.365085 177.496
141.366073 177.496
141.371086 177.496
141.377035 178.197
141.381085 177.496
141.388082 177.485
141.392080 177.485
141.396076 178.191
141.400088 177.485
141.405083 177.485
141.411088 176.782
141.415088 179.605
141.421083 177.496
141.425086 178.899
141.431085 178.197
141.435083 177.496
141.441083 177.519
141.450087 178.213
141.451075 178.911
141.456087 178.213
141.462088 179.611
141.466086 177.496
141.472087 177.496
141.476086 178.197
141.482085 178.899
141.486084 178.899
141.492022 178.197
141.496088 178.197
141.502087 178.899
141.506085 178.899
141.510085 178.197
141.516085 178.911
141.520081 178.911
141.526089 177.519
141.533086 178.213
141.538086 178.213
141.542084 178.911
141.546094 178.213
141.552085 178.911
141.556088 178.933
141.565086 181.025
141.568076 179.627
141.572083 180.325
141.576086 180.314
141.582087 179.611
141.586085 178.197
141.590084 178.899
141.596090 178.899
141.600086 178.213
141.606087 180.325
141.610086 179.611
141.616081 178.213
141.620087 177.519
141.626088 178.213
141.630086 178.213
141.635086 177.519
141.641025 178.933
141.645086 178.933
141.651087 178.933
141.655086 177.519
141.663096 179.611
141.666088 179.611
141.671088 178.197
141.675087 178.191
141.681087 176.777
141.685086 178.197
141.691086 177.485
141.695078 177.485
141.701086 178.197
141.705085 178.197
141.711089 177.519
141.715087 178.213
141.721087 177.496
141.725086 176.782
141.731089 175.368
141.735087 175.368
141.741083 176.782
141.745025 178.197
141.751087 178.911
141.757087 180.314
141.760077 180.314
141.765086 179.605
141.771086 177.485
141.775089 176.071
141.781087 174.657
141.785086 175.362
141.791086 176.777
141.795078 177.496
141.801086 178.213
141.805090 177.553
141.811090 178.241
141.815088 176.867
141.821088 178.933
141.825088 176.828
141.839086 176.105
141.841080 176.782
141.843076 176.777
141.854088 177.485
141.856077 177.485
141.858088 178.197
141.862091 178.899
141.866085 178.911
141.872086 178.899
141.876089 177.496
141.882090 178.197
141.886088 178.899
141.892089 176.799
141.896083 177.496
141.902087 178.213
141.906090 178.911
141.912090 179.627
141.916089 178.933
141.920087 177.519
141.927080 177.519
141.933090 177.519
141.935078 179.627
141.941088 180.325
141.946087 180.325
141.950090 179.627
141.956086 178.911
141.960089 177.485
141.966090 177.485
141.970089 176.782
141.976090 178.899
141.980087 178.213
141.986089 179.627
141.990088 180.325
141.996082 179.611
142.000083 177.519
142.006086 178.213
142.010089 178.213
142.019091 178.197
142.021081 178.197
142.027089 178.197
142.030092 179.605
142.035091 177.485
142.041088 178.899
142.045090 178.197
142.051090 178.899
142.055089 178.899
142.061090 177.485
142.065088 178.191
142.071088 176.782
142.075087 177.485
142.081097 176.082
142.085091 176.799
142.091087 176.828
142.095099 178.933
142.101092 178.933
142.105090 179.611
142.111089 178.197
142.115086 178.899
142.121091 178.197
142.125082 176.782
142.131093 177.485
142.135092 176.071
142.141087 176.777
142.145091 176.782
142.151086 176.782
142.155090 177.496
142.161090 178.213
142.165089 177.519
142.171089 178.911
142.175088 178.213
142.181096 178.213
142.185089 178.213
142.191090 177.496
142.195089 177.496
142.201093 178.213
142.205091 178.899
142.210091 176.782
142.216082 177.485
142.220082 176.071
142.226091 176.071
142.230090 177.496
142.236087 177.485
142.240090 178.899
142.246089 178.911
142.250089 178.911
142.256090 178.933
142.260088 178.966
142.266091 178.966
142.270090 179.627
142.276091 178.213
142.280089 177.496
142.286090 177.485
142.290089 176.782
142.295091 177.485
142.301019 178.191
142.305083 177.485
142.311089 176.799
142.315101 178.197
142.321097 178.911
142.325091 177.519
142.331090 178.933
142.335090 181.041
142.341016 180.38
142.345089 179.655
142.351089 179.655
142.355092 180.347
142.361093 178.241
142.365102 179.611
142.371093 177.496
142.375092 178.899
142.381093 176.782
142.385091 177.485
142.392092 178.197
142.396092 176.799
142.402086 178.213
142.406091 176.139
142.412091 178.241
142.415095 178.241
142.421092 177.553
142.425090 178.966
142.431092 177.553
142.435097 178.241
142.441049 178.911
142.445096 178.911
142.451091 179.611
142.455089 178.197
142.461091 177.485
142.465099 177.485
142.471090 177.485
142.475093 177.496
142.481093 176.782
142.485093 176.782
142.491092 176.105
142.495091 176.105
142.501077 176.799
142.505034 176.799
142.511091 176.828
142.515089 178.213
142.521086 178.197
142.536093 177.496
142.537085 176.082
142.539082 176.082
142.541092 177.485
142.547093 174.668
142.551092 176.071
142.557093 174.657
142.561092 175.362
142.567093 176.777
142.571091 176.777
142.577092 176.082
142.584095 176.799
142.586090 178.197
142.592091 178.213
142.596094 178.241
142.600016 176.828
142.606099 177.519
142.612094 177.496
142.615092 177.496
142.620092 177.485
142.626091 176.782
142.630091 178.191
142.636091 177.485
142.640094 177.485
142.646091 178.899
142.650093 179.611
142.656094 178.933
142.660093 179.627
142.666092 178.213
142.670092 176.799
142.676097 176.799
142.680094 176.799
142.686095 178.197
142.690094 177.496
142.696090 178.911
142.700097 178.933
142.706093 178.966
142.710095 180.347
142.716105 181.739
142.720093 179.627
142.726094 179.611
142.730093 178.899
142.736093 178.197
142.740091 177.485
142.746086 178.191
142.750091 179.605
142.756091 179.611
142.760095 180.325
142.766103 180.325
142.770092 179.627
142.777031 178.911
142.781097 179.611
142.787095 178.899
142.791086 179.605
142.797096 178.899
142.800959 178.899
142.806049 178.213
142.810046 176.105
142.816052 176.082
142.820047 175.385
142.826045 178.197
142.830046 178.197
142.836046 179.611
142.840045 180.325
142.846052 178.911
142.850046 178.899
142.856046 178.197
142.860047 179.611
142.866043 177.496
142.870047 177.496
142.876047 178.899
142.880048 176.777
142.886047 177.485
142.890045 177.496
142.896045 177.496
142.900047 178.911
142.906043 178.911
142.910048 178.933
142.916047 178.213
142.920048 177.496
142.926048 178.213
142.930048 178.213
142.936046 178.213
142.940047 178.213
142.946051 179.611
142.950055 177.485
142.956047 177.485
142.960047 175.362
142.966097 176.071
142.970094 177.485
142.976094 176.082
142.980089 177.496
142.986094 176.799
142.990093 176.105
142.998095 176.105
143.001089 176.799
143.006092 179.611
143.010096 176.799
143.016092 176.799
143.020096 177.496
143.026095 178.197
143.030094 177.496
143.036095 177.485
143.040094 178.899
143.046095 179.605
143.050105 178.191
143.056091 178.899
143.062092 177.485
143.066096 177.496
143.070094 178.197
143.076094 178.197
143.080088 177.519
143.086094 177.519
143.090096 177.519
143.096098 178.213
143.100091 178.213
143.106092 176.105
143.110096 176.105
143.120090 176.799
143.122096 176.799
143.135098 176.799
143.139097 177.496
143.140085 177.496
143.141091 176.799
143.147096 178.213
143.151094 178.933
143.157094 179.655
143.161093 180.347
143.167104 181.041
143.170097 178.933
143.176098 178.911
143.180097 178.197
143.186097 178.197
143.190096 177.519
143.196095 178.213
143.200095 178.213
143.206090 176.799
143.210098 177.485
143.216099 178.197
143.220093 178.213
143.226099 178.933
143.230096 178.933
143.236096 178.911
143.240098 177.519
143.246090 178.213
143.250093 179.611
143.256093 179.611
143.260097 176.799
143.266097 178.197
143.270096 177.496
143.276096 178.197
143.280095 176.782
143.286096 176.782
143.290039 177.485
143.296094 177.485
143.300097 179.605
143.306079 178.197
143.310078 177.496
143.316084 176.782
143.322099 176.082
143.325094 178.191
143.331097 176.782
143.335096 178.911
143.341097 178.933
143.345096 177.519
143.351105 180.314
143.355098 179.611
143.361098 178.241
143.365092 178.966
143.371092 179.627
143.375096 178.911
143.379959 180.314
143.386101 181.019
143.390095 179.611
143.396096 178.911
143.400094 178.197
143.406105 177.519
143.410099 178.241
143.416087 178.241
143.420094 179.611
143.426094 176.782
143.430099 176.071
143.436094 177.485
143.440097 176.799
143.446098 177.519
143.450096 177.519
143.456097 178.213
143.460096 176.799
143.466096 177.496
143.472094 177.485
143.477098 178.899
143.482098 178.899
143.487097 178.197
143.492097 177.485
143.497098 178.197
143.501095 177.485
143.508097 176.782
143.515094 176.782
143.520091 176.082
143.525097 176.082
143.530096 176.082
143.535108 177.496
143.540097 178.899
143.549098 177.496
143.550090 176.799
143.551092 178.213
143.556099 178.241
143.562100 178.933
143.566098 180.325
143.571098 180.325
143.577097 179.627
143.585105 178.911
143.587088 178.197
143.590099 176.082
143.596101 175.385
143.600098 177.485
143.606098 178.191
143.621097 178.197
143.624088 178.911
143.625097 179.655
143.632098 178.966
143.634100 179.694
143.641098 181.069
143.642091 181.069
143.647098 180.347
143.651098 178.911
143.655090 178.191
143.665098 176.777
143.667093 176.777
143.670098 176.782
143.676099 178.197
143.680102 178.197
143.693105 178.213
143.696089 179.627
143.697097 178.241
143.702108 177.519
143.718092 177.553
143.727101 176.867
143.729095 178.241
143.730089 178.241
143.731091 178.197
143.736100 178.191
143.740098 175.368
143.746094 178.197
143.750097 179.627
143.756101 177.485
143.760100 178.191
143.766099 177.496
143.770101 177.496
143.776099 178.197
143.782095 177.496
143.786099 178.899
143.792099 176.799
143.796098 176.782
143.802105 176.071
143.820044 177.485
143.821100 177.485
143.822093 178.197
143.827101 178.213
143.834102 177.519
143.841099 178.197
143.842090 176.782
143.848101 176.777
143.852097 173.254
143.856098 176.071
143.862099 174.657
143.868100 176.777
143.870103 178.191
143.877099 180.314
143.880093 179.611
143.902101 181.025
143.905095 180.325
143.910099 178.933
143.911090 178.213
143.912091 176.777
143.917095 177.496
143.921102 176.082
143.935103 176.071
143.937092 176.782
143.940091 179.605
143.941094 180.347
143.946098 181.069
143.950102 180.347
143.956098 180.347
143.960101 177.553
143.966102 177.519
143.970100 177.496
143.976101 176.105
143.980099 176.105
143.986106 176.799
143.991102 178.213
143.995101 179.655
144.001102 181.761
144.007101 182.455
144.011101 181.069
144.015100 178.933
144.021100 176.782
144.025103 176.071
144.031099 174.668
144.036106 176.782
144.040100 178.911
144.046096 179.627
144.050100 180.325
144.056103 181.041
144.060102 183.153
144.066102 181.069
144.070100 181.739
144.076102 180.325
144.080101 178.911
144.092101 177.485
144.096100 175.362
144.097097 176.782
144.102101 174.657
144.106101 176.777
144.112101 175.385
144.116101 177.496
144.125098 178.213
144.131097 178.933
144.132091 178.241
144.135101 178.933
144.141101 178.933
144.145113 178.933
144.151106 178.213
144.155099 178.911
144.161100 178.197
144.165103 178.911
144.171104 178.933
144.175102 176.782
144.181099 177.496
144.185111 177.485
144.191102 178.191
144.195101 176.082
144.201101 176.105
144.205099 177.519
144.211100 177.553
144.215104 177.553
144.221098 177.519
144.225102 177.496
144.231097 176.799
144.235097 178.197
144.241101 179.611
144.244966 179.627
144.251100 181.728
144.255103 178.899
144.261103 178.899
144.265101 176.777
144.271100 176.071
144.275099 176.071
144.281101 176.777
144.285104 176.777
144.291101 176.782
144.295100 178.213
144.301100 178.933
144.307101 178.966
144.312107 180.347
144.315095 180.347
144.321033 178.933
144.325097 176.828
144.331104 176.105
144.335102 178.191
144.341100 176.071
144.348101 176.071
144.351104 178.191
144.356103 178.197
144.360102 179.611
144.366102 180.314
144.371102 179.627
144.375100 178.933
144.381101 178.281
144.397103 178.966
144.407104 178.241
144.416104 180.325
144.419081 179.611
144.419963 181.728
144.421050 179.605
144.428053 179.611
144.431053 178.899
144.436053 178.191
144.443054 178.899
144.445978 178.191
144.451105 177.485
144.455103 178.191
144.461103 177.485
144.466102 176.782
144.471101 176.082
144.487111 175.385
144.489101 177.496
144.492094 178.911
144.501105 180.325
144.502093 178.933
144.505107 180.325
144.511102 178.899
144.526100 178.191
144.531105 179.611
144.536104 178.911
144.550104 178.933
144.551095 178.933
144.552096 177.496
144.557104 180.314
144.569105 177.519
144.574103 179.627
144.575095 179.655
144.585107 179.655
144.590106 178.966
144.591094 180.325
144.592095 178.933
144.597102 179.627
144.605105 178.933
144.607099 180.347
144.621491 181.025
144.622097 179.611
144.624099 179.611
144.631103 176.782
144.632096 174.657
144.640106 175.368
144.654112 176.071
144.662107 176.071
144.664099 176.782
144.677105 178.213
144.687104 178.213
144.695104 176.105
144.696096 176.782
144.701104 176.777
144.702096 177.485
144.707105 176.777
144.710107 178.191
144.715108 178.197
144.723099 178.197
144.726101 178.899
144.741104 177.519
144.742096 178.213
144.747095 178.241
144.749106 178.966
144.751095 179.627
144.757104 178.911
144.766107 177.496
144.767091 176.105
144.782120 176.799
144.784096 179.605
144.785101 178.911
144.790104 180.314
144.799107 180.314
144.803106 179.611
144.814107 177.496
144.815099 178.899
144.816096 178.911
144.830110 179.627
144.831097 182.455
144.832097 181.041
144.837106 180.325
144.862107 180.325
144.865101 178.911
144.870109 178.197
144.871101 176.782
144.872107 177.496
144.877104 178.911
144.885107 178.911
144.887095 177.519
144.892108 178.911
144.895106 176.828
144.900107 177.519
144.917108 177.519
144.920103 179.611
144.934110 179.611
144.935098 180.314
144.936098 179.611
144.941109 177.485
144.948101 176.777
144.951103 178.197
144.956103 177.485
144.972116 178.197
144.975109 179.611
144.976096 178.197
144.984114 178.197
144.991109 177.496
144.992096 176.105
144.997104 178.213
145.007107 178.911
145.009102 178.213
145.016107 179.611
145.021106 178.191
145.022097 176.777
145.027102 177.485
145.029108 176.782
145.036110 177.485
145.039115 178.899
145.043103 178.899
145.046106 178.197
145.051107 178.213
145.060108 177.519
145.062105 178.213
145.065100 178.213
145.071109 177.519
145.077110 177.496
145.080099 176.782
145.086108 176.071
145.091108 177.485
145.096102 178.899
145.100099 176.782
145.108108 177.485
145.136108 178.197
145.141107 178.899
145.151113 178.899
145.152099 177.485
145.157106 178.899
145.159099 178.911
145.163111 180.325
145.166109 181.025
145.171108 180.325
145.191108 180.314
145.206113 180.314
145.207101 179.605
145.209103 177.485
145.231105 179.611
145.232097 178.933
145.237111 181.739
145.239099 178.966
145.243101 178.966
145.246100 180.325
145.251109 179.611
145.255106 180.314
145.265111 179.611
145.270112 178.899
145.271099 179.605
145.276105 180.314
145.285109 179.605
145.287097 178.899
145.292105 181.019
145.296108 178.899
145.302109 180.325
145.308109 177.485
145.311106 178.899
145.316104 178.197
145.320054 178.911
145.326094 178.241
145.331100 178.933
145.336103 178.933
145.341106 178.241
145.349104 176.828
145.351102 178.197
145.357106 178.197
145.360099 176.782
145.366109 176.777
145.371108 178.197
145.375107 176.777
145.385054 177.485
145.390118 176.782
145.395108 177.496
145.396101 177.519
145.403110 178.213
145.406107 178.911
145.411108 177.519
145.416111 178.213
145.420105 178.213
145.427082 178.911
145.430102 179.611
145.435110 178.899
145.440115 178.899
145.449106 178.191
145.454109 176.777
145.456098 176.071
145.462109 176.071
145.471112 176.782
145.479110 176.782
145.480102 177.485
145.487111 176.777
145.489100 178.899
145.494108 176.828
145.496102 176.867
145.502110 178.281
145.508110 177.598
145.511107 178.933
145.516103 178.213
145.525109 178.197
145.527158 176.782
145.532105 178.911
145.535109 178.213
145.542111 177.496
145.548110 177.496
145.551101 178.197
145.556109 177.485
145.560110 178.191
145.566110 179.605
145.571110 178.213
145.580109 179.611
145.582110 180.325
145.588112 181.739
145.599111 177.519
145.604111 178.899
145.606109 177.485
145.611113 176.071
145.612100 177.485
145.620111 176.782
145.622112 175.368
145.627111 177.496
145.632104 176.782
145.635114 176.777
145.640112 177.485
145.647109 178.191
145.655112 178.197
145.656104 178.899
145.665111 179.605
145.670106 178.197
145.680113 178.197
145.687109 177.485
145.696112 178.899
145.699110 178.191
145.700103 178.197
145.701103 177.496
145.708108 175.368
145.711111 174.668
145.716111 175.385
145.725112 174.657
145.727101 176.782
145.735107 175.362
145.736104 175.368
145.741119 176.782
145.748105 176.782
145.751105 176.082
145.757109 175.385
145.763115 176.071
145.766112 175.362
145.771112 175.368
145.780110 174.668
145.782107 174.668
145.785111 172.54
145.797111 171.828
145.800102 174.668
145.807111 176.082
145.809108 176.782
145.814112 176.071
145.816104 175.368
145.822113 176.082
145.828114 177.485
145.831103 176.071
145.836106 175.368
145.845111 174.657
145.847104 173.948
145.852108 174.657
145.855111 176.082
145.863112 173.948
145.869111 176.071
145.871106 176.071
145.877109 173.948
145.881113 174.657
145.886113 176.071
145.891111 176.071
145.896111 175.368
145.900110 175.362
145.908118 176.071
145.911113 175.368
145.916112 175.368
145.920115 177.485
145.926113 176.782
145.930978 175.368
145.935065 176.071
145.941065 175.362
145.955069 176.082
145.956056 176.782
145.957060 177.496
145.965066 176.071
145.967056 178.197
145.972065 177.485
145.976064 177.485
145.982065 178.899
145.988066 178.197
145.995066 179.611
146.011066 177.496
146.012056 178.197
146.014066 176.782
146.016056 177.485
146.022065 177.485
146.028066 176.071
146.030970 176.071
146.036059 176.782
146.055071 176.799
146.056109 178.911
146.061115 178.911
146.062104 178.899
146.067117 176.777
146.071115 176.071
146.087115 176.782
146.089108 176.799
146.094115 175.385
146.096103 175.385
146.099114 176.082
146.107112 176.782
146.110115 177.485
146.111102 178.197
146.116115 177.485
146.120106 176.071
146.127111 176.782
146.132086 175.368
146.135112 176.105
146.140106 175.385
146.166112 174.668
146.176111 174.668
146.190122 174.657
146.206116 174.657
146.207109 175.362
146.209117 174.657
146.216117 178.899
146.225115 178.197
146.230114 181.025
146.235107 180.325
146.236106 177.485
146.237115 176.071
146.258116 173.954
146.261109 173.971
146.262104 175.414
146.264105 174.668
146.268113 174.657
146.275113 175.385
146.276112 178.911
146.288111 179.655
146.291114 180.38
146.292108 178.281
146.300119 176.139
146.302117 174.657
146.326133 174.668
146.329111 174
146.334099 175.454
146.337986 175.505
146.341071 173.971
146.342057 174.657
146.347068 175.362
146.351064 176.071
146.357069 176.782
146.360053 176.782
146.366068 178.191
146.375068 174.668
146.376064 177.485
146.381067 177.485
146.388067 178.191
146.391067 178.197
146.399069 178.191
146.406067 178.191
146.407058 178.197
146.412068 176.782
146.416067 175.362
146.422068 174.657
146.428068 174.657
146.431068 177.485
146.436062 178.191
146.445070 179.605
146.447060 180.314
146.452067 179.627
146.455069 178.933
146.477069 180.325
146.479058 178.213
146.483067 176.782
146.486069 177.496
146.487059 175.368
146.501067 175.385
146.504058 176.799
146.511069 175.362
146.512060 177.485
146.517068 177.496
146.535058 178.911
146.536097 178.241
146.541118 179.627
146.542106 176.071
146.547115 175.368
146.551112 174.668
146.560123 172.54
146.567114 174.668
146.576117 175.362
146.592123 177.496
146.606121 177.496
146.607109 178.197
146.609111 177.496
146.614118 173.948
146.619117 175.362
146.623116 176.782
146.630109 178.197
146.631095 177.485
146.636070 176.777
146.640112 175.368
146.647119 176.082
146.652116 174.668
146.655117 175.385
146.662115 176.082
146.667118 174.657
146.670115 176.071
146.675115 176.782
