(130.106525,0.000000),(0.007989,0.000000)
(0.504163,0.860840),(0.000607,-0.001413)
(-0.135904,-0.148703),(-0.008872,-0.000543)
(-0.232008,-0.040300),(0.001839,0.005490)
(0.087110,0.047349),(0.005416,-0.000174)
(-0.169422,0.022484),(-0.003695,0.012634)
(0.021612,-0.013204),(-0.001908,-0.002745)
(0.020761,0.008470),(0.009210,0.009206)
(0.055064,0.083947),(-0.005534,0.000642)
(-0.033458,0.010348),(-0.008653,-0.000655)
(0.043793,0.040137),(-0.006651,0.006632)
(0.001159,0.041115),(0.004113,-0.001864)
(-0.052475,0.016345),(-0.006157,0.006710)
(0.053348,-0.026240),(0.000140,-0.002348)
(0.015297,0.059128),(0.004268,0.005203)
(-0.008330,-0.020995),(0.004500,0.001359)
(0.037852,-0.011920),(-0.005858,0.002645)
(0.036278,0.030692),(0.001481,0.004996)
(0.005099,-0.010210),(0.001771,0.000877)
(0.038379,-0.013489),(0.006867,0.001976)
(-0.003566,-0.042585),(-0.005643,-0.000816)
(0.034982,0.044693),(0.005169,0.005936)
(-0.034466,-0.077890),(-0.002265,-0.001057)
(-0.035526,-0.031841),(-0.006304,-0.008761)
(0.100977,-0.093557),(-0.000396,-0.003304)
(-0.102538,0.007452),(0.005268,-0.001628)
(0.099254,-0.043935),(-0.004096,0.001016)
(-0.034698,0.023416),(-0.000066,-0.006196)
(0.028513,-0.047194),(0.003650,0.000007)
(-0.049967,0.023042),(-0.000570,0.014389)
(0.040348,-0.042253),(-0.013045,0.011245)
(-0.014633,0.007158),(-0.000919,0.000050)
(0.032368,-0.014598),(0.009065,0.003674)
(0.041599,0.048861),(0.002979,-0.004177)
(0.026274,0.076444),(0.002838,-0.011109)
(0.013477,0.031304),(0.002648,0.001107)
(0.019500,0.010330),(0.002571,-0.010208)
(0.051650,-0.032140),(-0.007157,0.001295)
(0.012265,-0.039819),(-0.002695,0.015217)
(0.083084,0.006259),(0.002622,0.001082)
(0.089758,-0.013956),(-0.018126,0.005395)
(-0.044358,0.044541),(0.003375,-0.004995)
(-0.059378,0.024180),(0.006826,0.003188)
(0.055564,0.014689),(-0.011199,0.009732)
(-0.043959,0.042133),(-0.005417,-0.010480)
(-0.005940,-0.000696),(-0.002555,0.002947)
(0.033156,0.001227),(-0.009905,-0.005474)
(0.040938,0.039278),(-0.001696,0.004618)
(0.000519,0.012469),(-0.001322,0.001444)
(0.009306,0.009523),(-0.005001,-0.003707)
(-0.014408,0.012916),(-0.008210,-0.011238)
(-0.005264,0.031183),(0.001674,-0.005257)
(0.024287,0.035791),(-0.004132,-0.003197)
(-0.001901,0.039541),(0.008843,0.004655)
(-0.042516,0.015254),(-0.002410,0.001923)
(-0.015764,0.012045),(-0.003912,0.003788)
(0.023582,0.042638),(0.005303,0.000944)
(-0.036477,0.036982),(0.001904,0.000547)
(0.000093,0.012910),(-0.002416,0.001616)
(-0.010510,-0.005257),(-0.011756,-0.005419)
(0.008697,0.009141),(-0.010703,-0.015891)
(0.013274,0.007998),(0.005055,-0.004698)
(-0.022434,-0.009985),(-0.003595,0.008761)
(-0.001221,-0.000399),(0.000333,-0.011507)
(0.020191,-0.011393),(-0.001468,-0.005860)
(0.009767,0.015727),(0.000341,-0.005672)
(0.003779,0.002200),(0.011462,-0.002932)
(0.027864,0.024432),(0.008601,-0.014607)
(0.007213,0.012847),(0.001942,0.007316)
(0.003264,0.015905),(0.004617,-0.002252)
(-0.013128,0.017689),(0.005276,0.000477)
(0.015509,0.020505),(-0.012079,-0.022850)
(-0.010165,0.014337),(-0.007853,-0.008933)
(-0.009608,0.013831),(-0.002964,-0.000328)
(-0.005468,0.019430),(0.016614,0.005044)
(-0.009454,0.028734),(-0.011661,0.005846)
(-0.002182,0.008155),(0.001983,0.009025)
(-0.008426,-0.003691),(-0.010500,0.006534)
(0.013773,0.004438),(0.007956,-0.007848)
(0.016340,0.018369),(-0.006918,-0.013645)
(0.013093,0.001878),(-0.007235,-0.011158)
(0.003223,0.013368),(0.005344,0.005083)
(-0.004912,-0.004449),(-0.008724,-0.005294)
(-0.004128,0.003339),(-0.002624,0.004235)
(0.007078,0.025184),(-0.000213,0.007933)
(0.002653,-0.008798),(0.010520,-0.006159)
(-0.004664,0.004804),(0.003514,0.000577)
(0.026918,0.000272),(0.002041,0.009039)
(-0.004163,-0.002319),(0.002603,0.007926)
(-0.003560,-0.000240),(-0.008571,-0.000716)
(0.007397,0.002636),(0.007926,-0.011075)
(0.008826,-0.011892),(-0.009787,-0.010014)
(-0.015397,0.025458),(-0.003221,-0.004769)
(-0.002724,-0.021180),(0.004785,0.010965)
(-0.017327,0.019324),(0.006055,-0.009400)
(0.003678,0.003401),(-0.003135,-0.003801)
(-0.006585,0.011007),(0.011507,-0.018716)
(0.013847,0.002704),(-0.007691,-0.001249)
(0.007182,0.059500),(0.000049,-0.001906)
(-0.000146,0.011883),(-0.021244,0.003876)
(0.053917,0.019583),(-0.009540,-0.005952)
(0.020625,0.042174),(-0.005903,-0.003896)
(0.013087,-0.072875),(-0.010030,-0.010329)
(0.005822,-0.000963),(0.005675,-0.007034)
(-0.016061,0.012856),(-0.006051,-0.011279)
(-0.048577,0.010257),(-0.004972,-0.006412)
(-0.016815,-0.011684),(0.007032,-0.010572)
(-0.010591,-0.015379),(0.014472,-0.001838)
(-0.038788,-0.022285),(0.002601,0.000955)
(-0.004313,-0.026129),(0.004748,0.011672)
(0.000965,-0.010147),(-0.024029,-0.003037)
(0.005366,-0.000613),(-0.014022,-0.014734)
(0.031134,-0.008254),(-0.009067,-0.007063)
(0.014155,0.008715),(0.012966,-0.006099)
(0.010402,-0.045669),(0.006383,0.001351)
(0.010235,-0.007119),(-0.000175,-0.003705)
(-0.008879,0.014474),(-0.000639,0.000456)
(0.034373,-0.021536),(-0.000181,-0.000061)
(0.026150,0.018540),(0.000378,-0.003903)
(0.051838,-0.007399),(0.001781,0.007285)
(-0.004969,0.015490),(0.000362,0.004601)
(-0.024194,-0.001519),(-0.002389,0.017098)
(0.019045,-0.000138),(-0.007049,0.003345)
(-0.004737,0.008929),(-0.009050,-0.012166)
(0.011814,0.000886),(-0.006470,-0.004176)
(0.002565,-0.011645),(-0.010048,-0.017775)
(0.013378,0.000363),(0.000760,-0.009979)
(-0.013951,0.004106),(0.010147,-0.019207)
(0.024091,-0.001432),(-0.018458,-0.000668)
(0.034176,-0.003258),(0.007340,-0.001415)
(0.040303,0.007714),(0.015446,0.003508)
(0.014739,0.012445),(0.002300,-0.002927)
(0.038761,0.022333),(-0.000167,0.010315)
(-0.004770,0.004101),(-0.009030,0.009241)
(0.009864,0.015873),(0.004062,-0.002640)
(0.013266,0.023253),(0.009480,-0.016268)
(0.002040,0.029937),(0.003445,-0.010217)
(0.009789,0.026250),(-0.008214,0.009837)
(-0.009620,0.025846),(0.010315,0.012840)
(-0.016976,0.010123),(-0.011447,0.005215)
(-0.015821,0.033420),(-0.000491,0.003175)
(-0.007003,0.029310),(0.012662,0.010092)
(-0.013683,0.010629),(-0.000304,-0.006738)
(-0.004308,0.010666),(0.018903,-0.007235)
(0.014283,0.027736),(0.004378,-0.009151)
(-0.002026,0.006998),(0.006049,0.003347)
(0.004172,0.036230),(0.020288,0.009319)
(-0.009160,0.001173),(-0.004123,0.009535)
(-0.004280,0.003900),(-0.000123,-0.003784)
(-0.009403,0.011840),(0.000695,-0.006620)
(-0.021685,0.038824),(-0.004315,-0.002096)
(-0.008298,0.031392),(-0.001873,0.004864)
(0.008433,0.049040),(0.024012,-0.006346)
(0.011659,0.014528),(-0.008338,0.009278)
(0.002946,-0.028762),(-0.009334,0.021708)
(0.010153,0.032921),(-0.002960,0.012925)
(-0.008321,0.000732),(-0.012246,-0.015478)
(0.023807,0.011906),(0.006308,-0.000817)
(0.003846,0.008143),(-0.000452,-0.001424)
(-0.001730,0.007038),(0.008619,0.014129)
(-0.034117,-0.004199),(-0.011140,-0.002758)
(0.028590,0.014493),(-0.016811,0.010815)
(-0.082417,0.015205),(-0.007603,-0.011011)
(0.029290,0.066917),(-0.003073,0.006252)
(-0.026340,0.020449),(0.008800,-0.001462)
(-0.029360,0.028253),(0.007074,-0.000429)
(-0.046373,-0.015994),(0.005909,-0.002355)
(0.027752,0.006772),(-0.005068,0.003504)
(-0.035520,0.029064),(0.014452,0.007453)
(-0.022738,0.030261),(0.007204,0.000710)
(-0.019852,-0.060012),(0.001128,0.006124)
(-0.016531,0.005620),(-0.006229,-0.005618)
(0.002569,-0.044834),(-0.002577,-0.001603)
(-0.033581,0.030787),(0.009346,0.008194)
(0.074755,-0.020482),(-0.000322,0.002403)
(0.015979,-0.094155),(-0.011370,0.006357)
(-0.016877,0.059508),(-0.000969,-0.009247)
(-0.011392,0.065509),(0.002287,0.006780)
(-0.108591,-0.071604),(0.000011,-0.019236)
(0.028368,-0.121595),(-0.004366,0.017892)
(0.205581,0.027419),(0.000014,-0.006690)
(0.077174,0.086895),(-0.004720,-0.005123)
(0.026043,0.008859),(0.004249,0.004928)
(-0.057402,0.033366),(-0.000348,0.001509)
(-0.050052,0.131897),(-0.004162,0.000734)
(0.091173,0.025791),(0.000410,0.006632)
(-0.003868,-0.033898),(0.002958,-0.005433)
(0.076144,-0.011340),(0.002478,-0.007564)
(-0.100996,0.065203),(-0.007573,-0.007425)
(-0.031166,0.011835),(0.025442,0.017383)
(-0.004622,0.036476),(0.010917,0.001883)
(0.030336,0.023400),(0.001499,0.015943)
(0.030459,-0.013947),(-0.002848,0.000090)
(0.020542,-0.009670),(0.009412,-0.005482)
(-0.057957,0.094666),(0.005458,-0.008457)
(-0.123212,0.033561),(-0.009034,0.008274)
(-0.009961,0.025797),(0.002946,0.000290)
(-0.038502,0.036584),(0.007385,0.007666)
(-0.001811,0.025030),(-0.002424,0.006719)
(-0.074551,0.014045),(0.015705,0.016957)
(-0.071691,-0.064532),(-0.003477,0.006906)
(-0.093092,-0.017043),(0.006983,0.001948)
(-0.082557,-0.122975),(0.006202,-0.007513)
(0.002037,-0.023224),(0.004662,0.006810)
(-0.034818,0.031412),(0.009162,0.002870)
(-0.060901,0.025043),(-0.014252,0.002169)
(-0.079231,0.026813),(0.007948,0.014195)
(-0.038971,0.023454),(-0.001928,-0.006551)
(0.045250,-0.034375),(-0.004481,-0.010105)
(-0.018918,-0.054586),(-0.008898,0.007304)
(0.061496,-0.032532),(-0.003562,0.007882)
(0.093434,-0.020827),(-0.007469,-0.010270)
(0.065566,-0.004300),(-0.001965,0.004025)
(-0.019836,0.079282),(0.004138,0.017774)
(0.062576,0.129085),(0.008932,0.004808)
(0.006360,0.078930),(-0.001833,0.003672)
(-0.035378,-0.005242),(-0.002107,0.012942)
(-0.053339,-0.038658),(-0.028248,0.010722)
(-0.036454,-0.050511),(-0.009782,-0.018280)
(0.023153,0.032506),(0.008261,-0.004039)
(-0.098474,-0.066826),(-0.004632,-0.001392)
(0.095750,0.002956),(-0.011686,0.000586)
(0.007058,0.000364),(-0.006859,0.005649)
(-0.052848,-0.030267),(0.003472,0.005653)
(-0.001360,0.018935),(-0.002930,-0.009226)
(-0.040674,0.046807),(-0.008836,0.007012)
(-0.005493,0.027027),(0.019647,-0.001230)
(-0.165612,0.000097),(-0.006949,-0.006723)
(0.118545,0.056123),(0.009972,-0.000035)
(-0.117437,0.128281),(-0.002001,-0.003949)
(0.085187,-0.050549),(-0.004628,0.004956)
(-0.017377,-0.037899),(0.008890,-0.006397)
(0.047380,-0.043919),(-0.018146,0.010388)
(-0.079607,0.027037),(0.007789,-0.013103)
(0.052748,0.006917),(0.015465,-0.006236)
(-0.098636,0.043211),(0.008649,-0.004697)
(-0.074385,-0.092022),(-0.011900,0.005912)
(0.036687,0.026253),(-0.002580,-0.006874)
(0.052048,-0.053570),(-0.012463,-0.005940)
(-0.038857,0.057867),(0.013566,0.000076)
(0.035109,0.030081),(0.002552,0.005713)
(-0.086444,-0.016077),(0.006578,-0.002571)
(0.007501,0.009918),(-0.005117,-0.007517)
(0.041942,-0.010335),(0.004341,-0.005837)
(-0.045571,0.010173),(-0.006017,-0.010026)
(0.069684,0.052901),(-0.003090,-0.005167)
(-0.067059,-0.074918),(0.016383,0.005999)
(-0.072501,0.029394),(0.000089,0.005585)
(0.091341,0.027861),(-0.027464,0.001682)
(-0.032384,-0.012061),(0.004650,-0.005560)
(-0.007813,0.077870),(0.010266,-0.013391)
(-0.041709,0.010035),(0.011078,0.008755)
(-0.041384,-0.022785),(-0.022229,-0.001274)
(0.064449,-0.078375),(-0.009398,0.003291)
(-0.088055,0.014106),(-0.000629,0.000051)
(0.030899,0.012026),(0.003164,-0.001723)
(-0.033641,-0.004214),(0.015916,0.012727)
(-0.033334,-0.002780),(-0.007023,0.016115)
(-0.020901,-0.055360),(-0.002521,-0.003346)
(-0.004709,-0.032425),(-0.004043,-0.002086)
(0.010365,0.038955),(0.014066,-0.009964)
(-0.010681,-0.021994),(0.001467,-0.013536)
(-0.054196,0.015078),(0.000082,0.015476)
(0.022651,-0.012104),(-0.011253,0.002661)
(-0.017010,-0.030266),(0.012030,-0.003409)
(0.026076,0.099365),(-0.009861,-0.011041)
(-0.079417,-0.027196),(0.011436,0.010286)
(-0.042911,0.028398),(-0.009578,-0.002498)
(-0.014720,-0.021296),(-0.012148,0.002009)
(0.007045,0.016819),(-0.016986,-0.001289)
(-0.029966,-0.007050),(0.004536,-0.006085)
(0.041488,0.018351),(-0.003281,0.002220)
(-0.011031,0.009602),(0.001806,-0.004121)
(0.007567,-0.002501),(-0.007361,0.003905)
(0.025643,-0.036593),(0.007922,-0.010108)
(0.007190,-0.012578),(-0.012365,0.000800)
(0.043876,-0.010868),(-0.004231,-0.000986)
(0.023962,0.006409),(0.007440,-0.018223)
(0.016522,-0.016154),(-0.012038,0.008296)
(0.002404,-0.006020),(-0.004672,-0.023120)
(-0.003551,-0.039850),(-0.002183,-0.001830)
(-0.015010,-0.007284),(-0.003394,-0.003155)
(0.041441,0.032259),(0.013379,-0.000592)
(-0.036028,0.000282),(0.010195,0.002726)
(-0.014802,0.003705),(0.004412,-0.010367)
(0.004880,0.036343),(-0.026267,0.001927)
(-0.017743,-0.021415),(0.019717,0.011162)
(-0.008630,0.062102),(0.014112,-0.009415)
(-0.019523,0.000504),(-0.005444,-0.003677)
(-0.023647,0.002718),(-0.002721,-0.019884)
(-0.007353,-0.009035),(-0.006715,0.002581)
(-0.060528,-0.018189),(0.013873,-0.007964)
(-0.018295,0.058899),(0.006317,-0.014056)
(0.004981,0.031160),(0.005385,0.003599)
(0.003626,-0.030432),(-0.001798,-0.008562)
(-0.027405,0.005853),(-0.003452,0.000848)
(-0.027061,0.026246),(0.005030,0.018139)
(0.023193,-0.055682),(-0.007325,0.016923)
(-0.050868,0.037403),(0.015858,-0.003505)
(-0.000997,0.026381),(0.004762,-0.005120)
(-0.055777,0.008241),(-0.018627,-0.016384)
(0.066906,0.017241),(-0.008256,0.006198)
(0.008797,-0.016120),(-0.014885,-0.006973)
(-0.005291,-0.021096),(-0.014656,0.010048)
(0.015962,0.026303),(-0.003652,0.010891)
(-0.020705,-0.023279),(0.023482,0.008617)
(-0.004487,0.059697),(0.010072,-0.004179)
(0.064337,-0.069542),(0.009022,0.007046)
(-0.026544,-0.023895),(-0.001292,-0.030506)
(0.025449,-0.007036),(-0.000350,0.004247)
(0.015868,-0.011550),(-0.016195,-0.001613)
(0.014764,0.033595),(0.004136,0.006847)
(-0.026567,-0.053708),(0.003519,0.002259)
(-0.059733,-0.017004),(-0.000288,0.014516)
(-0.021353,0.000294),(0.003508,0.017867)
(-0.009469,-0.034270),(0.000509,-0.015436)
(0.004781,-0.007943),(0.010290,-0.002359)
(-0.030377,-0.016065),(0.000374,0.006491)
(-0.039925,-0.005551),(0.001583,0.005347)
(-0.036285,-0.013263),(0.000921,0.005548)
(0.032455,0.030179),(-0.016728,0.000319)
(0.020514,-0.019627),(0.008528,-0.000677)
(0.015934,0.001878),(0.000527,-0.016876)
(-0.005822,0.034843),(0.004520,0.018670)
(-0.016254,-0.011788),(0.000971,0.011771)
(-0.006536,-0.008741),(-0.007638,-0.008059)
(0.009991,0.001954),(-0.011275,-0.015263)
(0.006238,-0.037774),(0.013313,0.015747)
(-0.052500,-0.021734),(-0.012616,0.004883)
(-0.001770,-0.031081),(0.006944,-0.005910)
(-0.007831,-0.006590),(-0.000025,0.001261)
(0.039188,0.027527),(-0.007540,0.001871)
(-0.000975,-0.024167),(-0.000181,-0.011253)
(0.014920,0.007341),(0.018985,-0.005793)
(-0.025308,0.010158),(-0.008757,-0.002710)
(0.005554,0.003525),(0.009476,0.005771)
(0.025754,0.008103),(-0.003066,-0.014361)
(-0.029798,-0.030488),(-0.007366,-0.005883)
(0.005860,0.007222),(0.003758,0.007399)
(0.000564,0.026156),(0.026910,0.019880)
(0.000044,0.002868),(-0.001557,0.003934)
(-0.003311,0.001307),(-0.009572,-0.021097)
(0.027431,0.008803),(-0.017464,-0.021143)
(0.007048,0.004868),(0.006618,-0.000836)
(-0.033634,-0.025215),(0.021149,-0.010968)
(-0.015782,-0.015860),(0.005755,0.012488)
(-0.012356,-0.044508),(0.008304,0.004507)
(-0.012788,-0.006627),(0.019982,-0.019090)
(-0.022355,0.010936),(-0.005445,0.004100)
(-0.025290,-0.011029),(0.013097,-0.016190)
(0.001000,0.003013),(0.011113,0.001550)
(0.013500,-0.008280),(0.004938,-0.011748)
(0.024054,0.005144),(-0.018691,-0.003812)
(0.017312,0.021285),(0.012691,0.021745)
(-0.002692,-0.000057),(-0.012817,0.002949)
(-0.000278,-0.002063),(-0.013274,0.023456)
(0.015622,-0.001727),(0.004364,0.020051)
(0.015999,0.013619),(-0.004236,0.013448)
(-0.003353,0.007209),(0.008849,-0.013701)
(0.002411,0.019939),(0.001035,-0.008818)
(-0.001764,0.001629),(-0.005556,0.007792)
(-0.001745,0.001914),(0.022047,-0.011412)
(-0.008137,0.007979),(-0.010201,0.014678)
(0.002645,0.009241),(0.013288,0.018635)
(-0.002858,-0.002418),(0.030626,0.021314)
(-0.006523,-0.003258),(-0.001239,0.011086)
(0.017118,-0.007759),(-0.002808,0.019378)
(0.005413,0.006765),(0.005496,0.004585)
(0.034418,0.004572),(-0.007446,-0.010365)
(-0.007414,0.028677),(-0.008121,0.005219)
(0.021744,0.017666),(-0.013818,0.004282)
(-0.032699,-0.013095),(0.001026,0.017897)
(0.000222,0.008401),(-0.005478,-0.004174)
(-0.010204,-0.022280),(-0.010123,0.021836)
(0.011092,0.036586),(0.000057,0.017502)
(-0.029105,-0.016427),(-0.020088,-0.013910)
(-0.020088,0.013910),(-0.029105,0.016427)
(0.000057,-0.017502),(0.011092,-0.036586)
(-0.010123,-0.021836),(-0.010204,0.022280)
(-0.005478,0.004174),(0.000222,-0.008401)
(0.001026,-0.017897),(-0.032699,0.013095)
(-0.013818,-0.004282),(0.021744,-0.017666)
(-0.008121,-0.005219),(-0.007414,-0.028677)
(-0.007446,0.010365),(0.034418,-0.004572)
(0.005496,-0.004585),(0.005413,-0.006765)
(-0.002808,-0.019378),(0.017118,0.007759)
(-0.001239,-0.011086),(-0.006523,0.003258)
(0.030626,-0.021314),(-0.002858,0.002418)
(0.013288,-0.018635),(0.002645,-0.009241)
(-0.010201,-0.014678),(-0.008137,-0.007979)
(0.022047,0.011412),(-0.001745,-0.001914)
(-0.005556,-0.007792),(-0.001764,-0.001629)
(0.001035,0.008818),(0.002411,-0.019939)
(0.008849,0.013701),(-0.003353,-0.007209)
(-0.004236,-0.013448),(0.015999,-0.013619)
(0.004364,-0.020051),(0.015622,0.001727)
(-0.013274,-0.023456),(-0.000278,0.002063)
(-0.012817,-0.002949),(-0.002692,0.000057)
(0.012691,-0.021745),(0.017312,-0.021285)
(-0.018691,0.003812),(0.024054,-0.005144)
(0.004938,0.011748),(0.013500,0.008280)
(0.011113,-0.001550),(0.001000,-0.003013)
(0.013097,0.016190),(-0.025290,0.011029)
(-0.005445,-0.004100),(-0.022355,-0.010936)
(0.019982,0.019090),(-0.012788,0.006627)
(0.008304,-0.004507),(-0.012356,0.044508)
(0.005755,-0.012488),(-0.015782,0.015860)
(0.021149,0.010968),(-0.033634,0.025215)
(0.006618,0.000836),(0.007048,-0.004868)
(-0.017464,0.021143),(0.027431,-0.008803)
(-0.009572,0.021097),(-0.003311,-0.001307)
(-0.001557,-0.003934),(0.000044,-0.002868)
(0.026910,-0.019880),(0.000564,-0.026156)
(0.003758,-0.007399),(0.005860,-0.007222)
(-0.007366,0.005883),(-0.029798,0.030488)
(-0.003066,0.014361),(0.025754,-0.008103)
(0.009476,-0.005771),(0.005554,-0.003525)
(-0.008757,0.002710),(-0.025308,-0.010158)
(0.018985,0.005793),(0.014920,-0.007341)
(-0.000181,0.011253),(-0.000975,0.024167)
(-0.007540,-0.001871),(0.039188,-0.027527)
(-0.000025,-0.001261),(-0.007831,0.006590)
(0.006944,0.005910),(-0.001770,0.031081)
(-0.012616,-0.004883),(-0.052500,0.021734)
(0.013313,-0.015747),(0.006238,0.037774)
(-0.011275,0.015263),(0.009991,-0.001954)
(-0.007638,0.008059),(-0.006536,0.008741)
(0.000971,-0.011771),(-0.016254,0.011788)
(0.004520,-0.018670),(-0.005822,-0.034843)
(0.000527,0.016876),(0.015934,-0.001878)
(0.008528,0.000677),(0.020514,0.019627)
(-0.016728,-0.000319),(0.032455,-0.030179)
(0.000921,-0.005548),(-0.036285,0.013263)
(0.001583,-0.005347),(-0.039925,0.005551)
(0.000374,-0.006491),(-0.030377,0.016065)
(0.010290,0.002359),(0.004781,0.007943)
(0.000509,0.015436),(-0.009469,0.034270)
(0.003508,-0.017867),(-0.021353,-0.000294)
(-0.000288,-0.014516),(-0.059733,0.017004)
(0.003519,-0.002259),(-0.026567,0.053708)
(0.004136,-0.006847),(0.014764,-0.033595)
(-0.016195,0.001613),(0.015868,0.011550)
(-0.000350,-0.004247),(0.025449,0.007036)
(-0.001292,0.030506),(-0.026544,0.023895)
(0.009022,-0.007046),(0.064337,0.069542)
(0.010072,0.004179),(-0.004487,-0.059697)
(0.023482,-0.008617),(-0.020705,0.023279)
(-0.003652,-0.010891),(0.015962,-0.026303)
(-0.014656,-0.010048),(-0.005291,0.021096)
(-0.014885,0.006973),(0.008797,0.016120)
(-0.008256,-0.006198),(0.066906,-0.017241)
(-0.018627,0.016384),(-0.055777,-0.008241)
(0.004762,0.005120),(-0.000997,-0.026381)
(0.015858,0.003505),(-0.050868,-0.037403)
(-0.007325,-0.016923),(0.023193,0.055682)
(0.005030,-0.018139),(-0.027061,-0.026246)
(-0.003452,-0.000848),(-0.027405,-0.005853)
(-0.001798,0.008562),(0.003626,0.030432)
(0.005385,-0.003599),(0.004981,-0.031160)
(0.006317,0.014056),(-0.018295,-0.058899)
(0.013873,0.007964),(-0.060528,0.018189)
(-0.006715,-0.002581),(-0.007353,0.009035)
(-0.002721,0.019884),(-0.023647,-0.002718)
(-0.005444,0.003677),(-0.019523,-0.000504)
(0.014112,0.009415),(-0.008630,-0.062102)
(0.019717,-0.011162),(-0.017743,0.021415)
(-0.026267,-0.001927),(0.004880,-0.036343)
(0.004412,0.010367),(-0.014802,-0.003705)
(0.010195,-0.002726),(-0.036028,-0.000282)
(0.013379,0.000592),(0.041441,-0.032259)
(-0.003394,0.003155),(-0.015010,0.007284)
(-0.002183,0.001830),(-0.003551,0.039850)
(-0.004672,0.023120),(0.002404,0.006020)
(-0.012038,-0.008296),(0.016522,0.016154)
(0.007440,0.018223),(0.023962,-0.006409)
(-0.004231,0.000986),(0.043876,0.010868)
(-0.012365,-0.000800),(0.007190,0.012578)
(0.007922,0.010108),(0.025643,0.036593)
(-0.007361,-0.003905),(0.007567,0.002501)
(0.001806,0.004121),(-0.011031,-0.009602)
(-0.003281,-0.002220),(0.041488,-0.018351)
(0.004536,0.006085),(-0.029966,0.007050)
(-0.016986,0.001289),(0.007045,-0.016819)
(-0.012148,-0.002009),(-0.014720,0.021296)
(-0.009578,0.002498),(-0.042911,-0.028398)
(0.011436,-0.010286),(-0.079417,0.027196)
(-0.009861,0.011041),(0.026076,-0.099365)
(0.012030,0.003409),(-0.017010,0.030266)
(-0.011253,-0.002661),(0.022651,0.012104)
(0.000082,-0.015476),(-0.054196,-0.015078)
(0.001467,0.013536),(-0.010681,0.021994)
(0.014066,0.009964),(0.010365,-0.038955)
(-0.004043,0.002086),(-0.004709,0.032425)
(-0.002521,0.003346),(-0.020901,0.055360)
(-0.007023,-0.016115),(-0.033334,0.002780)
(0.015916,-0.012727),(-0.033641,0.004214)
(0.003164,0.001723),(0.030899,-0.012026)
(-0.000629,-0.000051),(-0.088055,-0.014106)
(-0.009398,-0.003291),(0.064449,0.078375)
(-0.022229,0.001274),(-0.041384,0.022785)
(0.011078,-0.008755),(-0.041709,-0.010035)
(0.010266,0.013391),(-0.007813,-0.077870)
(0.004650,0.005560),(-0.032384,0.012061)
(-0.027464,-0.001682),(0.091341,-0.027861)
(0.000089,-0.005585),(-0.072501,-0.029394)
(0.016383,-0.005999),(-0.067059,0.074918)
(-0.003090,0.005167),(0.069684,-0.052901)
(-0.006017,0.010026),(-0.045571,-0.010173)
(0.004341,0.005837),(0.041942,0.010335)
(-0.005117,0.007517),(0.007501,-0.009918)
(0.006578,0.002571),(-0.086444,0.016077)
(0.002552,-0.005713),(0.035109,-0.030081)
(0.013566,-0.000076),(-0.038857,-0.057867)
(-0.012463,0.005940),(0.052048,0.053570)
(-0.002580,0.006874),(0.036687,-0.026253)
(-0.011900,-0.005912),(-0.074385,0.092022)
(0.008649,0.004697),(-0.098636,-0.043211)
(0.015465,0.006236),(0.052748,-0.006917)
(0.007789,0.013103),(-0.079607,-0.027037)
(-0.018146,-0.010388),(0.047380,0.043919)
(0.008890,0.006397),(-0.017377,0.037899)
(-0.004628,-0.004956),(0.085187,0.050549)
(-0.002001,0.003949),(-0.117437,-0.128281)
(0.009972,0.000035),(0.118545,-0.056123)
(-0.006949,0.006723),(-0.165612,-0.000097)
(0.019647,0.001230),(-0.005493,-0.027027)
(-0.008836,-0.007012),(-0.040674,-0.046807)
(-0.002930,0.009226),(-0.001360,-0.018935)
(0.003472,-0.005653),(-0.052848,0.030267)
(-0.006859,-0.005649),(0.007058,-0.000364)
(-0.011686,-0.000586),(0.095750,-0.002956)
(-0.004632,0.001392),(-0.098474,0.066826)
(0.008261,0.004039),(0.023153,-0.032506)
(-0.009782,0.018280),(-0.036454,0.050511)
(-0.028248,-0.010722),(-0.053339,0.038658)
(-0.002107,-0.012942),(-0.035378,0.005242)
(-0.001833,-0.003672),(0.006360,-0.078930)
(0.008932,-0.004808),(0.062576,-0.129085)
(0.004138,-0.017774),(-0.019836,-0.079282)
(-0.001965,-0.004025),(0.065566,0.004300)
(-0.007469,0.010270),(0.093434,0.020827)
(-0.003562,-0.007882),(0.061496,0.032532)
(-0.008898,-0.007304),(-0.018918,0.054586)
(-0.004481,0.010105),(0.045250,0.034375)
(-0.001928,0.006551),(-0.038971,-0.023454)
(0.007948,-0.014195),(-0.079231,-0.026813)
(-0.014252,-0.002169),(-0.060901,-0.025043)
(0.009162,-0.002870),(-0.034818,-0.031412)
(0.004662,-0.006810),(0.002037,0.023224)
(0.006202,0.007513),(-0.082557,0.122975)
(0.006983,-0.001948),(-0.093092,0.017043)
(-0.003477,-0.006906),(-0.071691,0.064532)
(0.015705,-0.016957),(-0.074551,-0.014045)
(-0.002424,-0.006719),(-0.001811,-0.025030)
(0.007385,-0.007666),(-0.038502,-0.036584)
(0.002946,-0.000290),(-0.009961,-0.025797)
(-0.009034,-0.008274),(-0.123212,-0.033561)
(0.005458,0.008457),(-0.057957,-0.094666)
(0.009412,0.005482),(0.020542,0.009670)
(-0.002848,-0.000090),(0.030459,0.013947)
(0.001499,-0.015943),(0.030336,-0.023400)
(0.010917,-0.001883),(-0.004622,-0.036476)
(0.025442,-0.017383),(-0.031166,-0.011835)
(-0.007573,0.007425),(-0.100996,-0.065203)
(0.002478,0.007564),(0.076144,0.011340)
(0.002958,0.005433),(-0.003868,0.033898)
(0.000410,-0.006632),(0.091173,-0.025791)
(-0.004162,-0.000734),(-0.050052,-0.131897)
(-0.000348,-0.001509),(-0.057402,-0.033366)
(0.004249,-0.004928),(0.026043,-0.008859)
(-0.004720,0.005123),(0.077174,-0.086895)
(0.000014,0.006690),(0.205581,-0.027419)
(-0.004366,-0.017892),(0.028368,0.121595)
(0.000011,0.019236),(-0.108591,0.071604)
(0.002287,-0.006780),(-0.011392,-0.065509)
(-0.000969,0.009247),(-0.016877,-0.059508)
(-0.011370,-0.006357),(0.015979,0.094155)
(-0.000322,-0.002403),(0.074755,0.020482)
(0.009346,-0.008194),(-0.033581,-0.030787)
(-0.002577,0.001603),(0.002569,0.044834)
(-0.006229,0.005618),(-0.016531,-0.005620)
(0.001128,-0.006124),(-0.019852,0.060012)
(0.007204,-0.000710),(-0.022738,-0.030261)
(0.014452,-0.007453),(-0.035520,-0.029064)
(-0.005068,-0.003504),(0.027752,-0.006772)
(0.005909,0.002355),(-0.046373,0.015994)
(0.007074,0.000429),(-0.029360,-0.028253)
(0.008800,0.001462),(-0.026340,-0.020449)
(-0.003073,-0.006252),(0.029290,-0.066917)
(-0.007603,0.011011),(-0.082417,-0.015205)
(-0.016811,-0.010815),(0.028590,-0.014493)
(-0.011140,0.002758),(-0.034117,0.004199)
(0.008619,-0.014129),(-0.001730,-0.007038)
(-0.000452,0.001424),(0.003846,-0.008143)
(0.006308,0.000817),(0.023807,-0.011906)
(-0.012246,0.015478),(-0.008321,-0.000732)
(-0.002960,-0.012925),(0.010153,-0.032921)
(-0.009334,-0.021708),(0.002946,0.028762)
(-0.008338,-0.009278),(0.011659,-0.014528)
(0.024012,0.006346),(0.008433,-0.049040)
(-0.001873,-0.004864),(-0.008298,-0.031392)
(-0.004315,0.002096),(-0.021685,-0.038824)
(0.000695,0.006620),(-0.009403,-0.011840)
(-0.000123,0.003784),(-0.004280,-0.003900)
(-0.004123,-0.009535),(-0.009160,-0.001173)
(0.020288,-0.009319),(0.004172,-0.036230)
(0.006049,-0.003347),(-0.002026,-0.006998)
(0.004378,0.009151),(0.014283,-0.027736)
(0.018903,0.007235),(-0.004308,-0.010666)
(-0.000304,0.006738),(-0.013683,-0.010629)
(0.012662,-0.010092),(-0.007003,-0.029310)
(-0.000491,-0.003175),(-0.015821,-0.033420)
(-0.011447,-0.005215),(-0.016976,-0.010123)
(0.010315,-0.012840),(-0.009620,-0.025846)
(-0.008214,-0.009837),(0.009789,-0.026250)
(0.003445,0.010217),(0.002040,-0.029937)
(0.009480,0.016268),(0.013266,-0.023253)
(0.004062,0.002640),(0.009864,-0.015873)
(-0.009030,-0.009241),(-0.004770,-0.004101)
(-0.000167,-0.010315),(0.038761,-0.022333)
(0.002300,0.002927),(0.014739,-0.012445)
(0.015446,-0.003508),(0.040303,-0.007714)
(0.007340,0.001415),(0.034176,0.003258)
(-0.018458,0.000668),(0.024091,0.001432)
(0.010147,0.019207),(-0.013951,-0.004106)
(0.000760,0.009979),(0.013378,-0.000363)
(-0.010048,0.017775),(0.002565,0.011645)
(-0.006470,0.004176),(0.011814,-0.000886)
(-0.009050,0.012166),(-0.004737,-0.008929)
(-0.007049,-0.003345),(0.019045,0.000138)
(-0.002389,-0.017098),(-0.024194,0.001519)
(0.000362,-0.004601),(-0.004969,-0.015490)
(0.001781,-0.007285),(0.051838,0.007399)
(0.000378,0.003903),(0.026150,-0.018540)
(-0.000181,0.000061),(0.034373,0.021536)
(-0.000639,-0.000456),(-0.008879,-0.014474)
(-0.000175,0.003705),(0.010235,0.007119)
(0.006383,-0.001351),(0.010402,0.045669)
(0.012966,0.006099),(0.014155,-0.008715)
(-0.009067,0.007063),(0.031134,0.008254)
(-0.014022,0.014734),(0.005366,0.000613)
(-0.024029,0.003037),(0.000965,0.010147)
(0.004748,-0.011672),(-0.004313,0.026129)
(0.002601,-0.000955),(-0.038788,0.022285)
(0.014472,0.001838),(-0.010591,0.015379)
(0.007032,0.010572),(-0.016815,0.011684)
(-0.004972,0.006412),(-0.048577,-0.010257)
(-0.006051,0.011279),(-0.016061,-0.012856)
(0.005675,0.007034),(0.005822,0.000963)
(-0.010030,0.010329),(0.013087,0.072875)
(-0.005903,0.003896),(0.020625,-0.042174)
(-0.009540,0.005952),(0.053917,-0.019583)
(-0.021244,-0.003876),(-0.000146,-0.011883)
(0.000049,0.001906),(0.007182,-0.059500)
(-0.007691,0.001249),(0.013847,-0.002704)
(0.011507,0.018716),(-0.006585,-0.011007)
(-0.003135,0.003801),(0.003678,-0.003401)
(0.006055,0.009400),(-0.017327,-0.019324)
(0.004785,-0.010965),(-0.002724,0.021180)
(-0.003221,0.004769),(-0.015397,-0.025458)
(-0.009787,0.010014),(0.008826,0.011892)
(0.007926,0.011075),(0.007397,-0.002636)
(-0.008571,0.000716),(-0.003560,0.000240)
(0.002603,-0.007926),(-0.004163,0.002319)
(0.002041,-0.009039),(0.026918,-0.000272)
(0.003514,-0.000577),(-0.004664,-0.004804)
(0.010520,0.006159),(0.002653,0.008798)
(-0.000213,-0.007933),(0.007078,-0.025184)
(-0.002624,-0.004235),(-0.004128,-0.003339)
(-0.008724,0.005294),(-0.004912,0.004449)
(0.005344,-0.005083),(0.003223,-0.013368)
(-0.007235,0.011158),(0.013093,-0.001878)
(-0.006918,0.013645),(0.016340,-0.018369)
(0.007956,0.007848),(0.013773,-0.004438)
(-0.010500,-0.006534),(-0.008426,0.003691)
(0.001983,-0.009025),(-0.002182,-0.008155)
(-0.011661,-0.005846),(-0.009454,-0.028734)
(0.016614,-0.005044),(-0.005468,-0.019430)
(-0.002964,0.000328),(-0.009608,-0.013831)
(-0.007853,0.008933),(-0.010165,-0.014337)
(-0.012079,0.022850),(0.015509,-0.020505)
(0.005276,-0.000477),(-0.013128,-0.017689)
(0.004617,0.002252),(0.003264,-0.015905)
(0.001942,-0.007316),(0.007213,-0.012847)
(0.008601,0.014607),(0.027864,-0.024432)
(0.011462,0.002932),(0.003779,-0.002200)
(0.000341,0.005672),(0.009767,-0.015727)
(-0.001468,0.005860),(0.020191,0.011393)
(0.000333,0.011507),(-0.001221,0.000399)
(-0.003595,-0.008761),(-0.022434,0.009985)
(0.005055,0.004698),(0.013274,-0.007998)
(-0.010703,0.015891),(0.008697,-0.009141)
(-0.011756,0.005419),(-0.010510,0.005257)
(-0.002416,-0.001616),(0.000093,-0.012910)
(0.001904,-0.000547),(-0.036477,-0.036982)
(0.005303,-0.000944),(0.023582,-0.042638)
(-0.003912,-0.003788),(-0.015764,-0.012045)
(-0.002410,-0.001923),(-0.042516,-0.015254)
(0.008843,-0.004655),(-0.001901,-0.039541)
(-0.004132,0.003197),(0.024287,-0.035791)
(0.001674,0.005257),(-0.005264,-0.031183)
(-0.008210,0.011238),(-0.014408,-0.012916)
(-0.005001,0.003707),(0.009306,-0.009523)
(-0.001322,-0.001444),(0.000519,-0.012469)
(-0.001696,-0.004618),(0.040938,-0.039278)
(-0.009905,0.005474),(0.033156,-0.001227)
(-0.002555,-0.002947),(-0.005940,0.000696)
(-0.005417,0.010480),(-0.043959,-0.042133)
(-0.011199,-0.009732),(0.055564,-0.014689)
(0.006826,-0.003188),(-0.059378,-0.024180)
(0.003375,0.004995),(-0.044358,-0.044541)
(-0.018126,-0.005395),(0.089758,0.013956)
(0.002622,-0.001082),(0.083084,-0.006259)
(-0.002695,-0.015217),(0.012265,0.039819)
(-0.007157,-0.001295),(0.051650,0.032140)
(0.002571,0.010208),(0.019500,-0.010330)
(0.002648,-0.001107),(0.013477,-0.031304)
(0.002838,0.011109),(0.026274,-0.076444)
(0.002979,0.004177),(0.041599,-0.048861)
(0.009065,-0.003674),(0.032368,0.014598)
(-0.000919,-0.000050),(-0.014633,-0.007158)
(-0.013045,-0.011245),(0.040348,0.042253)
(-0.000570,-0.014389),(-0.049967,-0.023042)
(0.003650,-0.000007),(0.028513,0.047194)
(-0.000066,0.006196),(-0.034698,-0.023416)
(-0.004096,-0.001016),(0.099254,0.043935)
(0.005268,0.001628),(-0.102538,-0.007452)
(-0.000396,0.003304),(0.100977,0.093557)
(-0.006304,0.008761),(-0.035526,0.031841)
(-0.002265,0.001057),(-0.034466,0.077890)
(0.005169,-0.005936),(0.034982,-0.044693)
(-0.005643,0.000816),(-0.003566,0.042585)
(0.006867,-0.001976),(0.038379,0.013489)
(0.001771,-0.000877),(0.005099,0.010210)
(0.001481,-0.004996),(0.036278,-0.030692)
(-0.005858,-0.002645),(0.037852,0.011920)
(0.004500,-0.001359),(-0.008330,0.020995)
(0.004268,-0.005203),(0.015297,-0.059128)
(0.000140,0.002348),(0.053348,0.026240)
(-0.006157,-0.006710),(-0.052475,-0.016345)
(0.004113,0.001864),(0.001159,-0.041115)
(-0.006651,-0.006632),(0.043793,-0.040137)
(-0.008653,0.000655),(-0.033458,-0.010348)
(-0.005534,-0.000642),(0.055064,-0.083947)
(0.009210,-0.009206),(0.020761,-0.008470)
(-0.001908,0.002745),(0.021612,0.013204)
(-0.003695,-0.012634),(-0.169422,-0.022484)
(0.005416,0.000174),(0.087110,-0.047349)
(0.001839,-0.005490),(-0.232008,0.040300)
(-0.008872,0.000543),(-0.135904,0.148703)
(0.000607,0.001413),(0.504163,-0.860840)
