(129.898802,0.000000),(0.007989,0.000000)
(0.544260,-0.491644),(0.001376,0.003364)
(0.143569,-1.078494),(-0.006329,0.001359)
(0.227015,-0.413445),(-0.010326,0.000806)
(-0.051744,-0.415977),(0.012468,0.009275)
(0.021708,-0.134948),(0.002651,-0.012374)
(0.097366,-0.150323),(0.005960,0.005073)
(0.029569,-0.173381),(0.004880,-0.005070)
(-0.005966,-0.135959),(-0.004660,-0.001237)
(0.051786,-0.056073),(0.006285,-0.009823)
(0.075664,-0.106969),(0.009086,-0.006726)
(0.113242,-0.121657),(0.002456,-0.001473)
(0.007193,-0.176032),(0.007455,-0.004759)
(0.012860,-0.062522),(-0.004118,-0.000690)
(-0.008257,-0.109362),(0.006067,-0.000147)
(0.026522,-0.056688),(0.005824,-0.010478)
(0.005897,-0.087611),(0.003012,0.001320)
(0.030605,-0.052272),(0.006711,-0.001857)
(0.032791,-0.079222),(-0.002984,0.000604)
(-0.013615,-0.127528),(0.005628,-0.007867)
(0.008259,-0.049131),(0.004293,-0.003622)
(0.011302,-0.042538),(0.000741,-0.006351)
(0.087351,-0.021940),(0.002710,0.007932)
(0.042825,-0.017809),(-0.005963,0.003546)
(0.074231,-0.043120),(0.005808,0.001638)
(0.067195,0.064812),(-0.003827,-0.007112)
(0.038746,-0.109052),(-0.001211,0.001368)
(-0.064324,0.009101),(0.001772,0.001274)
(-0.008079,-0.053984),(-0.002766,-0.004892)
(0.001895,0.040845),(0.004029,-0.000440)
(0.067300,-0.018960),(-0.003249,0.001301)
(0.010274,-0.061123),(-0.005861,-0.000055)
(-0.037939,0.028928),(0.010728,-0.003784)
(0.036826,-0.024585),(-0.010505,0.013125)
(0.024303,-0.009167),(0.000599,-0.004204)
(-0.010808,0.001126),(0.001337,0.006868)
(0.010457,-0.035074),(-0.004863,-0.005566)
(0.018055,0.047754),(0.011680,-0.001039)
(-0.013522,-0.000247),(0.017173,-0.002892)
(0.011443,0.008987),(0.012474,0.008503)
(-0.063899,-0.027307),(0.012133,-0.003039)
(0.017894,-0.071870),(0.004003,0.005818)
(0.036047,-0.025305),(-0.000580,-0.011205)
(0.008509,-0.000434),(-0.005438,0.003508)
(0.034768,-0.006083),(0.002247,-0.003645)
(-0.004583,-0.006918),(-0.010499,-0.003101)
(0.007972,-0.020199),(0.001526,0.009895)
(-0.001973,-0.030207),(0.005846,0.004700)
(-0.010368,0.016301),(-0.006799,-0.003088)
(-0.003805,-0.016054),(-0.003339,0.000440)
(0.009483,-0.013553),(0.006997,0.005352)
(0.003325,0.027112),(0.005237,-0.001709)
(0.003160,0.006410),(-0.000152,-0.008894)
(0.006546,-0.008137),(0.000529,-0.000680)
(0.018733,-0.025456),(0.006218,0.002847)
(0.026711,-0.009965),(0.003283,0.001305)
(-0.010178,0.003848),(0.012572,0.008210)
(0.017850,-0.001222),(-0.006148,-0.010591)
(0.010627,0.016247),(0.004842,0.003013)
(0.015774,0.001056),(-0.005950,-0.000242)
(0.020311,-0.006953),(-0.002508,0.001044)
(-0.007296,-0.029087),(0.001687,-0.001205)
(-0.031690,-0.025893),(0.003992,0.004344)
(-0.000759,-0.013927),(-0.011923,0.005624)
(-0.006934,-0.015544),(0.002439,0.008685)
(0.001614,-0.015423),(0.001424,-0.000901)
(-0.027114,0.012380),(0.010689,-0.006522)
(0.026644,0.029275),(0.005214,0.004392)
(0.012963,-0.043850),(0.001893,0.005110)
(-0.007319,-0.007550),(0.001084,0.007897)
(0.012032,0.003635),(-0.005930,-0.003188)
(0.004067,0.011027),(0.015374,-0.004260)
(0.015670,0.000221),(0.008326,0.010055)
(0.008756,-0.013920),(-0.010096,0.001594)
(0.015648,-0.031289),(-0.006415,0.001970)
(-0.017987,0.002152),(0.001807,0.006625)
(0.003341,-0.011458),(0.006774,-0.011276)
(-0.006894,-0.022823),(0.002516,0.004231)
(-0.017105,-0.011598),(-0.007248,-0.001146)
(0.008674,0.006084),(-0.010149,-0.009306)
(0.006799,0.004821),(0.005214,-0.004227)
(-0.005264,-0.004411),(0.000446,0.008269)
(0.027462,0.004654),(0.011380,0.003639)
(-0.006552,-0.012833),(0.011726,0.003471)
(-0.017876,0.010379),(-0.014699,0.003158)
(-0.011887,-0.005065),(0.007056,0.001224)
(0.002173,0.003657),(0.002837,-0.005794)
(0.002532,-0.012033),(0.012283,0.005199)
(0.031791,-0.017662),(0.011108,-0.008483)
(0.017601,-0.022793),(-0.009110,0.000698)
(-0.003535,-0.012400),(0.015491,-0.000390)
(0.011443,0.016175),(0.003485,0.011098)
(-0.010885,-0.010291),(-0.000258,0.001414)
(0.011810,0.023024),(-0.008394,-0.008006)
(0.004937,-0.000637),(0.003493,-0.003263)
(-0.002001,-0.023702),(0.011135,0.009027)
(-0.010572,-0.003465),(0.001954,-0.020337)
(-0.005392,-0.012086),(0.012362,-0.001665)
(0.008412,0.008274),(0.002213,-0.003827)
(-0.004186,0.036855),(0.011217,-0.011081)
(0.029703,-0.037118),(0.003172,-0.008016)
(0.018486,0.029654),(0.001248,0.005343)
(-0.054921,-0.015192),(0.011794,0.000449)
(0.004082,-0.031432),(0.009264,0.000845)
(-0.004041,0.003789),(0.004382,-0.004313)
(-0.018037,-0.019502),(-0.005272,-0.000567)
(-0.000063,-0.007317),(0.007003,-0.014447)
(-0.000813,-0.025367),(-0.012528,-0.011811)
(0.013028,0.000003),(-0.002609,0.008243)
(-0.008831,0.007414),(-0.003427,-0.003496)
(0.023503,-0.001863),(0.000827,0.015956)
(0.012532,-0.002064),(0.006052,0.008681)
(0.008484,0.011887),(-0.005115,-0.011488)
(0.014419,-0.030251),(0.009525,0.011922)
(0.029820,0.008037),(0.008550,-0.001269)
(-0.001250,-0.004605),(-0.001156,0.006372)
(-0.017260,-0.011040),(0.007450,0.003493)
(-0.005992,-0.023306),(0.016925,-0.002300)
(-0.015506,-0.002813),(0.000572,-0.015329)
(-0.037969,-0.001057),(0.006633,0.002126)
(0.016492,-0.020766),(0.006402,-0.009189)
(0.005512,-0.011167),(-0.002091,-0.011686)
(0.019383,0.006711),(0.004905,0.000201)
(0.010189,-0.034287),(0.000039,0.011912)
(-0.005793,-0.000793),(0.012949,-0.000843)
(0.005411,-0.004307),(0.003708,-0.006414)
(-0.006711,0.008030),(-0.003263,0.003406)
(0.015450,-0.022235),(0.005041,0.011169)
(0.011848,0.001171),(-0.009608,0.021421)
(0.014373,-0.001355),(-0.010206,0.007785)
(-0.011877,-0.027276),(0.008119,0.000933)
(-0.005928,0.009741),(0.008355,0.004644)
(0.019785,-0.022142),(0.013570,0.006109)
(-0.006457,-0.024051),(0.005691,0.011542)
(0.035143,0.005562),(0.021835,-0.019240)
(-0.014575,-0.029282),(0.012051,-0.020310)
(0.010543,0.003739),(-0.002000,-0.003760)
(-0.016442,-0.006541),(-0.024568,0.006178)
(0.013735,0.025128),(-0.002673,-0.005341)
(-0.014392,0.004651),(-0.001442,0.001099)
(0.044434,-0.002475),(-0.001123,-0.018662)
(0.008142,-0.014608),(0.003837,-0.004486)
(0.014145,0.018699),(-0.008471,0.007139)
(0.030496,-0.004772),(0.002798,-0.002317)
(-0.011073,-0.007082),(0.014932,0.009874)
(-0.001753,0.007405),(0.014262,-0.000577)
(0.008565,0.002984),(-0.002515,0.006805)
(0.003203,-0.013191),(-0.001116,0.004162)
(0.002402,-0.020399),(0.012540,0.009825)
(0.009082,0.011300),(0.008211,-0.010856)
(-0.024344,-0.002510),(-0.018146,-0.010432)
(0.020747,-0.002016),(0.008635,0.000871)
(0.028759,0.017242),(0.009738,-0.002062)
(-0.038820,-0.015212),(0.018992,0.013484)
(0.007916,-0.005674),(0.004608,0.008526)
(0.017965,-0.015212),(-0.010974,-0.008082)
(0.006460,-0.009614),(-0.007833,-0.001360)
(0.013139,0.014038),(-0.002529,-0.003440)
(0.021100,-0.021943),(-0.006563,0.006876)
(0.033333,-0.005862),(-0.003343,0.003282)
(0.005997,0.004052),(-0.013051,0.004975)
(0.023320,0.003740),(-0.003483,0.000753)
(0.037120,0.039567),(0.007482,0.000954)
(-0.034879,0.005756),(-0.004427,-0.005734)
(-0.007951,0.003525),(-0.002994,-0.015409)
(0.014325,-0.009733),(0.005378,0.001124)
(0.011245,-0.036511),(-0.008822,-0.014287)
(-0.019011,-0.000825),(-0.020214,0.010195)
(0.015677,-0.000747),(0.001901,-0.007049)
(0.005167,0.020685),(-0.003342,-0.014247)
(0.008527,0.035500),(-0.009329,0.009589)
(-0.011416,0.020577),(0.004021,-0.002905)
(0.012002,0.041669),(-0.000529,-0.006419)
(0.038164,0.062796),(0.010871,0.001664)
(-0.017990,0.034752),(0.005886,-0.001016)
(-0.088677,-0.009673),(0.003893,-0.001397)
(-0.022526,-0.059713),(-0.002256,-0.001460)
(0.010935,-0.024132),(0.003470,-0.006139)
(0.020117,-0.027343),(0.003223,-0.003708)
(0.056200,-0.008935),(0.014128,0.005744)
(-0.026070,0.010806),(0.005999,0.004314)
(-0.029267,0.054894),(0.005630,0.008522)
(0.071169,-0.055681),(-0.001724,0.005984)
(0.047250,0.049511),(-0.007617,0.006128)
(0.017437,0.098634),(-0.000638,0.014958)
(-0.077544,-0.004245),(-0.002925,-0.000218)
(0.015516,-0.059149),(0.011302,0.013699)
(-0.003609,-0.003015),(0.015608,0.006638)
(-0.092254,0.038725),(0.003837,0.008148)
(-0.020399,-0.007866),(-0.018893,-0.000989)
(0.002589,0.038861),(0.006207,-0.003107)
(0.032418,0.029742),(-0.005116,-0.007487)
(-0.050471,-0.046375),(0.002427,0.002888)
(0.047791,0.003865),(0.014312,0.000822)
(0.062138,0.038203),(-0.010579,-0.003107)
(-0.003830,-0.069880),(-0.010319,0.000308)
(0.021649,-0.060947),(0.011407,-0.004935)
(-0.045246,-0.060067),(-0.000100,-0.004301)
(-0.065282,0.031886),(0.005628,-0.005429)
(0.012021,-0.027651),(0.009017,0.002973)
(0.016980,0.061270),(-0.010867,0.000439)
(-0.017424,-0.018954),(0.008965,0.006327)
(0.059337,0.047791),(0.003908,0.015796)
(0.031856,-0.000032),(0.016898,-0.003948)
(0.003716,-0.047742),(-0.013341,0.000950)
(0.048375,0.010093),(-0.001527,0.020233)
(-0.024587,-0.105829),(-0.009519,-0.001050)
(0.036794,-0.055304),(-0.011627,-0.002555)
(-0.050462,0.033837),(0.005435,-0.004253)
(-0.035033,0.017346),(0.011825,0.006932)
(-0.020234,0.058350),(-0.006399,0.002083)
(-0.020728,-0.044018),(0.002132,0.003546)
(-0.037923,0.001877),(-0.021690,0.001182)
(0.104001,0.001916),(0.007909,-0.004084)
(-0.003552,0.035007),(0.006992,-0.000356)
(-0.070431,0.027735),(0.009318,0.001899)
(-0.003993,0.018638),(-0.008005,-0.008999)
(0.089360,0.061061),(-0.001821,0.000282)
(-0.025953,-0.040600),(-0.001328,0.004188)
(-0.018103,0.037253),(0.005444,0.000104)
(-0.022983,0.006544),(-0.015025,-0.005030)
(-0.057302,0.006339),(-0.002499,0.001717)
(-0.066893,-0.001441),(0.004336,0.002132)
(0.010702,-0.042483),(-0.014794,0.018094)
(-0.020464,0.037598),(-0.002584,0.009450)
(-0.017670,0.017079),(-0.015982,0.006881)
(-0.024593,0.006008),(-0.007621,-0.007577)
(-0.082634,0.028685),(-0.002894,-0.000523)
(0.051778,-0.081869),(0.002379,-0.000019)
(-0.051822,0.031247),(-0.001732,-0.004011)
(-0.047882,-0.004308),(0.013280,-0.003154)
(-0.012445,-0.088035),(-0.000225,-0.018245)
(0.030721,0.038873),(0.001268,0.000484)
(-0.028603,-0.049552),(0.010289,-0.006873)
(-0.040096,-0.011713),(-0.005331,0.020196)
(-0.053914,-0.049986),(0.008554,-0.009431)
(-0.046768,-0.020207),(-0.011921,-0.009404)
(0.050472,0.014490),(-0.000078,0.014504)
(0.035985,-0.009304),(0.002772,-0.005798)
(-0.010183,0.053279),(0.009658,0.000354)
(0.020034,0.069467),(-0.000224,0.005664)
(-0.011376,0.065493),(0.003506,0.009690)
(0.011343,0.092918),(0.016183,-0.006892)
(0.012534,-0.015436),(0.003071,-0.003578)
(-0.047358,-0.014126),(-0.003775,-0.006973)
(-0.030318,-0.031238),(0.015389,0.003377)
(-0.043116,-0.113352),(0.011669,0.005600)
(0.065693,-0.058648),(0.010775,0.004925)
(0.104670,-0.073823),(-0.010581,0.015924)
(0.047910,-0.012517),(0.008894,-0.001230)
(0.064486,-0.025398),(-0.009572,-0.008802)
(0.001035,-0.026667),(0.009278,0.010234)
(0.007208,-0.044770),(-0.002867,0.009448)
(0.045855,-0.003523),(0.000091,-0.003570)
(-0.052577,0.025699),(0.016354,-0.007135)
(-0.038463,0.077474),(-0.008116,-0.012764)
(-0.015213,0.005342),(-0.003755,0.000257)
(-0.041982,0.023562),(0.005633,0.009176)
(-0.003445,0.042060),(0.006724,-0.003470)
(-0.004307,-0.018116),(0.002812,-0.004706)
(0.014358,-0.036015),(-0.007356,-0.001928)
(0.020057,-0.077268),(-0.012202,-0.014766)
(-0.017712,-0.067939),(0.009926,-0.000164)
(0.027257,-0.024113),(-0.000561,-0.006271)
(-0.020481,-0.052323),(-0.009363,0.018293)
(0.026814,0.048792),(0.003746,0.007729)
(0.018220,-0.024462),(0.008183,-0.004980)
(0.016869,0.055709),(0.004362,-0.012297)
(-0.016341,-0.007537),(-0.004316,-0.030272)
(-0.007548,0.002340),(-0.001191,0.011501)
(-0.033663,0.016930),(0.006847,-0.016436)
(0.021040,-0.032981),(-0.012289,0.001790)
(-0.036321,0.009617),(0.009633,-0.008701)
(0.011366,0.000062),(-0.009307,-0.003714)
(-0.001606,-0.020622),(0.006106,-0.003022)
(0.010620,0.040709),(0.001930,0.019713)
(0.023288,-0.026533),(0.023764,0.004568)
(-0.030215,0.036664),(-0.004193,0.007470)
(0.011793,-0.014534),(0.008414,0.003190)
(0.010191,0.035060),(-0.005443,-0.005491)
(0.001951,-0.020706),(-0.003961,0.016010)
(0.025983,-0.045050),(-0.003470,-0.016292)
(0.014600,-0.032361),(-0.007368,0.007887)
(0.003656,-0.045483),(0.008890,0.011242)
(-0.034241,0.035283),(-0.010513,-0.002997)
(-0.011023,0.021490),(-0.006694,-0.026481)
(-0.050465,0.046903),(-0.000003,-0.019810)
(-0.008113,0.054681),(0.023047,0.005423)
(-0.010991,0.005287),(0.008864,0.001025)
(0.003119,0.015626),(0.005364,-0.029509)
(0.000451,0.005588),(-0.000184,-0.002571)
(-0.058950,-0.019338),(0.016200,-0.004695)
(0.005376,-0.022925),(-0.003400,0.005058)
(0.058398,0.009573),(-0.006222,0.000232)
(-0.001347,0.031317),(-0.000779,0.014480)
(-0.007209,0.000633),(0.004644,0.019123)
(-0.036871,0.000078),(-0.000201,-0.014557)
(-0.010178,-0.043696),(0.010001,0.006404)
(-0.035556,-0.034284),(0.005772,0.007000)
(0.051916,-0.018658),(-0.011503,-0.011462)
(-0.055275,-0.025874),(0.008767,-0.038367)
(0.024578,-0.029702),(-0.019784,0.005176)
(0.059893,0.003368),(-0.006004,-0.007102)
(0.019189,-0.000916),(-0.002446,0.009012)
(0.013313,0.020341),(-0.001372,0.028924)
(0.023624,0.030761),(-0.023736,-0.019616)
(0.036146,0.045269),(0.006249,0.017258)
(-0.060397,0.034562),(-0.002381,0.001112)
(-0.018586,-0.019089),(-0.003487,-0.012511)
(-0.011512,-0.020751),(0.019751,-0.005816)
(-0.015742,-0.036768),(-0.011955,0.002418)
(-0.028025,-0.005794),(-0.001919,-0.000108)
(-0.057101,-0.039266),(0.009825,-0.007323)
(0.009283,-0.066043),(-0.011505,-0.013297)
(-0.033091,0.002469),(0.011429,-0.012501)
(0.020943,0.029232),(-0.001674,-0.001229)
(0.015935,-0.026722),(-0.005612,0.010895)
(-0.028425,-0.038696),(0.003912,-0.001877)
(0.009830,0.034225),(-0.003857,0.003505)
(-0.025043,-0.007181),(0.012932,0.000039)
(-0.018030,-0.036435),(-0.005953,-0.000139)
(0.043095,0.016269),(0.015252,0.027006)
(0.036006,-0.019780),(0.011519,0.005517)
(0.003700,-0.023129),(0.001837,0.027159)
(-0.009883,0.001981),(0.013257,-0.011539)
(-0.004324,-0.035664),(-0.016686,-0.013406)
(-0.058783,0.014523),(0.017735,0.002917)
(-0.021539,-0.038189),(0.011779,-0.005286)
(-0.030431,-0.003634),(-0.002147,0.001548)
(0.041019,0.025541),(0.010848,-0.002113)
(-0.028898,-0.043632),(0.010326,-0.014883)
(0.024655,-0.021518),(-0.007851,-0.009552)
(-0.000450,-0.013943),(-0.008857,-0.002643)
(0.013096,0.006673),(-0.024624,0.004956)
(-0.031674,-0.004391),(-0.001066,0.001143)
(0.018953,0.008110),(-0.009985,-0.001808)
(0.030459,0.010380),(0.008303,0.000584)
(0.042814,0.020151),(0.017507,0.007810)
(-0.011153,0.010418),(0.010496,0.012264)
(0.014788,-0.010842),(-0.014497,-0.005428)
(0.006025,-0.007737),(0.010491,-0.019246)
(0.015810,-0.006569),(-0.002393,0.011609)
(0.014215,-0.023703),(-0.005340,0.015389)
(0.018413,0.012426),(-0.010398,-0.009097)
(-0.035729,-0.004122),(0.003174,-0.005747)
(0.004931,0.003826),(-0.005137,-0.009815)
(-0.016209,0.024383),(0.007121,-0.014625)
(0.024191,-0.038239),(0.007978,-0.001104)
(-0.007892,-0.021516),(0.014211,0.015122)
(-0.016882,0.003460),(0.008583,-0.013799)
(0.001877,-0.019545),(0.006000,0.011650)
(0.018546,0.028011),(0.007327,-0.033837)
(0.012787,-0.036626),(0.017046,0.012557)
(0.000250,0.005890),(0.007199,0.005081)
(0.005975,-0.007561),(0.004293,-0.000368)
(-0.009067,0.000937),(-0.011096,0.027714)
(0.005256,-0.004411),(-0.009207,-0.003547)
(-0.015220,-0.017613),(-0.001216,0.001712)
(0.000378,0.027753),(0.003298,0.023648)
(0.033545,-0.013743),(-0.014053,-0.004707)
(-0.009838,0.005729),(-0.022145,0.009362)
(0.013065,0.002076),(0.003729,-0.000037)
(-0.005496,-0.000379),(-0.019133,-0.017917)
(0.026497,-0.009541),(0.020992,-0.000575)
(0.015831,-0.025443),(0.005327,-0.000975)
(-0.005656,-0.019558),(-0.015567,0.019995)
(0.005794,-0.004074),(-0.002304,0.005387)
(-0.006860,-0.009493),(-0.019834,0.022257)
(0.031401,0.000689),(0.008642,-0.013644)
(0.007935,-0.029801),(-0.001820,0.004233)
(0.026985,-0.020129),(-0.011723,0.020171)
(0.008868,-0.012141),(0.013165,0.010910)
(-0.001982,0.010127),(0.004333,-0.018422)
(0.022410,0.006629),(0.001823,-0.009244)
(0.020848,-0.003113),(0.017060,-0.025367)
(0.023807,0.001265),(0.016502,-0.004841)
(0.016502,0.004841),(0.023807,-0.001265)
(0.017060,0.025367),(0.020848,0.003113)
(0.001823,0.009244),(0.022410,-0.006629)
(0.004333,0.018422),(-0.001982,-0.010127)
(0.013165,-0.010910),(0.008868,0.012141)
(-0.011723,-0.020171),(0.026985,0.020129)
(-0.001820,-0.004233),(0.007935,0.029801)
(0.008642,0.013644),(0.031401,-0.000689)
(-0.019834,-0.022257),(-0.006860,0.009493)
(-0.002304,-0.005387),(0.005794,0.004074)
(-0.015567,-0.019995),(-0.005656,0.019558)
(0.005327,0.000975),(0.015831,0.025443)
(0.020992,0.000575),(0.026497,0.009541)
(-0.019133,0.017917),(-0.005496,0.000379)
(0.003729,0.000037),(0.013065,-0.002076)
(-0.022145,-0.009362),(-0.009838,-0.005729)
(-0.014053,0.004707),(0.033545,0.013743)
(0.003298,-0.023648),(0.000378,-0.027753)
(-0.001216,-0.001712),(-0.015220,0.017613)
(-0.009207,0.003547),(0.005256,0.004411)
(-0.011096,-0.027714),(-0.009067,-0.000937)
(0.004293,0.000368),(0.005975,0.007561)
(0.007199,-0.005081),(0.000250,-0.005890)
(0.017046,-0.012557),(0.012787,0.036626)
(0.007327,0.033837),(0.018546,-0.028011)
(0.006000,-0.011650),(0.001877,0.019545)
(0.008583,0.013799),(-0.016882,-0.003460)
(0.014211,-0.015122),(-0.007892,0.021516)
(0.007978,0.001104),(0.024191,0.038239)
(0.007121,0.014625),(-0.016209,-0.024383)
(-0.005137,0.009815),(0.004931,-0.003826)
(0.003174,0.005747),(-0.035729,0.004122)
(-0.010398,0.009097),(0.018413,-0.012426)
(-0.005340,-0.015389),(0.014215,0.023703)
(-0.002393,-0.011609),(0.015810,0.006569)
(0.010491,0.019246),(0.006025,0.007737)
(-0.014497,0.005428),(0.014788,0.010842)
(0.010496,-0.012264),(-0.011153,-0.010418)
(0.017507,-0.007810),(0.042814,-0.020151)
(0.008303,-0.000584),(0.030459,-0.010380)
(-0.009985,0.001808),(0.018953,-0.008110)
(-0.001066,-0.001143),(-0.031674,0.004391)
(-0.024624,-0.004956),(0.013096,-0.006673)
(-0.008857,0.002643),(-0.000450,0.013943)
(-0.007851,0.009552),(0.024655,0.021518)
(0.010326,0.014883),(-0.028898,0.043632)
(0.010848,0.002113),(0.041019,-0.025541)
(-0.002147,-0.001548),(-0.030431,0.003634)
(0.011779,0.005286),(-0.021539,0.038189)
(0.017735,-0.002917),(-0.058783,-0.014523)
(-0.016686,0.013406),(-0.004324,0.035664)
(0.013257,0.011539),(-0.009883,-0.001981)
(0.001837,-0.027159),(0.003700,0.023129)
(0.011519,-0.005517),(0.036006,0.019780)
(0.015252,-0.027006),(0.043095,-0.016269)
(-0.005953,0.000139),(-0.018030,0.036435)
(0.012932,-0.000039),(-0.025043,0.007181)
(-0.003857,-0.003505),(0.009830,-0.034225)
(0.003912,0.001877),(-0.028425,0.038696)
(-0.005612,-0.010895),(0.015935,0.026722)
(-0.001674,0.001229),(0.020943,-0.029232)
(0.011429,0.012501),(-0.033091,-0.002469)
(-0.011505,0.013297),(0.009283,0.066043)
(0.009825,0.007323),(-0.057101,0.039266)
(-0.001919,0.000108),(-0.028025,0.005794)
(-0.011955,-0.002418),(-0.015742,0.036768)
(0.019751,0.005816),(-0.011512,0.020751)
(-0.003487,0.012511),(-0.018586,0.019089)
(-0.002381,-0.001112),(-0.060397,-0.034562)
(0.006249,-0.017258),(0.036146,-0.045269)
(-0.023736,0.019616),(0.023624,-0.030761)
(-0.001372,-0.028924),(0.013313,-0.020341)
(-0.002446,-0.009012),(0.019189,0.000916)
(-0.006004,0.007102),(0.059893,-0.003368)
(-0.019784,-0.005176),(0.024578,0.029702)
(0.008767,0.038367),(-0.055275,0.025874)
(-0.011503,0.011462),(0.051916,0.018658)
(0.005772,-0.007000),(-0.035556,0.034284)
(0.010001,-0.006404),(-0.010178,0.043696)
(-0.000201,0.014557),(-0.036871,-0.000078)
(0.004644,-0.019123),(-0.007209,-0.000633)
(-0.000779,-0.014480),(-0.001347,-0.031317)
(-0.006222,-0.000232),(0.058398,-0.009573)
(-0.003400,-0.005058),(0.005376,0.022925)
(0.016200,0.004695),(-0.058950,0.019338)
(-0.000184,0.002571),(0.000451,-0.005588)
(0.005364,0.029509),(0.003119,-0.015626)
(0.008864,-0.001025),(-0.010991,-0.005287)
(0.023047,-0.005423),(-0.008113,-0.054681)
(-0.000003,0.019810),(-0.050465,-0.046903)
(-0.006694,0.026481),(-0.011023,-0.021490)
(-0.010513,0.002997),(-0.034241,-0.035283)
(0.008890,-0.011242),(0.003656,0.045483)
(-0.007368,-0.007887),(0.014600,0.032361)
(-0.003470,0.016292),(0.025983,0.045050)
(-0.003961,-0.016010),(0.001951,0.020706)
(-0.005443,0.005491),(0.010191,-0.035060)
(0.008414,-0.003190),(0.011793,0.014534)
(-0.004193,-0.007470),(-0.030215,-0.036664)
(0.023764,-0.004568),(0.023288,0.026533)
(0.001930,-0.019713),(0.010620,-0.040709)
(0.006106,0.003022),(-0.001606,0.020622)
(-0.009307,0.003714),(0.011366,-0.000062)
(0.009633,0.008701),(-0.036321,-0.009617)
(-0.012289,-0.001790),(0.021040,0.032981)
(0.006847,0.016436),(-0.033663,-0.016930)
(-0.001191,-0.011501),(-0.007548,-0.002340)
(-0.004316,0.030272),(-0.016341,0.007537)
(0.004362,0.012297),(0.016869,-0.055709)
(0.008183,0.004980),(0.018220,0.024462)
(0.003746,-0.007729),(0.026814,-0.048792)
(-0.009363,-0.018293),(-0.020481,0.052323)
(-0.000561,0.006271),(0.027257,0.024113)
(0.009926,0.000164),(-0.017712,0.067939)
(-0.012202,0.014766),(0.020057,0.077268)
(-0.007356,0.001928),(0.014358,0.036015)
(0.002812,0.004706),(-0.004307,0.018116)
(0.006724,0.003470),(-0.003445,-0.042060)
(0.005633,-0.009176),(-0.041982,-0.023562)
(-0.003755,-0.000257),(-0.015213,-0.005342)
(-0.008116,0.012764),(-0.038463,-0.077474)
(0.016354,0.007135),(-0.052577,-0.025699)
(0.000091,0.003570),(0.045855,0.003523)
(-0.002867,-0.009448),(0.007208,0.044770)
(0.009278,-0.010234),(0.001035,0.026667)
(-0.009572,0.008802),(0.064486,0.025398)
(0.008894,0.001230),(0.047910,0.012517)
(-0.010581,-0.015924),(0.104670,0.073823)
(0.010775,-0.004925),(0.065693,0.058648)
(0.011669,-0.005600),(-0.043116,0.113352)
(0.015389,-0.003377),(-0.030318,0.031238)
(-0.003775,0.006973),(-0.047358,0.014126)
(0.003071,0.003578),(0.012534,0.015436)
(0.016183,0.006892),(0.011343,-0.092918)
(0.003506,-0.009690),(-0.011376,-0.065493)
(-0.000224,-0.005664),(0.020034,-0.069467)
(0.009658,-0.000354),(-0.010183,-0.053279)
(0.002772,0.005798),(0.035985,0.009304)
(-0.000078,-0.014504),(0.050472,-0.014490)
(-0.011921,0.009404),(-0.046768,0.020207)
(0.008554,0.009431),(-0.053914,0.049986)
(-0.005331,-0.020196),(-0.040096,0.011713)
(0.010289,0.006873),(-0.028603,0.049552)
(0.001268,-0.000484),(0.030721,-0.038873)
(-0.000225,0.018245),(-0.012445,0.088035)
(0.013280,0.003154),(-0.047882,0.004308)
(-0.001732,0.004011),(-0.051822,-0.031247)
(0.002379,0.000019),(0.051778,0.081869)
(-0.002894,0.000523),(-0.082634,-0.028685)
(-0.007621,0.007577),(-0.024593,-0.006008)
(-0.015982,-0.006881),(-0.017670,-0.017079)
(-0.002584,-0.009450),(-0.020464,-0.037598)
(-0.014794,-0.018094),(0.010702,0.042483)
(0.004336,-0.002132),(-0.066893,0.001441)
(-0.002499,-0.001717),(-0.057302,-0.006339)
(-0.015025,0.005030),(-0.022983,-0.006544)
(0.005444,-0.000104),(-0.018103,-0.037253)
(-0.001328,-0.004188),(-0.025953,0.040600)
(-0.001821,-0.000282),(0.089360,-0.061061)
(-0.008005,0.008999),(-0.003993,-0.018638)
(0.009318,-0.001899),(-0.070431,-0.027735)
(0.006992,0.000356),(-0.003552,-0.035007)
(0.007909,0.004084),(0.104001,-0.001916)
(-0.021690,-0.001182),(-0.037923,-0.001877)
(0.002132,-0.003546),(-0.020728,0.044018)
(-0.006399,-0.002083),(-0.020234,-0.058350)
(0.011825,-0.006932),(-0.035033,-0.017346)
(0.005435,0.004253),(-0.050462,-0.033837)
(-0.011627,0.002555),(0.036794,0.055304)
(-0.009519,0.001050),(-0.024587,0.105829)
(-0.001527,-0.020233),(0.048375,-0.010093)
(-0.013341,-0.000950),(0.003716,0.047742)
(0.016898,0.003948),(0.031856,0.000032)
(0.003908,-0.015796),(0.059337,-0.047791)
(0.008965,-0.006327),(-0.017424,0.018954)
(-0.010867,-0.000439),(0.016980,-0.061270)
(0.009017,-0.002973),(0.012021,0.027651)
(0.005628,0.005429),(-0.065282,-0.031886)
(-0.000100,0.004301),(-0.045246,0.060067)
(0.011407,0.004935),(0.021649,0.060947)
(-0.010319,-0.000308),(-0.003830,0.069880)
(-0.010579,0.003107),(0.062138,-0.038203)
(0.014312,-0.000822),(0.047791,-0.003865)
(0.002427,-0.002888),(-0.050471,0.046375)
(-0.005116,0.007487),(0.032418,-0.029742)
(0.006207,0.003107),(0.002589,-0.038861)
(-0.018893,0.000989),(-0.020399,0.007866)
(0.003837,-0.008148),(-0.092254,-0.038725)
(0.015608,-0.006638),(-0.003609,0.003015)
(0.011302,-0.013699),(0.015516,0.059149)
(-0.002925,0.000218),(-0.077544,0.004245)
(-0.000638,-0.014958),(0.017437,-0.098634)
(-0.007617,-0.006128),(0.047250,-0.049511)
(-0.001724,-0.005984),(0.071169,0.055681)
(0.005630,-0.008522),(-0.029267,-0.054894)
(0.005999,-0.004314),(-0.026070,-0.010806)
(0.014128,-0.005744),(0.056200,0.008935)
(0.003223,0.003708),(0.020117,0.027343)
(0.003470,0.006139),(0.010935,0.024132)
(-0.002256,0.001460),(-0.022526,0.059713)
(0.003893,0.001397),(-0.088677,0.009673)
(0.005886,0.001016),(-0.017990,-0.034752)
(0.010871,-0.001664),(0.038164,-0.062796)
(-0.000529,0.006419),(0.012002,-0.041669)
(0.004021,0.002905),(-0.011416,-0.020577)
(-0.009329,-0.009589),(0.008527,-0.035500)
(-0.003342,0.014247),(0.005167,-0.020685)
(0.001901,0.007049),(0.015677,0.000747)
(-0.020214,-0.010195),(-0.019011,0.000825)
(-0.008822,0.014287),(0.011245,0.036511)
(0.005378,-0.001124),(0.014325,0.009733)
(-0.002994,0.015409),(-0.007951,-0.003525)
(-0.004427,0.005734),(-0.034879,-0.005756)
(0.007482,-0.000954),(0.037120,-0.039567)
(-0.003483,-0.000753),(0.023320,-0.003740)
(-0.013051,-0.004975),(0.005997,-0.004052)
(-0.003343,-0.003282),(0.033333,0.005862)
(-0.006563,-0.006876),(0.021100,0.021943)
(-0.002529,0.003440),(0.013139,-0.014038)
(-0.007833,0.001360),(0.006460,0.009614)
(-0.010974,0.008082),(0.017965,0.015212)
(0.004608,-0.008526),(0.007916,0.005674)
(0.018992,-0.013484),(-0.038820,0.015212)
(0.009738,0.002062),(0.028759,-0.017242)
(0.008635,-0.000871),(0.020747,0.002016)
(-0.018146,0.010432),(-0.024344,0.002510)
(0.008211,0.010856),(0.009082,-0.011300)
(0.012540,-0.009825),(0.002402,0.020399)
(-0.001116,-0.004162),(0.003203,0.013191)
(-0.002515,-0.006805),(0.008565,-0.002984)
(0.014262,0.000577),(-0.001753,-0.007405)
(0.014932,-0.009874),(-0.011073,0.007082)
(0.002798,0.002317),(0.030496,0.004772)
(-0.008471,-0.007139),(0.014145,-0.018699)
(0.003837,0.004486),(0.008142,0.014608)
(-0.001123,0.018662),(0.044434,0.002475)
(-0.001442,-0.001099),(-0.014392,-0.004651)
(-0.002673,0.005341),(0.013735,-0.025128)
(-0.024568,-0.006178),(-0.016442,0.006541)
(-0.002000,0.003760),(0.010543,-0.003739)
(0.012051,0.020310),(-0.014575,0.029282)
(0.021835,0.019240),(0.035143,-0.005562)
(0.005691,-0.011542),(-0.006457,0.024051)
(0.013570,-0.006109),(0.019785,0.022142)
(0.008355,-0.004644),(-0.005928,-0.009741)
(0.008119,-0.000933),(-0.011877,0.027276)
(-0.010206,-0.007785),(0.014373,0.001355)
(-0.009608,-0.021421),(0.011848,-0.001171)
(0.005041,-0.011169),(0.015450,0.022235)
(-0.003263,-0.003406),(-0.006711,-0.008030)
(0.003708,0.006414),(0.005411,0.004307)
(0.012949,0.000843),(-0.005793,0.000793)
(0.000039,-0.011912),(0.010189,0.034287)
(0.004905,-0.000201),(0.019383,-0.006711)
(-0.002091,0.011686),(0.005512,0.011167)
(0.006402,0.009189),(0.016492,0.020766)
(0.006633,-0.002126),(-0.037969,0.001057)
(0.000572,0.015329),(-0.015506,0.002813)
(0.016925,0.002300),(-0.005992,0.023306)
(0.007450,-0.003493),(-0.017260,0.011040)
(-0.001156,-0.006372),(-0.001250,0.004605)
(0.008550,0.001269),(0.029820,-0.008037)
(0.009525,-0.011922),(0.014419,0.030251)
(-0.005115,0.011488),(0.008484,-0.011887)
(0.006052,-0.008681),(0.012532,0.002064)
(0.000827,-0.015956),(0.023503,0.001863)
(-0.003427,0.003496),(-0.008831,-0.007414)
(-0.002609,-0.008243),(0.013028,-0.000003)
(-0.012528,0.011811),(-0.000813,0.025367)
(0.007003,0.014447),(-0.000063,0.007317)
(-0.005272,0.000567),(-0.018037,0.019502)
(0.004382,0.004313),(-0.004041,-0.003789)
(0.009264,-0.000845),(0.004082,0.031432)
(0.011794,-0.000449),(-0.054921,0.015192)
(0.001248,-0.005343),(0.018486,-0.029654)
(0.003172,0.008016),(0.029703,0.037118)
(0.011217,0.011081),(-0.004186,-0.036855)
(0.002213,0.003827),(0.008412,-0.008274)
(0.012362,0.001665),(-0.005392,0.012086)
(0.001954,0.020337),(-0.010572,0.003465)
(0.011135,-0.009027),(-0.002001,0.023702)
(0.003493,0.003263),(0.004937,0.000637)
(-0.008394,0.008006),(0.011810,-0.023024)
(-0.000258,-0.001414),(-0.010885,0.010291)
(0.003485,-0.011098),(0.011443,-0.016175)
(0.015491,0.000390),(-0.003535,0.012400)
(-0.009110,-0.000698),(0.017601,0.022793)
(0.011108,0.008483),(0.031791,0.017662)
(0.012283,-0.005199),(0.002532,0.012033)
(0.002837,0.005794),(0.002173,-0.003657)
(0.007056,-0.001224),(-0.011887,0.005065)
(-0.014699,-0.003158),(-0.017876,-0.010379)
(0.011726,-0.003471),(-0.006552,0.012833)
(0.011380,-0.003639),(0.027462,-0.004654)
(0.000446,-0.008269),(-0.005264,0.004411)
(0.005214,0.004227),(0.006799,-0.004821)
(-0.010149,0.009306),(0.008674,-0.006084)
(-0.007248,0.001146),(-0.017105,0.011598)
(0.002516,-0.004231),(-0.006894,0.022823)
(0.006774,0.011276),(0.003341,0.011458)
(0.001807,-0.006625),(-0.017987,-0.002152)
(-0.006415,-0.001970),(0.015648,0.031289)
(-0.010096,-0.001594),(0.008756,0.013920)
(0.008326,-0.010055),(0.015670,-0.000221)
(0.015374,0.004260),(0.004067,-0.011027)
(-0.005930,0.003188),(0.012032,-0.003635)
(0.001084,-0.007897),(-0.007319,0.007550)
(0.001893,-0.005110),(0.012963,0.043850)
(0.005214,-0.004392),(0.026644,-0.029275)
(0.010689,0.006522),(-0.027114,-0.012380)
(0.001424,0.000901),(0.001614,0.015423)
(0.002439,-0.008685),(-0.006934,0.015544)
(-0.011923,-0.005624),(-0.000759,0.013927)
(0.003992,-0.004344),(-0.031690,0.025893)
(0.001687,0.001205),(-0.007296,0.029087)
(-0.002508,-0.001044),(0.020311,0.006953)
(-0.005950,0.000242),(0.015774,-0.001056)
(0.004842,-0.003013),(0.010627,-0.016247)
(-0.006148,0.010591),(0.017850,0.001222)
(0.012572,-0.008210),(-0.010178,-0.003848)
(0.003283,-0.001305),(0.026711,0.009965)
(0.006218,-0.002847),(0.018733,0.025456)
(0.000529,0.000680),(0.006546,0.008137)
(-0.000152,0.008894),(0.003160,-0.006410)
(0.005237,0.001709),(0.003325,-0.027112)
(0.006997,-0.005352),(0.009483,0.013553)
(-0.003339,-0.000440),(-0.003805,0.016054)
(-0.006799,0.003088),(-0.010368,-0.016301)
(0.005846,-0.004700),(-0.001973,0.030207)
(0.001526,-0.009895),(0.007972,0.020199)
(-0.010499,0.003101),(-0.004583,0.006918)
(0.002247,0.003645),(0.034768,0.006083)
(-0.005438,-0.003508),(0.008509,0.000434)
(-0.000580,0.011205),(0.036047,0.025305)
(0.004003,-0.005818),(0.017894,0.071870)
(0.012133,0.003039),(-0.063899,0.027307)
(0.012474,-0.008503),(0.011443,-0.008987)
(0.017173,0.002892),(-0.013522,0.000247)
(0.011680,0.001039),(0.018055,-0.047754)
(-0.004863,0.005566),(0.010457,0.035074)
(0.001337,-0.006868),(-0.010808,-0.001126)
(0.000599,0.004204),(0.024303,0.009167)
(-0.010505,-0.013125),(0.036826,0.024585)
(0.010728,0.003784),(-0.037939,-0.028928)
(-0.005861,0.000055),(0.010274,0.061123)
(-0.003249,-0.001301),(0.067300,0.018960)
(0.004029,0.000440),(0.001895,-0.040845)
(-0.002766,0.004892),(-0.008079,0.053984)
(0.001772,-0.001274),(-0.064324,-0.009101)
(-0.001211,-0.001368),(0.038746,0.109052)
(-0.003827,0.007112),(0.067195,-0.064812)
(0.005808,-0.001638),(0.074231,0.043120)
(-0.005963,-0.003546),(0.042825,0.017809)
(0.002710,-0.007932),(0.087351,0.021940)
(0.000741,0.006351),(0.011302,0.042538)
(0.004293,0.003622),(0.008259,0.049131)
(0.005628,0.007867),(-0.013615,0.127528)
(-0.002984,-0.000604),(0.032791,0.079222)
(0.006711,0.001857),(0.030605,0.052272)
(0.003012,-0.001320),(0.005897,0.087611)
(0.005824,0.010478),(0.026522,0.056688)
(0.006067,0.000147),(-0.008257,0.109362)
(-0.004118,0.000690),(0.012860,0.062522)
(0.007455,0.004759),(0.007193,0.176032)
(0.002456,0.001473),(0.113242,0.121657)
(0.009086,0.006726),(0.075664,0.106969)
(0.006285,0.009823),(0.051786,0.056073)
(-0.004660,0.001237),(-0.005966,0.135959)
(0.004880,0.005070),(0.029569,0.173381)
(0.005960,-0.005073),(0.097366,0.150323)
(0.002651,0.012374),(0.021708,0.134948)
(0.012468,-0.009275),(-0.051744,0.415977)
(-0.010326,-0.000806),(0.227015,0.413445)
(-0.006329,-0.001359),(0.143569,1.078494)
(0.001376,-0.003364),(0.544260,0.491644)
