0 129.659
0.00418321 0.993314
0.00836643 0.322509
0.0125496 0.221422
0.0167329 0.014052
0.0209161 0.147183
0.0250993 0.048589
0.0292825 0.008717
0.0334657 0.073606
0.0376489 0.081426
0.0418321 0.013647
0.0460153 0.025217
0.0501986 0.004963
0.0543818 0.007287
0.058565 0.003729
0.0627482 0.05598
0.0669314 0.033838
0.0711146 0.029763
0.0752978 0.005715
0.079481 0.0141
0.0836643 0.041953
0.0878475 0.051897
0.0920307 0.007645
0.0962139 0.004967
0.100397 0.060369
0.10458 0.010508
0.108764 0.004483
0.112947 0.048722
0.11713 0.049522
0.121313 0.011677
0.125496 0.089089
0.12968 0.01041
0.133863 0.056414
0.138046 0.075925
0.142229 0.05528
0.146412 0.018009
0.150596 0.055051
0.154779 0.015907
0.158962 0.013924
0.163145 0.081923
0.167329 0.106948
0.171512 0.012429
0.175695 0.007717
0.179878 0.016589
0.184061 0.016493
0.188245 0.057399
0.192428 0.052549
0.196611 0.008342
0.200794 0.026287
0.204977 0.028904
0.209161 0.025968
0.213344 0.031917
0.217527 0.005109
0.22171 0.002343
0.225893 0.024387
0.230077 0.058026
0.23426 0.022479
0.238443 0.011637
0.242626 0.009361
0.24681 0.006115
0.250993 0.003524
0.255176 0.033955
0.259359 0.014573
0.263542 0.03276
0.267726 0.004705
0.271909 0.075207
0.276092 0.007014
0.280275 0.004263
0.284458 0.036029
0.288642 0.031199
0.292825 0.009224
0.297008 0.007446
0.301191 0.032716
0.305375 0.034977
0.309558 0.018945
0.313741 0.010125
0.317924 0.038602
0.322107 0.005013
0.326291 0.037072
0.330474 0.017042
0.334657 0.038477
0.33884 0.038949
0.343023 0.007742
0.347207 0.003367
0.35139 0.004949
0.355573 0.024451
0.359756 0.010768
0.363939 0.046123
0.368123 0.016073
0.372306 0.027456
0.376489 0.003784
0.380672 0.009131
0.384856 0.016252
0.389039 0.004946
0.393222 0.021363
0.397405 0.005845
0.401588 0.013651
0.405772 0.000526
0.409955 0.002627
0.414138 0.032399
0.418321 0.002266
0.422504 0.009358
0.426688 0.020655
0.430871 0.024546
0.435054 0.02635
0.439237 0.008027
0.443421 0.024994
0.447604 0.009554
0.451787 0.010697
0.45597 0.009013
0.460153 0.001817
0.464337 0.021565
0.46852 0.001123
0.472703 0.005307
0.476886 0.004716
0.481069 0.002213
0.485253 0.018382
0.489436 0.013576
0.493619 0.005366
0.497802 0.009921
0.501986 0.0339
0.506169 0.015033
0.510352 0.01042
0.514535 0.01405
0.518718 0.016843
0.522902 0.00952
0.527085 0.023599
0.531268 0.027233
0.535451 0.01201
0.539634 0.01338
0.543818 0.020386
0.548001 0.016885
0.552184 0.026133
0.556367 0.033171
0.56055 0.043476
0.564734 0.013488
0.568917 0.006439
0.5731 0.027819
0.577283 0.017397
0.581467 0.024835
0.58565 0.054564
0.589833 0.01595
0.594016 0.022029
0.598199 0.021067
0.602383 0.025501
0.606566 0.032699
0.610749 0.01436
0.614932 0.014569
0.619115 0.016538
0.623299 0.006499
0.627482 0.006203
0.631665 0.011344
0.635848 0.025356
0.640032 0.024296
0.644215 0.037705
0.648398 0.009225
0.652581 0.032022
0.656764 0.011721
0.660948 0.065689
0.665131 0.016051
0.669314 0.003616
0.673497 0.022223
0.67768 0.022574
0.681864 0.031736
0.686047 0.046149
0.69023 0.047049
0.694413 0.038718
0.698597 0.021087
0.70278 0.012709
0.706963 0.022294
0.711146 0.047346
0.715329 0.039963
0.719513 0.09314
0.723696 0.038448
0.727879 0.141953
0.732062 0.010324
0.736245 0.017337
0.740429 0.11557
0.744612 0.094456
0.748795 0.048557
0.752978 0.005631
0.757161 0.113314
0.761345 0.127803
0.765528 0.071582
0.769711 0.127017
0.773894 0.02029
0.778078 0.029745
0.782261 0.068942
0.786444 0.074041
0.790627 0.067723
0.79481 0.021786
0.798994 0.053516
0.803177 0.106809
0.80736 0.00381
0.811543 0.027693
0.815726 0.040815
0.81991 0.073275
0.824093 0.095182
0.828276 0.042332
0.832459 0.049079
0.836643 0.030726
0.840826 0.021578
0.845009 0.008064
0.849192 0.10253
0.853375 0.063422
0.857559 0.025089
0.861742 0.023895
0.865925 0.110929
0.870108 0.037631
0.874291 0.042635
0.878475 0.056381
0.882658 0.135689
0.886841 0.09398
0.891024 0.059378
0.895207 0.024257
0.899391 0.013265
0.903574 0.01123
0.907757 0.056649
0.91194 0.068321
0.916124 0.020199
0.920307 0.048805
0.92449 0.058573
0.928673 0.019614
0.932856 0.065144
0.93704 0.037714
0.941223 0.051032
0.945406 0.058356
0.949589 0.038966
0.953772 0.014325
0.957956 0.075055
0.962139 0.044785
0.966322 0.049403
0.970505 0.016171
0.974689 0.00024
0.978872 0.02395
0.983055 0.022954
0.987238 0.041885
0.991421 0.029958
0.995605 0.027073
0.999788 0.00557
1.00397 0.037362
1.00815 0.025754
1.01234 0.033016
1.01652 0.005673
1.0207 0.006038
1.02489 0.010709
1.02907 0.007315
1.03325 0.001333
1.03744 0.032798
1.04162 0.032637
1.0458 0.032295
1.04999 0.035718
1.05417 0.001949
1.05835 0.008652
1.06254 0.043112
1.06672 0.082032
1.0709 0.002196
1.07509 0.089335
1.07927 0.06713
1.08345 0.032419
1.08764 0.048107
1.09182 0.029603
1.096 0.03601
1.10018 0.029847
1.10437 0.029662
1.10855 0.05845
1.11273 0.061521
1.11692 0.004092
1.1211 0.003756
1.12528 0.068729
1.12947 0.045891
1.13365 0.040114
1.13783 0.012093
1.14202 0.10572
1.1462 0.047478
1.15038 0.018889
1.15457 0.006932
1.15875 6.4e-05
1.16293 0.0157
1.16712 0.030736
1.1713 0.017863
1.17548 0.008602
1.17967 0.004031
1.18385 0.014622
1.18803 0.031117
1.19222 0.026454
1.1964 0.001632
1.20058 0.003736
1.20477 0.006434
1.20895 0.029776
1.21313 0.047652
1.21731 0.025167
1.2215 0.017171
1.22568 0.018813
1.22986 0.042492
1.23405 0.008439
1.23823 0.00459
1.24241 0.031037
1.2466 0.000762
1.25078 0.022828
1.25496 0.004697
1.25915 0.004854
1.26333 0.010481
1.26751 0.002529
1.2717 0.007955
1.27588 0.021256
1.28006 0.010841
1.28425 0.00057
1.28843 0.059854
1.29261 0.014438
1.2968 0.007967
1.30098 0.007873
1.30516 0.003157
1.30935 0.006691
1.31353 0.011677
1.31771 0.018678
1.3219 0.022666
1.32608 0.014561
1.33026 0.034372
1.33444 0.052729
1.33863 0.000986
1.34281 0.008243
1.34699 0.001055
1.35118 0.006184
1.35536 0.002106
1.35954 0.030744
1.36373 0.016564
1.36791 0.025317
1.37209 0.018415
1.37628 0.027705
1.38046 0.010828
1.38464 0.026508
1.38883 0.003442
1.39301 0.004755
1.39719 0.010866
1.40138 0.010069
1.40556 0.001996
1.40974 0.04118
1.41393 0.010521
1.41811 0.008697
1.42229 0.022146
1.42648 0.011366
1.43066 0.019377
1.43484 0.006539
1.43903 0.000111
1.44321 0.015314
1.44739 0.000119
1.45157 0.020491
1.45576 0.02516
1.45994 0.021533
1.46412 0.03077
1.46831 0.023342
1.47249 0.00639
1.47667 0.006371
1.48086 0.002328
1.48504 0.01887
1.48922 0.005449
1.49341 0.002074
1.49759 0.007276
1.50177 0.008155
1.50596 0.010032
1.51014 0.016235
1.51432 0.016762
1.51851 0.003909
1.52269 0.037648
1.52687 0.003924
1.53106 0.026339
1.53524 0.029569
1.53942 0.008819
1.54361 0.02124
1.54779 0.023691
1.55197 0.013188
1.55616 0.009711
1.56034 0.016642
1.56452 0.02369
1.5687 0.024902
1.57289 0.014787
1.57707 0.010093
1.58125 0.01267
1.58544 0.00159
1.58962 0.008972
1.5938 0.010914
1.59799 0.01279
1.60217 0.024248
1.60635 0.01434
1.61054 0.011
1.61472 0.001374
1.6189 0.004446
1.62309 0.002835
1.62727 0.001429
1.63145 0.004819
1.63564 0.000426
1.63982 0.018383
1.644 0.017862
1.64819 0.019428
1.65237 0.012987
1.65655 0.008253
1.66074 0.010223
1.66492 0.006709
1.6691 0.012204
1.67329 0.016321
1.67747 0.010947
1.68165 0.006363
1.68583 0.00299
1.69002 0.014774
1.6942 0.002212
1.69838 0.001007
1.70257 0.002647
1.70675 0.00377
1.71093 0.002497
1.71512 0.000352
1.7193 0.002769
1.72348 0.00429
1.72767 0.005208
1.73185 0.003149
1.73603 0.000472
1.74022 0.016974
1.7444 0.006004
1.74858 0.005275
1.75277 0.010051
1.75695 0.016644
1.76113 0.015636
1.76532 0.008696
1.7695 0.008307
1.77368 0.001717
1.77787 0.000437
1.78205 0.012767
1.78623 0.016113
1.79041 0.00225
1.7946 0.018451
1.79878 0.003989
1.80296 0.015616
1.80715 0.000909
1.81133 0.00415
1.81551 0.007626
1.8197 0.009353
1.82388 0.004193
1.82806 0.005964
1.83225 0.01116
1.83643 0.005145
1.84061 0.017071
1.8448 0.001833
1.84898 0.000224
1.85316 0.026634
1.85735 0.011681
1.86153 0.000632
1.86571 0.008448
1.8699 0.00928
1.87408 0.017799
1.87826 0.008415
1.88245 0.007273
1.88663 0.003557
1.89081 0.002519
1.895 0.020238
1.89918 0.00533
1.90336 0.015066
1.90754 0.007391
1.91173 0.010505
1.91591 0.003161
1.92009 0.005877
1.92428 0.010616
1.92846 0.008637
1.93264 0.003024
1.93683 0.000757
1.94101 0.010904
1.94519 0.005535
1.94938 0.001551
1.95356 0.009724
1.95774 0.005421
1.96193 0.003442
1.96611 0.015171
1.97029 0.005045
1.97448 0.005559
1.97866 0.000445
1.98284 0.011997
1.98703 0.010979
1.99121 0.021441
1.99539 0.012382
1.99958 0.013111
2.00376 0.023424
2.00794 0.011039
2.01213 0.000478
2.01631 0.004394
2.02049 0.01507
2.02467 0.002203
2.02886 0.016997
2.03304 0.014381
2.03722 0.006901
2.04141 0.000932
2.04559 0.003172
2.04977 0.006592
2.05396 0.000644
2.05814 0.002411
2.06232 0.00772
2.06651 0.000744
2.07069 0.011633
2.07487 0.002676
2.07906 0.0016
2.08324 0.008338
2.08742 0.011436
2.09161 0.00659
2.09579 0.000481
2.09997 0.010548
2.10416 0.005711
2.10834 0.011746
2.11252 0.012159
2.11671 0.002443
2.12089 0.013063
2.12507 0.004276
2.12926 0.006236
2.13344 0.009603
2.13762 0.000406
2.1418 0.004099
2.14599 0.004461
2.15017 0.000431
2.15435 0.004035
2.15854 0.003927
2.16272 0.006685
2.1669 0.000967
2.17109 0.016921
2.17527 0.000554
2.17945 0.006141
2.18364 0.004276
2.18782 0.005083
2.192 0.010765
2.19619 0.015945
2.20037 0.00025
2.20455 0.004884
2.20874 0.012854
2.21292 0.014125
2.2171 0.015951
2.22129 0.011428
2.22547 0.009085
2.22965 0.000415
2.23384 0.01019
2.23802 0.000223
2.2422 0.008023
2.24639 0.000428
2.25057 0.005064
2.25475 0.012493
2.25893 0.001964
2.26312 0.008542
2.2673 0.00377
2.27148 0.004591
2.27567 0.014862
2.27985 0.002778
2.28403 0.000654
2.28822 0.000434
2.2924 0.005769
2.29658 0.008362
2.30077 0.007474
2.30495 0.002125
2.30913 0.008584
2.31332 0.011911
2.3175 0.002685
2.32168 0.004575
2.32587 0.000998
2.33005 0.001724
2.33423 0.000756
2.33842 0.002812
2.3426 0.007332
2.34678 0.011631
2.35097 0.013139
2.35515 0.011225
2.35933 0.005603
2.36352 0.013369
2.3677 0.010422
2.37188 0.002265
2.37606 8.4e-05
2.38025 0.006044
2.38443 0.001247
2.38861 0.00301
2.3928 0.006635
2.39698 0.000638
2.40116 0.002268
2.40535 0.007707
2.40953 0.021751
2.41371 0.022212
2.4179 0.001736
2.42208 0.003719
2.42626 0.001085
2.43045 0.005119
2.43463 0.013864
2.43881 0.000535
2.443 0.012072
2.44718 0.008561
2.45136 0.00975
2.45555 0.010284
2.45973 0.012521
2.46391 0.005357
2.4681 0.014202
2.47228 0.005366
2.47646 0.004183
2.48065 0.00099
2.48483 0.010096
2.48901 0.009406
2.49319 0.01219
2.49738 0.010959
2.50156 0.013817
2.50574 0.011827
2.50993 0.013494
2.51411 0.001454
2.51829 0.001165
2.52248 0.000451
2.52666 0.012184
2.53084 0.008861
2.53503 0.0086
2.53921 0.015405
2.54339 0.012149
2.54758 0.008011
2.55176 0.001988
2.55594 0.002135
2.56013 0.017912
2.56431 0.002706
2.56849 0.007961
2.57268 0.01321
2.57686 0.000947
2.58104 0.01601
2.58523 0.00652
2.58941 0.002719
2.59359 0.004463
2.59778 0.001222
2.60196 0.019211
2.60614 0.003796
2.61032 0.003643
2.61451 0.012905
2.61869 0.002633
2.62287 0.004655
2.62706 0.003735
2.63124 0.019278
2.63542 0.011933
2.63961 0.007188
2.64379 0.017295
2.64797 0.012752
2.65216 0.015685
2.65634 0.006572
2.66052 0.008947
2.66471 0.00528
2.66889 0.001959
2.67307 0.012882
2.67726 0.003658
2.68144 0.010651
2.68562 0.004235
2.68981 0.010835
2.69399 0.011145
2.69817 0.013064
2.70236 0.001244
2.70654 0.001075
2.71072 0.00874
2.7149 0.004419
2.71909 0.009039
2.72327 0.009725
2.72745 0.014318
2.73164 0.00676
2.73582 0.002525
2.74 0.001577
2.74419 0.007633
2.74837 0.005728
2.75255 0.020582
2.75674 0.015739
2.76092 0.003487
2.7651 0.001546
2.76929 0.006834
2.77347 0.004775
2.77765 0.017376
2.78184 0.000648
2.78602 0.013057
2.7902 0.019608
2.79439 0.00272
2.79857 0.002106
2.80275 0.01658
2.80694 0.009154
2.81112 0.001644
2.8153 0.024727
2.81949 0.008741
2.82367 0.006356
2.82785 0.003004
2.83203 0.017324
2.83622 0.010756
2.8404 0.000493
2.84458 0.017888
2.84877 0.010225
2.85295 0.009142
2.85713 0.001858
2.86132 0.011967
2.8655 0.022962
2.86968 0.008554
2.87387 0.000875
2.87805 0.006868
2.88223 0.004617
2.88642 0.000723
2.8906 0.005842
2.89478 0.003282
2.89897 0.003464
2.90315 0.0014
2.90733 0.001709
2.91152 0.013253
2.9157 0.016479
2.91988 0.002853
2.92407 0.015311
2.92825 0.007525
2.93243 3.6e-05
2.93662 0.00887
2.9408 0.014127
2.94498 0.006709
2.94916 0.003798
2.95335 0.001944
2.95753 0.010911
2.96171 0.004051
2.9659 0.007284
2.97008 0.006366
2.97426 0.017752
2.97845 0.002123
2.98263 0.008565
2.98681 0.006285
2.991 0.007988
2.99518 0.007079
2.99936 0.004118
3.00355 0.002202
3.00773 0.007885
3.01191 0.022343
3.0161 0.013347
3.02028 0.006343
3.02446 0.006735
3.02865 0.006142
3.03283 0.014322
3.03701 0.011188
3.0412 0.010278
3.04538 0.003145
3.04956 0.001416
3.05375 0.018837
3.05793 0.004862
3.06211 0.011904
3.06629 0.006176
3.07048 0.018153
3.07466 0.00793
3.07884 0.011407
3.08303 0.002254
3.08721 0.011568
3.09139 0.006796
3.09558 2.4e-05
3.09976 0.003668
3.10394 0.006449
3.10813 0.00883
3.11231 0.010721
3.11649 0.003628
3.12068 0.000249
3.12486 0.006171
3.12904 0.000715
3.13323 0.0018
3.13741 0.006796
