15 0.00268413
15.5 0.00206897
16 0.00741477
16.5 0.0772316
17 0.00730683
17.5 0.00237681
18 0.00296419
18.5 0.0052791
19 0.00292377
19.5 0.0017638
20 0.00126286
20.5 0.00113893
21 0.00119806
21.5 0.00188639
22 0.00320435
22.5 0.00448999
23 0.00517946
23.5 0.00473539
24 0.00372659
24.5 0.0025304
25 0.00124313
25.5 0.000418092
26 0.000298216
26.5 0.000386882
27 0.000387416
27.5 0.000321101
28 0.000292089
28.5 0.000335217
29 0.000411293
29.5 0.00043296
30 0.000447814
30.5 0.000431592
31 0.000422886
31.5 0.000411185
32 0.000399104
32.5 0.000417372
33 0.000373561
33.5 0.000330379
34 0.000305294
34.5 0.000318451
35 0.000365046
35.5 0.00041718
36 0.000415635
36.5 0.000431369
37 0.000442265
37.5 0.000445215
38 0.000448048
38.5 0.00044852
39 0.00046073
39.5 0.000400326
40 0.000820315
40.5 0.00394131
41 0.00723938
41.5 0.0151509
42 0.031956
42.5 0.0439457
43 0.0388872
43.5 0.0122705
44 0.00520142
44.5 0.00396049
45 0.00794419
45.5 0.0168501
46 0.0200482
46.5 0.0118416
47 0.00519505
47.5 0.00137614
48 0.000368064
48.5 0.000453117
49 0.00154516
49.5 0.00496636
50 0.00591412
50.5 0.00446101
51 0.00249596
51.5 0.00195953
52 0.00179635
52.5 0.00466778
53 0.00673271
53.5 0.00991417
54 0.00632404
54.5 0.00273227
55 0.0015701
55.5 0.00169741
56 0.0027919
56.5 0.00400524
57 0.00319699
57.5 0.00148357
58 0.000582373
58.5 0.000278401
59 0.000223728
59.5 0.00028699
60 0.00044112
60.5 0.000414613
61 0.000550935
61.5 0.00162467
62 0.00285488
62.5 0.00320997
63 0.0054509
63.5 0.0152988
64 0.007511
64.5 0.00329073
65 0.00250225
65.5 0.00229011
66 0.000922631
66.5 0.000919915
67 0.00176725
67.5 0.00193707
68 0.00142271
68.5 0.000583387
69 0.000314121
69.5 0.000385769
70 0.000305855
70.5 0.000392421
71 0.00109419
71.5 0.0021045
72 0.00249269
72.5 0.00171568
73 0.000631475
73.5 0.000380583
74 0.000802874
74.5 0.0014952
75 0.00202744
75.5 0.00180189
76 0.000982334
76.5 0.000543379
77 0.000408815
77.5 0.000382814
78 0.000398206
78.5 0.000442529
79 0.000472664
79.5 0.000459388
80 0.000456308
80.5 0.000468483
81 0.00046171
81.5 0.000446965
82 0.000442779
82.5 0.000442061
83 0.000438032
83.5 0.000443898
84 0.0004407
84.5 0.000429589
85 0.000422139
85.5 0.000423154
86 0.000431623
86.5 0.000440894
87 0.000442732
87.5 0.000462342
88 0.000401318
88.5 0.000382078
89 0.000425219
89.5 0.000384298
90 0.000341769
90.5 0.000357228
91 0.000384542
91.5 0.000321109
92 0.000270802
92.5 0.00035679
93 0.000468532
93.5 0.000326022
94 0.000220602
94.5 0.000337322
95 0.00180572
95.5 0.00185402
96 0.000708821
96.5 0.000837776
97 0.0156276
97.5 0.0297494
98 0.00304522
98.5 0.00370079
99 0.050776
99.5 0.0038731
100 0.000834221
100.5 0.00113245
101 0.00969119
101.5 0.00121958
102 0.000703854
102.5 0.000948974
103 0.000682179
103.5 0.000160978
104 0.000185431
104.5 0.000324536
105 0.00272382
105.5 0.000676247
106 0.000574221
106.5 0.000772632
107 0.00975928
107.5 0.00126614
108 0.00128756
108.5 0.0104111
109 0.25067
109.5 0.0200518
110 0.00733326
110.5 0.0130413
111 0.0520635
111.5 0.0200721
112 0.0100517
112.5 0.0204671
113 0.0312435
113.5 0.0094145
114 0.00785419
114.5 0.016281
115 0.00882627
115.5 0.00305157
116 0.00276653
116.5 0.00325972
117 0.000868195
117.5 0.0013285
118 0.00269026
118.5 0.00692693
119 0.00418408
119.5 0.00219532
120 0.000528666
120.5 0.000422458
121 0.000370185
121.5 0.000769396
122 0.00319228
122.5 0.00447474
123 0.00390577
123.5 0.00336647
124 0.00317036
124.5 0.00535421
125 0.00683492
125.5 0.0102346
126 0.0151929
126.5 0.0110272
127 0.00579517
127.5 0.00433921
128 0.00341901
128.5 0.00133554
129 0.000837027
129.5 0.00144458
130 0.00410601
130.5 0.00752941
131 0.00955187
131.5 0.0124515
132 0.0142124
132.5 0.0115383
133 0.00676087
133.5 0.00313761
134 0.00321005
134.5 0.00392832
135 0.00508723
135.5 0.00699096
136 0.00718323
136.5 0.00505771
137 0.000947635
137.5 0.00039238
138 0.000307763
138.5 0.000745553
139 0.00161673
139.5 0.00411323
140 0.0046147
140.5 0.00154172
141 0.000969593
141.5 0.00380218
142 0.00700871
142.5 0.00427476
143 0.00457589
143.5 0.00817454
144 0.0145188
144.5 0.00449872
145 0.00290493
145.5 0.00295678
146 0.00163936
146.5 0.000793946
147 0.000645872
147.5 0.000505047
148 0.000315369
148.5 0.000261705
149 0.000292979
149.5 0.000416982
150 0.000346713
150.5 0.000283493
151 0.000353314
151.5 0.000360506
152 0.000266929
152.5 0.000246477
153 0.000274941
153.5 0.000355144
154 0.000419008
154.5 0.000373678
155 0.000365232
155.5 0.000411793
156 0.000375635
156.5 0.000318092
157 0.000308237
157.5 0.000348604
158 0.000363748
158.5 0.000391187
159 0.000410335
159.5 0.000406141
160 0.00038883
160.5 0.000400369
161 0.000441663
161.5 0.000462295
162 0.000398529
162.5 0.000375318
163 0.00037311
163.5 0.000378651
164 0.000377158
164.5 0.000377589
165 0.00037492
165.5 0.000385431
166 0.000415761
166.5 0.000436792
167 0.000418772
167.5 0.000394643
168 0.000400267
168.5 0.000426267
169 0.000458629
169.5 0.000433561
170 0.000423628
170.5 0.00043587
171 0.000425776
171.5 0.000404274
172 0.000418416
172.5 0.000450437
173 0.000553674
173.5 0.000587774
