15 0.996361
15.5 0.0778187
16 0.00316741
16.5 0.000542817
17 0.00408041
17.5 0.0124847
18 0.125874
18.5 0.112844
19 0.00477578
19.5 0.00114311
20 0.000288987
20.5 7.40263e-05
21 0.000208849
21.5 0.000515243
22 0.000712282
22.5 0.000424408
23 0.000239665
23.5 0.000154684
24 0.000488559
24.5 0.00210292
25 0.0208419
25.5 0.00288397
26 6.09528e-05
26.5 9.49937e-06
27 2.95318e-06
27.5 2.65812e-06
28 2.74869e-06
28.5 7.20651e-06
29 1.0395e-05
29.5 6.08839e-06
30 2.66605e-06
30.5 1.24083e-06
31 1.48743e-06
31.5 1.53746e-06
32 7.49197e-07
32.5 2.19628e-07
33 1.49637e-07
33.5 1.75538e-07
34 1.73018e-07
34.5 1.29513e-07
35 1.22593e-07
35.5 1.19348e-07
36 8.65801e-08
36.5 6.39746e-08
37 5.42032e-08
37.5 5.11202e-08
38 4.82774e-08
38.5 1.05963e-07
39 2.21408e-06
39.5 0.000625659
40 0.0515842
40.5 0.980431
41 0.987428
41.5 0.912629
42 0.222459
42.5 0.947142
43 0.967238
43.5 0.986646
44 0.987451
44.5 0.909767
45 0.764491
45.5 0.525189
46 0.0364202
46.5 0.969555
47 0.990744
47.5 0.605513
48 0.00109678
48.5 0.00214012
49 0.521882
49.5 0.990098
50 0.924544
50.5 0.985947
51 0.986624
51.5 0.984769
52 0.902734
52.5 0.874202
53 0.839647
53.5 0.725751
54 0.200111
54.5 0.00913116
55 0.00115306
55.5 0.00184843
56 0.00191904
56.5 0.00205818
57 0.00136374
57.5 0.000811752
58 0.000228076
58.5 5.64917e-05
59 1.6741e-05
59.5 4.59397e-06
60 1.20083e-06
60.5 2.12064e-06
61 3.8319e-05
61.5 0.00679776
62 0.189619
62.5 0.0335488
63 0.00194773
63.5 0.000324938
64 0.000390626
64.5 0.0011644
65 0.00619185
65.5 0.236656
66 0.323802
66.5 0.30836
67 0.275624
67.5 0.00916829
68 0.00899273
68.5 0.073987
69 0.00115207
69.5 0.000165254
70 0.000513942
70.5 0.0208283
71 0.037909
71.5 0.00151633
72 0.00709992
72.5 0.0206236
73 0.00187999
73.5 0.000229654
74 0.0130998
74.5 0.00661654
75 0.00161546
75.5 0.00208623
76 0.00112013
76.5 4.28178e-05
77 2.17687e-06
77.5 6.0021e-07
78 2.27649e-07
78.5 9.10478e-08
79 4.40906e-08
79.5 3.33831e-08
80 3.00078e-08
80.5 3.70323e-08
81 4.42566e-08
81.5 5.00789e-08
82 5.17163e-08
82.5 5.91587e-08
83 6.06845e-08
83.5 5.40372e-08
84 5.22422e-08
84.5 6.37195e-08
85 6.91401e-08
85.5 7.18383e-08
86 7.27994e-08
86.5 7.08602e-08
87 6.31644e-08
87.5 5.95067e-08
88 3.07982e-07
88.5 5.88397e-07
89 5.17324e-07
89.5 4.62987e-07
90 8.22426e-07
90.5 6.30378e-07
91 4.86215e-07
91.5 3.56435e-07
92 7.67631e-07
92.5 1.16384e-06
93 1.65961e-06
93.5 3.14469e-06
94 2.78661e-05
94.5 0.0897435
95 0.963674
95.5 0.997175
96 0.997569
96.5 0.997833
97 0.988013
97.5 0.980254
98 0.99376
98.5 0.994395
99 0.951128
99.5 0.11962
100 0.00608787
100.5 0.420471
101 0.9714
101.5 0.997156
102 0.995409
102.5 0.997717
103 0.0611454
103.5 0.00137896
104 0.000219884
104.5 0.277219
105 0.98864
105.5 0.999005
106 0.995755
106.5 0.999095
107 0.990477
107.5 0.0553505
108 0.000508457
108.5 0.00393928
109 0.0958843
109.5 0.742051
110 0.899915
110.5 0.970132
111 0.942054
111.5 0.888769
112 0.222654
112.5 0.0150297
113 0.000938387
113.5 0.000254058
114 0.000287708
114.5 0.00170493
115 0.0473673
115.5 0.608519
116 0.954706
116.5 0.957447
117 0.908285
117.5 0.953398
118 0.749235
118.5 0.0702046
119 0.645512
119.5 0.983112
120 0.027112
120.5 0.000293475
121 0.000577723
121.5 0.103239
122 0.974544
122.5 0.882802
123 0.963556
123.5 0.973234
124 0.913604
124.5 0.0758114
125 0.00987566
125.5 0.0121572
126 0.00806253
126.5 0.06757
127 0.596978
127.5 0.880886
128 0.83644
128.5 0.0080895
129 0.000723611
129.5 0.00161579
130 0.698448
130.5 0.939293
131 0.153098
131.5 0.0025728
132 0.665973
132.5 0.98434
133 0.989996
133.5 0.982861
134 0.96402
134.5 0.752002
135 0.143658
135.5 0.00588778
136 0.901488
136.5 0.989389
137 0.1517
137.5 0.000357474
138 0.000786292
138.5 0.878619
139 0.99211
139.5 0.98433
140 0.994803
140.5 0.995174
141 0.99165
141.5 0.99221
142 0.140834
142.5 0.0138372
143 0.00155878
143.5 0.0472569
144 0.415497
144.5 0.275441
145 0.136995
145.5 0.0210067
146 0.00261595
146.5 0.000292038
147 2.45043e-05
147.5 6.43354e-06
148 8.28646e-06
148.5 7.33825e-06
149 2.9635e-06
149.5 1.08338e-06
150 8.87119e-07
150.5 5.30805e-07
151 2.40216e-07
151.5 1.39787e-07
152 6.59615e-08
152.5 4.33621e-08
153 2.31853e-08
153.5 3.56721e-08
154 9.85726e-08
154.5 2.1169e-07
155 3.0563e-07
155.5 2.97941e-07
156 3.6971e-07
156.5 4.05643e-07
157 2.67553e-07
157.5 1.6795e-07
158 3.20195e-07
158.5 4.30781e-07
159 4.54567e-07
159.5 3.16559e-07
160 3.7155e-07
160.5 3.70669e-07
161 3.82507e-07
161.5 3.77147e-07
162 4.34856e-07
162.5 4.23005e-07
163 3.88071e-07
163.5 4.66681e-07
164 4.52869e-07
164.5 3.53025e-07
165 2.59298e-07
165.5 4.79819e-07
166 7.9826e-07
166.5 8.59516e-07
167 7.70974e-07
167.5 7.1457e-07
168 4.15053e-07
168.5 4.10659e-07
169 2.04851e-07
169.5 1.48081e-07
170 8.56876e-08
170.5 8.52288e-08
171 1.68089e-07
171.5 5.64729e-07
172 1.48649e-06
172.5 3.02303e-06
173 3.55226e-06
173.5 8.17261e-06
