15 0.00188315
15.5 0.000880544
16 0.000272804
16.5 0.0001731
17 0.000250584
17.5 0.000586692
18 0.000465392
18.5 0.000492492
19 0.00042755
19.5 0.000391337
20 0.000361475
20.5 0.000402163
21 0.000408503
21.5 0.000412069
22 0.000396135
22.5 0.000411885
23 0.000443498
23.5 0.000475954
24 0.000388114
24.5 0.000438426
25 0.000710958
25.5 0.000875817
26 0.000634624
26.5 0.000393569
27 0.000389833
27.5 0.000391287
28 0.00046223
28.5 0.000474793
29 0.000473107
29.5 0.000407193
30 0.000386097
30.5 0.000379107
31 0.000380213
31.5 0.000426198
32 0.0004313
32.5 0.000414375
33 0.00039319
33.5 0.000398721
34 0.000430991
34.5 0.000435946
35 0.000393902
35.5 0.000380809
36 0.000379648
36.5 0.000414982
37 0.000413194
37.5 0.000414668
38 0.00045977
38.5 0.000408974
39 0.000585376
39.5 0.00243962
40 0.00456336
40.5 0.00466363
41 0.00390251
41.5 0.00211952
42 0.000967947
42.5 0.00266277
43 0.00383059
43.5 0.00474384
44 0.00484338
44.5 0.00257242
45 0.00193062
45.5 0.00140843
46 0.000664777
46.5 0.00273862
47 0.00651172
47.5 0.0182692
48 0.036924
48.5 0.0266033
49 0.00974056
49.5 0.00448086
50 0.00157714
50.5 0.00247764
51 0.00377596
51.5 0.00333098
52 0.00174871
52.5 0.00183192
53 0.00211734
53.5 0.00126803
54 0.000575858
54.5 0.000325825
55 0.000350765
55.5 0.000327159
56 0.000296909
56.5 0.000335707
57 0.000445088
57.5 0.000370551
58 0.000307099
58.5 0.000350862
59 0.000362495
59.5 0.000303935
60 0.000342573
60.5 0.000413496
61 0.000377894
61.5 0.000450984
62 0.000830241
62.5 0.000709413
63 0.000362786
63.5 0.000298429
64 0.000315259
64.5 0.00041181
65 0.000517538
65.5 0.0010693
66 0.00149252
66.5 0.00158426
67 0.00117307
67.5 0.00050945
68 0.000515471
68.5 0.00171755
69 0.00352177
69.5 0.00402408
70 0.00356103
70.5 0.0023615
71 0.000653937
71.5 0.000329421
72 0.000474362
72.5 0.000703776
73 0.000644145
73.5 0.000519367
74 0.000654945
74.5 0.000492519
75 0.00035206
75.5 0.000387797
76 0.000488683
76.5 0.000472594
77 0.000409993
77.5 0.000391171
78 0.00039826
78.5 0.000385959
79 0.000408681
79.5 0.000448367
80 0.000457912
80.5 0.0004436
81 0.000454211
81.5 0.000462846
82 0.000453428
82.5 0.000439794
83 0.000442496
83.5 0.000446936
84 0.000452987
84.5 0.000451825
85 0.000451256
85.5 0.000443322
86 0.000444388
86.5 0.000426115
87 0.000399434
87.5 0.000410635
88 0.00042855
88.5 0.000382454
89 0.000339987
89.5 0.000395612
90 0.000416359
90.5 0.000330177
91 0.000306334
91.5 0.00038168
92 0.00041803
92.5 0.000306493
93 0.000278448
93.5 0.000224055
94 0.000249687
94.5 0.000634269
95 0.000581331
95.5 0.000654028
96 0.00187853
96.5 0.00130999
97 0.000540788
97.5 0.000633028
98 0.00252444
98.5 0.00140324
99 0.000561018
99.5 0.000281389
100 0.000515172
100.5 0.000405832
101 0.000468389
101.5 0.000880937
102 0.0043701
102.5 0.00123538
103 0.000847482
103.5 0.00209658
104 0.0155602
104.5 0.000978565
105 0.000599697
105.5 0.000979448
106 0.0059332
106.5 0.000754353
107 0.000630118
107.5 0.000262418
108 0.000330191
108.5 0.000165686
109 0.000255911
109.5 0.000771597
110 0.0020958
110.5 0.00132981
111 0.00103982
111.5 0.000991621
112 0.00102113
112.5 0.000330858
113 0.00022741
113.5 0.000381038
114 0.000384383
114.5 0.000252479
115 0.0003839
115.5 0.00147222
116 0.00170529
116.5 0.00123201
117 0.00167998
117.5 0.00298348
118 0.00100075
118.5 0.000357563
119 0.000912091
119.5 0.00462152
120 0.00508269
120.5 0.00572509
121 0.00647509
121.5 0.00569887
122 0.00284534
122.5 0.00146372
123 0.00255436
123.5 0.00302916
124 0.00206146
124.5 0.000783618
125 0.000560329
125.5 0.000555395
126 0.000409231
126.5 0.000604397
127 0.00133653
127.5 0.00174478
128 0.00140275
128.5 0.000392051
129 0.000387192
129.5 0.000428712
130 0.00127007
130.5 0.00176541
131 0.000738214
131.5 0.00041396
132 0.0013306
132.5 0.00306185
133 0.00433543
133.5 0.00539382
134 0.00267049
134.5 0.00161178
135 0.00102644
135.5 0.000415795
136 0.0014741
136.5 0.00477569
137 0.0121359
137.5 0.00995879
138 0.00534315
138.5 0.00486172
139 0.00273622
139.5 0.000951438
140 0.00152722
140.5 0.00386177
141 0.00432533
141.5 0.00161375
142 0.000464603
142.5 0.000447715
143 0.000342645
143.5 0.000357078
144 0.00053798
144.5 0.000772987
145 0.00084267
145.5 0.000389067
146 0.000334983
146.5 0.00039193
147 0.000302992
147.5 0.000280257
148 0.000334612
148.5 0.000402084
149 0.000330067
149.5 0.000264236
150 0.000286368
150.5 0.000386758
151 0.000292497
151.5 0.00025968
152 0.000329366
152.5 0.000431865
153 0.00042261
153.5 0.000355702
154 0.000332684
154.5 0.000375036
155 0.000385141
155.5 0.00036632
156 0.000379408
156.5 0.000399604
157 0.000415525
157.5 0.000391539
158 0.00038773
158.5 0.000390857
159 0.000405103
159.5 0.000402886
160 0.000382495
160.5 0.000400086
161 0.000401283
161.5 0.000395227
162 0.000396255
162.5 0.00038638
163 0.000396837
163.5 0.00039885
164 0.000398633
164.5 0.000399641
165 0.000419275
165.5 0.000418467
166 0.000410176
166.5 0.000410695
167 0.000395911
167.5 0.000381545
168 0.000384862
168.5 0.000404133
169 0.000396991
169.5 0.000391164
170 0.000407448
170.5 0.000406253
171 0.000412591
171.5 0.000423593
172 0.00041603
172.5 0.000412191
173 0.000382202
173.5 0.000369338
