(151.466711,0.000000),(-0.009987,0.000000)
(-0.051000,-0.057182),(0.027833,-0.016896)
(0.004183,0.072290),(-0.023500,-0.013460)
(0.011187,-0.067305),(0.011087,0.001570)
(-0.025580,0.051757),(-0.027742,-0.002720)
(0.041863,-0.006955),(0.002917,-0.020149)
(-0.025016,-0.038249),(0.004701,-0.035691)
(-0.053559,0.016184),(0.002551,-0.010987)
(0.016438,-0.053190),(-0.057967,-0.033507)
(-0.046278,-0.011411),(-0.001697,-0.005620)
(-0.012268,0.107942),(-0.008531,0.011530)
(-0.020589,-0.088422),(0.001662,0.002978)
(0.045141,0.026935),(0.026169,0.000486)
(0.024515,-0.010300),(-0.044509,-0.000765)
(0.006844,0.018914),(0.022165,-0.022389)
(0.050289,-0.061747),(-0.020761,0.001510)
(0.036662,-0.049525),(-0.044312,0.011944)
(0.075482,-0.051327),(-0.038490,-0.034624)
(0.067987,0.055142),(0.060049,0.001051)
(-0.031837,-0.071789),(-0.014941,0.011402)
(-0.048745,0.013712),(-0.017108,0.059531)
(0.056012,-0.057792),(0.020766,-0.041270)
(-0.096009,0.068025),(-0.055324,0.033618)
(0.061014,-0.063996),(-0.023445,0.010611)
(-0.125192,-0.030870),(0.001134,0.029427)
(0.035214,-0.058888),(0.002329,-0.021212)
(-0.027599,-0.000648),(0.015103,0.005946)
(-0.038664,-0.052900),(-0.010067,0.010673)
(-0.024997,-0.064888),(-0.087577,0.014643)
(0.001526,-0.047242),(-0.004822,-0.072806)
(-0.014949,-0.062016),(0.046824,-0.015687)
(0.017886,0.001859),(-0.019772,-0.006441)
(0.050698,-0.027126),(-0.022526,0.026093)
(0.087135,0.029363),(-0.013109,-0.035844)
(0.036807,0.001343),(0.006537,-0.001570)
(-0.034275,0.079677),(0.058900,0.032056)
(0.048395,-0.117140),(-0.053128,0.026140)
(0.048529,-0.010363),(-0.000512,-0.009697)
(0.045507,0.115944),(0.025016,-0.015229)
(-0.009476,-0.081241),(0.056281,0.029499)
(-0.095855,0.045083),(-0.036477,0.019442)
(0.036587,0.063103),(0.049025,0.013327)
(-0.024423,0.030875),(-0.045452,-0.011604)
(-0.058278,-0.075249),(0.028254,-0.043502)
(0.003337,-0.067838),(0.007408,-0.014065)
(0.098882,-0.030848),(-0.060943,-0.048602)
(0.039734,0.030599),(0.018599,-0.009994)
(-0.028046,0.062796),(0.045678,-0.027158)
(-0.052783,-0.002442),(-0.035723,0.052485)
(0.011649,0.125714),(-0.037466,0.012322)
(0.030706,-0.069883),(0.019506,-0.033042)
(0.064016,0.005350),(0.013457,0.047884)
(0.003133,-0.022265),(-0.004843,0.064943)
(0.060432,0.040368),(-0.005321,0.011936)
(0.012252,-0.048704),(0.047308,-0.064238)
(0.015036,-0.060731),(-0.048392,0.047577)
(0.012324,0.009138),(-0.066295,-0.006635)
(-0.042038,-0.013363),(-0.047179,0.025458)
(0.097715,0.014199),(0.005152,-0.050963)
(-0.001824,0.036877),(0.007390,0.013536)
(0.028388,0.032236),(-0.022318,-0.012703)
(0.043781,0.038229),(-0.044943,0.022484)
(0.023117,0.000739),(-0.018697,0.010021)
(-0.052864,0.025514),(-0.028490,0.048651)
(0.079649,-0.020240),(0.025300,0.035717)
(-0.049241,0.010501),(-0.071444,-0.006983)
(-0.023708,0.053921),(0.008592,-0.021097)
(0.034533,-0.040470),(-0.008661,-0.057185)
(-0.044138,-0.021177),(-0.056363,-0.042113)
(0.032601,-0.039575),(-0.001990,-0.012369)
(-0.034451,0.023054),(0.021473,-0.056171)
(0.010641,-0.006235),(-0.024488,-0.003652)
(-0.049772,0.035539),(0.064393,0.059055)
(-0.047564,-0.014574),(-0.012567,0.004603)
(-0.067087,0.008993),(-0.093358,-0.043683)
(-0.011985,-0.024955),(0.047202,-0.068315)
(0.036110,-0.057217),(0.030167,0.117735)
(0.027495,-0.009467),(-0.106045,-0.050219)
(-0.022995,-0.080225),(-0.037983,0.003594)
(-0.009286,-0.010017),(0.009124,0.058334)
(-0.002819,-0.003198),(0.039906,-0.091726)
(0.009513,0.036626),(0.010948,-0.051067)
(-0.002969,0.009942),(0.019662,-0.016339)
(0.020953,-0.038685),(-0.014463,0.037411)
(-0.022028,0.079048),(0.011115,0.027838)
(-0.067086,0.056184),(0.040423,-0.016064)
(-0.023513,-0.011784),(-0.108835,0.022445)
(0.040107,0.028022),(0.070644,-0.022107)
(0.031161,-0.027163),(0.041704,0.018142)
(0.006470,0.007855),(0.045342,-0.079382)
(-0.004314,0.006139),(-0.092071,-0.016459)
(-0.011191,-0.005566),(-0.079996,0.019183)
(-0.007344,0.060732),(-0.020194,-0.037787)
(0.007063,-0.029669),(-0.120563,-0.075302)
(0.017437,-0.053562),(0.011853,-0.046584)
(0.045953,0.009349),(0.008968,0.085826)
(-0.003121,-0.013010),(-0.005387,0.007834)
(-0.040616,-0.053585),(0.018418,0.047259)
(-0.018981,0.004893),(0.022583,-0.085346)
(-0.049635,-0.031974),(-0.046058,-0.072642)
(0.038212,0.044247),(-0.026964,0.083615)
(0.014267,0.023352),(-0.072944,-0.003901)
(0.014831,-0.020309),(0.020271,0.007779)
(-0.007588,-0.030002),(-0.052406,-0.019120)
(-0.017282,-0.017891),(0.032794,0.044145)
(-0.003187,0.013598),(-0.033062,0.008352)
(0.000927,-0.040981),(-0.026921,0.011167)
(0.010718,-0.002045),(0.072803,-0.053406)
(-0.004366,0.000122),(-0.007731,-0.047467)
(-0.004608,-0.020491),(0.015508,-0.033282)
(-0.007342,0.006456),(0.035087,0.045825)
(0.006407,-0.020801),(0.110772,0.127739)
(0.001733,0.021060),(-0.045973,0.001617)
(0.015525,-0.023418),(0.079759,0.000972)
(0.001293,-0.007277),(-0.008456,-0.027564)
(0.007740,0.001834),(-0.103399,-0.075343)
(-0.021246,-0.030742),(-0.022261,-0.017366)
(0.001669,-0.010902),(-0.055576,-0.021036)
(0.006992,-0.037260),(-0.030063,-0.018117)
(-0.010792,-0.009393),(0.035296,0.012121)
(-0.022576,-0.036080),(-0.050548,0.029442)
(-0.007694,-0.015190),(-0.001670,-0.060399)
(0.022980,-0.047080),(0.153993,0.048481)
(0.013303,0.030515),(0.011807,-0.024603)
(0.015869,-0.035546),(-0.036970,-0.086326)
(0.016137,-0.014283),(0.041883,0.045179)
(0.012915,-0.004766),(-0.076788,0.115226)
(-0.029568,0.017838),(-0.010995,0.068726)
(-0.030205,0.000052),(-0.053815,0.017199)
(-0.007330,-0.002957),(0.003704,-0.039927)
(-0.038704,-0.007167),(0.019105,-0.045441)
(-0.001105,-0.038278),(0.048899,0.055300)
(0.050448,0.021268),(-0.050736,-0.087640)
(0.005631,0.012487),(-0.118514,-0.038113)
(0.023526,-0.008264),(0.065213,-0.110326)
(-0.028672,-0.022821),(0.036546,-0.037862)
(-0.063727,-0.042507),(0.022739,-0.070061)
(0.002376,-0.050350),(0.014919,-0.007983)
(0.035562,-0.044361),(0.161607,0.052312)
(0.050534,0.044100),(-0.028976,0.026775)
(0.055863,-0.071336),(0.028063,-0.084687)
(-0.031539,-0.023809),(-0.033557,0.043278)
(-0.010637,-0.063012),(0.023950,-0.013510)
(-0.056018,-0.033795),(-0.070165,-0.055695)
(0.016230,0.018016),(-0.033656,-0.001416)
(0.056224,-0.024783),(-0.048541,-0.070055)
(0.048265,0.000982),(-0.005149,-0.033077)
(0.045397,-0.042828),(-0.100352,0.163135)
(-0.037819,-0.051054),(-0.029747,0.078217)
(-0.042181,-0.033844),(-0.016100,-0.006458)
(-0.008998,0.071303),(0.015494,0.061926)
(-0.024969,0.087821),(-0.148693,-0.018594)
(0.082633,0.095119),(-0.023697,-0.102625)
(0.068826,0.009101),(0.091509,-0.069341)
(0.005245,0.021401),(0.036760,0.023563)
(-0.020704,0.016374),(-0.092811,-0.028181)
(0.059226,0.047498),(-0.069911,-0.070487)
(-0.067294,-0.071230),(-0.029161,-0.012240)
(0.015268,0.035385),(0.059210,-0.143586)
(0.046006,-0.015805),(0.026204,0.014771)
(-0.084096,-0.039911),(-0.165397,-0.030807)
(0.020567,0.039571),(-0.021279,-0.080985)
(0.016365,0.000977),(-0.029624,-0.070153)
(0.001564,0.057389),(-0.157508,0.011268)
(-0.020131,-0.057683),(-0.084192,-0.127452)
(-0.000567,0.005233),(-0.005024,0.012246)
(-0.025686,-0.017396),(-0.172968,-0.091051)
(0.024927,-0.016279),(-0.033173,0.030047)
(-0.011432,0.035732),(0.020126,0.138939)
(-0.030512,-0.058991),(-0.106029,-0.047348)
(0.009723,-0.019779),(0.115103,-0.048355)
(-0.055841,0.027024),(0.094827,0.101075)
(0.045672,-0.084119),(-0.144608,0.062561)
(0.018674,-0.003713),(-0.022511,-0.137026)
(-0.043175,0.021310),(0.140156,-0.060665)
(0.008851,0.010463),(-0.036187,0.217760)
(-0.043925,-0.064421),(-0.166254,-0.042855)
(0.037366,-0.051446),(-0.093530,-0.044387)
(0.108495,0.084322),(0.032469,0.037936)
(0.026496,0.029119),(0.102756,0.003862)
(-0.082546,-0.011101),(0.003375,0.009902)
(0.045174,0.004136),(-0.106134,-0.116764)
(0.030473,-0.010548),(0.127809,-0.025270)
(0.070200,-0.069098),(-0.032324,0.016341)
(-0.032590,0.076533),(-0.011704,0.194040)
(-0.142144,-0.101574),(-0.029124,-0.115093)
(0.016787,-0.035730),(0.001234,0.116202)
(0.029245,0.044375),(-0.002644,0.032314)
(-0.054205,-0.009864),(0.060357,-0.008760)
(-0.011489,-0.125925),(0.033819,-0.010090)
(0.049671,-0.011227),(-0.026431,-0.054930)
(-0.067982,0.054417),(-0.056357,-0.067309)
(-0.060024,0.065024),(-0.072212,0.034367)
(-0.032122,-0.046058),(-0.039569,-0.061768)
(-0.013065,0.079321),(-0.112594,0.019310)
(0.018114,-0.043900),(0.121236,0.081883)
(0.023342,0.053401),(-0.142094,0.058943)
(-0.052135,0.042908),(0.025283,0.069761)
(0.093684,-0.188967),(0.024710,0.048582)
(0.115344,0.055695),(0.026348,0.039061)
(-0.029016,-0.044087),(-0.080385,-0.061102)
(-0.013812,-0.030625),(0.048359,-0.040726)
(-0.131541,-0.024435),(-0.034411,-0.096506)
(0.090956,0.188791),(-0.050274,0.095840)
(-0.265875,-0.154187),(0.023076,-0.006788)
(0.042635,0.045604),(0.075632,-0.050164)
(0.046757,0.102063),(0.012454,0.032105)
(0.035088,-0.041256),(-0.040783,0.053636)
(-0.081052,0.011246),(0.057588,0.021582)
(0.041531,0.000818),(0.011494,-0.008027)
(-0.025768,-0.126498),(0.019904,-0.048972)
(-0.011249,-0.136334),(0.033127,0.083302)
(0.026553,0.224632),(-0.125122,-0.044748)
(0.038362,0.065112),(0.029610,0.073109)
(0.121181,-0.102575),(0.081597,0.029243)
(-0.060175,-0.002046),(0.042107,0.210095)
(-0.035861,0.004590),(-0.055133,-0.028305)
(-0.019461,-0.043197),(0.014342,0.048106)
(0.009693,-0.004432),(0.016895,0.069944)
(0.071498,0.018642),(-0.038856,-0.002504)
(0.026746,-0.089759),(0.027428,0.092227)
(-0.003697,0.020001),(-0.007008,-0.004407)
(-0.023171,0.000211),(-0.024196,-0.072691)
(0.071428,0.019552),(0.045511,-0.006762)
(-0.060287,-0.022011),(0.015850,0.005677)
(0.034148,0.103459),(-0.067491,-0.031223)
(0.036425,0.032304),(0.156362,-0.052956)
(0.020378,0.034110),(0.021768,0.043193)
(0.052757,0.025081),(0.017972,0.001414)
(-0.038544,-0.066627),(-0.033747,-0.043879)
(0.040307,0.146326),(0.069958,-0.066931)
(0.081457,-0.048765),(-0.089095,0.044716)
(-0.060601,0.025309),(-0.009827,0.081631)
(0.024210,0.010454),(0.031858,-0.060884)
(-0.003482,0.017747),(0.052021,-0.114287)
(-0.037317,0.059592),(0.060518,0.072238)
(0.037499,-0.036458),(0.065540,0.068618)
(0.017006,0.091833),(-0.022865,-0.006160)
(0.049492,0.025099),(0.045520,0.005786)
(-0.069830,0.016283),(0.088416,-0.028197)
(0.049791,0.033293),(-0.027686,-0.032985)
(-0.038207,-0.019410),(-0.062170,-0.013639)
(0.017667,-0.026617),(-0.015557,-0.089636)
(-0.020944,0.045574),(0.025260,0.046932)
(-0.054243,-0.014181),(-0.014471,0.037338)
(0.063069,-0.083098),(-0.056749,-0.007288)
(-0.011602,0.061149),(-0.041908,-0.096658)
(-0.005178,0.044257),(0.024373,-0.038384)
(-0.009795,-0.073018),(0.031926,0.049533)
(0.070851,0.035316),(-0.036525,0.010935)
(0.010964,0.060535),(0.035889,-0.047373)
(0.004950,0.020646),(0.044683,0.013528)
(-0.007215,0.034303),(0.015058,0.015169)
(0.055120,-0.062769),(0.018241,-0.000723)
(0.011753,0.067562),(0.004152,0.028091)
(0.027068,-0.033309),(0.005694,-0.033169)
(-0.011789,-0.055949),(-0.011375,0.060684)
(0.022043,-0.087560),(0.019730,-0.041412)
(-0.040148,0.001174),(-0.107431,-0.020540)
(-0.012611,0.013113),(0.040982,0.068535)
(-0.092497,-0.083408),(-0.019799,-0.006412)
(0.027464,-0.016901),(-0.062237,0.044681)
(-0.038846,-0.057851),(0.053699,-0.128486)
(0.043462,0.011301),(0.009560,-0.004770)
(-0.075297,0.037096),(-0.022426,-0.057825)
(-0.040099,0.045341),(-0.065292,0.019776)
(-0.054448,0.030996),(0.065779,0.023402)
(-0.031988,0.044130),(-0.048210,0.012440)
(-0.109478,0.000126),(0.006651,0.001952)
(-0.021544,0.054200),(-0.002160,-0.007937)
(-0.000448,0.013546),(0.001870,-0.007027)
(-0.022691,0.042177),(0.041339,-0.016542)
(0.038743,0.004807),(0.019708,0.035007)
(-0.006463,-0.044187),(-0.009615,-0.060209)
(0.034606,0.014504),(0.043322,0.007192)
(0.040674,0.024731),(0.067833,-0.014050)
(0.029971,0.027943),(-0.025406,-0.002725)
(0.006940,0.036001),(-0.005320,-0.061970)
(0.057095,0.100891),(0.040739,0.026125)
(0.062825,0.004136),(-0.030943,-0.076535)
(-0.026381,0.040262),(-0.027374,0.030036)
(0.008656,-0.065920),(0.008567,-0.025936)
(-0.007392,0.036733),(-0.005573,-0.005528)
(0.003441,-0.066336),(-0.008582,0.035070)
(-0.029824,-0.034614),(-0.048699,-0.003166)
(0.044625,0.022372),(-0.008741,-0.028346)
(0.001333,-0.051595),(-0.005687,-0.018008)
(-0.025088,0.083541),(0.034802,0.036155)
(0.062393,0.021874),(-0.014974,-0.042804)
(0.001344,-0.019657),(-0.005417,0.007150)
(-0.037907,-0.002035),(0.037027,0.013743)
(-0.083876,0.020923),(-0.020957,0.006345)
(0.003747,0.057828),(-0.018557,-0.052633)
(0.075536,-0.010032),(-0.000673,-0.059409)
(0.035949,-0.023817),(0.016202,0.031766)
(0.056650,-0.021326),(-0.037461,0.014800)
(0.013416,-0.090418),(0.000135,0.037692)
(-0.039958,-0.029772),(-0.060874,-0.011349)
(-0.039274,-0.005077),(-0.005455,-0.068217)
(-0.020731,0.036348),(0.030319,0.015554)
(0.040623,0.078421),(-0.040870,0.070386)
(0.015107,0.059338),(-0.042174,0.004335)
(0.025549,0.007083),(0.017368,-0.013481)
(-0.074022,0.027134),(0.021821,0.009557)
(-0.016792,0.080860),(-0.049385,0.036404)
(-0.032415,0.002212),(0.025674,-0.004197)
(0.008243,-0.066215),(-0.038577,-0.006464)
(-0.022520,-0.003744),(0.019234,0.010415)
(0.010270,-0.004419),(0.026298,0.016112)
(0.018483,-0.054109),(0.010981,-0.010973)
(-0.008554,0.023026),(-0.045772,-0.056765)
(-0.070424,0.048317),(0.060037,0.017457)
(-0.005060,-0.049090),(0.000250,-0.016909)
(0.058756,0.011420),(-0.020507,0.058830)
(0.011849,0.011954),(0.014324,-0.037425)
(-0.015768,0.028123),(0.022031,-0.022499)
(0.029878,0.055744),(-0.024179,0.034695)
(0.043364,-0.024994),(0.003738,0.010891)
(0.025192,0.039216),(-0.013094,0.007601)
(0.014402,-0.044451),(-0.049462,-0.005783)
(0.019675,-0.021411),(0.023901,0.019226)
(0.011793,-0.050694),(-0.043337,0.015612)
(0.087086,0.040329),(-0.038090,0.010745)
(-0.046951,0.043175),(0.022609,-0.031676)
(0.002830,0.022142),(-0.013517,-0.010310)
(-0.056435,-0.005264),(0.015505,0.006621)
(-0.000087,0.044991),(-0.049696,-0.030097)
(0.000601,0.022562),(0.024453,-0.013753)
(-0.025942,0.032349),(-0.005720,-0.012484)
(-0.010334,0.011231),(0.039611,0.014593)
(-0.047694,-0.019624),(-0.023681,0.056753)
(0.031356,0.073628),(0.040097,-0.061717)
(-0.009598,-0.014215),(0.060107,0.002457)
(0.011848,0.009249),(0.020122,0.051876)
(0.010012,-0.023809),(-0.039854,-0.030819)
(0.031804,0.071962),(-0.001668,-0.044200)
(-0.016986,-0.010589),(-0.044708,-0.046773)
(-0.030789,0.049481),(-0.008533,-0.013278)
(0.017129,0.008492),(-0.015783,0.003597)
(-0.004973,0.021172),(-0.020029,0.025441)
(-0.027157,0.063327),(-0.012321,-0.011338)
(-0.043264,0.009705),(0.038733,0.038384)
(0.033226,0.037482),(-0.027611,0.012718)
(0.024415,0.016385),(-0.033250,0.007705)
(-0.004133,0.048590),(0.023670,-0.078714)
(-0.021640,-0.021539),(-0.017676,0.002152)
(0.024601,0.014657),(0.043002,-0.001653)
(0.026421,0.001414),(-0.022429,-0.025887)
(-0.058038,0.026270),(0.003522,-0.007257)
(0.021330,0.014782),(-0.017135,0.000788)
(-0.004321,-0.048776),(-0.009944,0.018837)
(0.035536,-0.009853),(-0.042665,-0.014793)
(0.003071,0.000962),(-0.015497,-0.013198)
(-0.051927,0.020502),(0.023752,-0.040403)
(0.006545,-0.018633),(-0.009968,0.027942)
(0.035793,-0.031030),(-0.020749,0.007462)
(0.021758,-0.000879),(-0.032608,-0.008288)
(0.025964,-0.016077),(0.029131,-0.011716)
(-0.046363,0.008694),(-0.041543,0.015040)
(-0.018498,0.038484),(0.035957,-0.003341)
(-0.002637,-0.015978),(0.033111,-0.018796)
(-0.005390,0.003533),(-0.043021,-0.003069)
(-0.031018,0.053407),(0.008120,0.043974)
(0.058636,-0.024933),(-0.006290,-0.000144)
(0.025065,-0.040110),(-0.005404,0.006913)
(-0.004417,0.021274),(-0.009339,0.025051)
(-0.016421,-0.000131),(0.016878,0.008331)
(0.029794,0.006208),(0.026968,-0.011897)
(0.017613,0.000472),(-0.044209,0.008222)
(-0.015535,0.037021),(0.003123,-0.013503)
(0.002170,-0.007179),(0.011469,-0.021310)
(-0.007998,-0.039897),(-0.029098,-0.039064)
(0.013608,0.028113),(-0.003400,0.003494)
(-0.029733,0.032905),(0.022234,0.010655)
(-0.019936,0.021320),(-0.039013,0.000169)
(-0.022920,-0.005754),(-0.015883,-0.001415)
(-0.015883,0.001415),(-0.022920,0.005754)
(-0.039013,-0.000169),(-0.019936,-0.021320)
(0.022234,-0.010655),(-0.029733,-0.032905)
(-0.003400,-0.003494),(0.013608,-0.028113)
(-0.029098,0.039064),(-0.007998,0.039897)
(0.011469,0.021310),(0.002170,0.007179)
(0.003123,0.013503),(-0.015535,-0.037021)
(-0.044209,-0.008222),(0.017613,-0.000472)
(0.026968,0.011897),(0.029794,-0.006208)
(0.016878,-0.008331),(-0.016421,0.000131)
(-0.009339,-0.025051),(-0.004417,-0.021274)
(-0.005404,-0.006913),(0.025065,0.040110)
(-0.006290,0.000144),(0.058636,0.024933)
(0.008120,-0.043974),(-0.031018,-0.053407)
(-0.043021,0.003069),(-0.005390,-0.003533)
(0.033111,0.018796),(-0.002637,0.015978)
(0.035957,0.003341),(-0.018498,-0.038484)
(-0.041543,-0.015040),(-0.046363,-0.008694)
(0.029131,0.011716),(0.025964,0.016077)
(-0.032608,0.008288),(0.021758,0.000879)
(-0.020749,-0.007462),(0.035793,0.031030)
(-0.009968,-0.027942),(0.006545,0.018633)
(0.023752,0.040403),(-0.051927,-0.020502)
(-0.015497,0.013198),(0.003071,-0.000962)
(-0.042665,0.014793),(0.035536,0.009853)
(-0.009944,-0.018837),(-0.004321,0.048776)
(-0.017135,-0.000788),(0.021330,-0.014782)
(0.003522,0.007257),(-0.058038,-0.026270)
(-0.022429,0.025887),(0.026421,-0.001414)
(0.043002,0.001653),(0.024601,-0.014657)
(-0.017676,-0.002152),(-0.021640,0.021539)
(0.023670,0.078714),(-0.004133,-0.048590)
(-0.033250,-0.007705),(0.024415,-0.016385)
(-0.027611,-0.012718),(0.033226,-0.037482)
(0.038733,-0.038384),(-0.043264,-0.009705)
(-0.012321,0.011338),(-0.027157,-0.063327)
(-0.020029,-0.025441),(-0.004973,-0.021172)
(-0.015783,-0.003597),(0.017129,-0.008492)
(-0.008533,0.013278),(-0.030789,-0.049481)
(-0.044708,0.046773),(-0.016986,0.010589)
(-0.001668,0.044200),(0.031804,-0.071962)
(-0.039854,0.030819),(0.010012,0.023809)
(0.020122,-0.051876),(0.011848,-0.009249)
(0.060107,-0.002457),(-0.009598,0.014215)
(0.040097,0.061717),(0.031356,-0.073628)
(-0.023681,-0.056753),(-0.047694,0.019624)
(0.039611,-0.014593),(-0.010334,-0.011231)
(-0.005720,0.012484),(-0.025942,-0.032349)
(0.024453,0.013753),(0.000601,-0.022562)
(-0.049696,0.030097),(-0.000087,-0.044991)
(0.015505,-0.006621),(-0.056435,0.005264)
(-0.013517,0.010310),(0.002830,-0.022142)
(0.022609,0.031676),(-0.046951,-0.043175)
(-0.038090,-0.010745),(0.087086,-0.040329)
(-0.043337,-0.015612),(0.011793,0.050694)
(0.023901,-0.019226),(0.019675,0.021411)
(-0.049462,0.005783),(0.014402,0.044451)
(-0.013094,-0.007601),(0.025192,-0.039216)
(0.003738,-0.010891),(0.043364,0.024994)
(-0.024179,-0.034695),(0.029878,-0.055744)
(0.022031,0.022499),(-0.015768,-0.028123)
(0.014324,0.037425),(0.011849,-0.011954)
(-0.020507,-0.058830),(0.058756,-0.011420)
(0.000250,0.016909),(-0.005060,0.049090)
(0.060037,-0.017457),(-0.070424,-0.048317)
(-0.045772,0.056765),(-0.008554,-0.023026)
(0.010981,0.010973),(0.018483,0.054109)
(0.026298,-0.016112),(0.010270,0.004419)
(0.019234,-0.010415),(-0.022520,0.003744)
(-0.038577,0.006464),(0.008243,0.066215)
(0.025674,0.004197),(-0.032415,-0.002212)
(-0.049385,-0.036404),(-0.016792,-0.080860)
(0.021821,-0.009557),(-0.074022,-0.027134)
(0.017368,0.013481),(0.025549,-0.007083)
(-0.042174,-0.004335),(0.015107,-0.059338)
(-0.040870,-0.070386),(0.040623,-0.078421)
(0.030319,-0.015554),(-0.020731,-0.036348)
(-0.005455,0.068217),(-0.039274,0.005077)
(-0.060874,0.011349),(-0.039958,0.029772)
(0.000135,-0.037692),(0.013416,0.090418)
(-0.037461,-0.014800),(0.056650,0.021326)
(0.016202,-0.031766),(0.035949,0.023817)
(-0.000673,0.059409),(0.075536,0.010032)
(-0.018557,0.052633),(0.003747,-0.057828)
(-0.020957,-0.006345),(-0.083876,-0.020923)
(0.037027,-0.013743),(-0.037907,0.002035)
(-0.005417,-0.007150),(0.001344,0.019657)
(-0.014974,0.042804),(0.062393,-0.021874)
(0.034802,-0.036155),(-0.025088,-0.083541)
(-0.005687,0.018008),(0.001333,0.051595)
(-0.008741,0.028346),(0.044625,-0.022372)
(-0.048699,0.003166),(-0.029824,0.034614)
(-0.008582,-0.035070),(0.003441,0.066336)
(-0.005573,0.005528),(-0.007392,-0.036733)
(0.008567,0.025936),(0.008656,0.065920)
(-0.027374,-0.030036),(-0.026381,-0.040262)
(-0.030943,0.076535),(0.062825,-0.004136)
(0.040739,-0.026125),(0.057095,-0.100891)
(-0.005320,0.061970),(0.006940,-0.036001)
(-0.025406,0.002725),(0.029971,-0.027943)
(0.067833,0.014050),(0.040674,-0.024731)
(0.043322,-0.007192),(0.034606,-0.014504)
(-0.009615,0.060209),(-0.006463,0.044187)
(0.019708,-0.035007),(0.038743,-0.004807)
(0.041339,0.016542),(-0.022691,-0.042177)
(0.001870,0.007027),(-0.000448,-0.013546)
(-0.002160,0.007937),(-0.021544,-0.054200)
(0.006651,-0.001952),(-0.109478,-0.000126)
(-0.048210,-0.012440),(-0.031988,-0.044130)
(0.065779,-0.023402),(-0.054448,-0.030996)
(-0.065292,-0.019776),(-0.040099,-0.045341)
(-0.022426,0.057825),(-0.075297,-0.037096)
(0.009560,0.004770),(0.043462,-0.011301)
(0.053699,0.128486),(-0.038846,0.057851)
(-0.062237,-0.044681),(0.027464,0.016901)
(-0.019799,0.006412),(-0.092497,0.083408)
(0.040982,-0.068535),(-0.012611,-0.013113)
(-0.107431,0.020540),(-0.040148,-0.001174)
(0.019730,0.041412),(0.022043,0.087560)
(-0.011375,-0.060684),(-0.011789,0.055949)
(0.005694,0.033169),(0.027068,0.033309)
(0.004152,-0.028091),(0.011753,-0.067562)
(0.018241,0.000723),(0.055120,0.062769)
(0.015058,-0.015169),(-0.007215,-0.034303)
(0.044683,-0.013528),(0.004950,-0.020646)
(0.035889,0.047373),(0.010964,-0.060535)
(-0.036525,-0.010935),(0.070851,-0.035316)
(0.031926,-0.049533),(-0.009795,0.073018)
(0.024373,0.038384),(-0.005178,-0.044257)
(-0.041908,0.096658),(-0.011602,-0.061149)
(-0.056749,0.007288),(0.063069,0.083098)
(-0.014471,-0.037338),(-0.054243,0.014181)
(0.025260,-0.046932),(-0.020944,-0.045574)
(-0.015557,0.089636),(0.017667,0.026617)
(-0.062170,0.013639),(-0.038207,0.019410)
(-0.027686,0.032985),(0.049791,-0.033293)
(0.088416,0.028197),(-0.069830,-0.016283)
(0.045520,-0.005786),(0.049492,-0.025099)
(-0.022865,0.006160),(0.017006,-0.091833)
(0.065540,-0.068618),(0.037499,0.036458)
(0.060518,-0.072238),(-0.037317,-0.059592)
(0.052021,0.114287),(-0.003482,-0.017747)
(0.031858,0.060884),(0.024210,-0.010454)
(-0.009827,-0.081631),(-0.060601,-0.025309)
(-0.089095,-0.044716),(0.081457,0.048765)
(0.069958,0.066931),(0.040307,-0.146326)
(-0.033747,0.043879),(-0.038544,0.066627)
(0.017972,-0.001414),(0.052757,-0.025081)
(0.021768,-0.043193),(0.020378,-0.034110)
(0.156362,0.052956),(0.036425,-0.032304)
(-0.067491,0.031223),(0.034148,-0.103459)
(0.015850,-0.005677),(-0.060287,0.022011)
(0.045511,0.006762),(0.071428,-0.019552)
(-0.024196,0.072691),(-0.023171,-0.000211)
(-0.007008,0.004407),(-0.003697,-0.020001)
(0.027428,-0.092227),(0.026746,0.089759)
(-0.038856,0.002504),(0.071498,-0.018642)
(0.016895,-0.069944),(0.009693,0.004432)
(0.014342,-0.048106),(-0.019461,0.043197)
(-0.055133,0.028305),(-0.035861,-0.004590)
(0.042107,-0.210095),(-0.060175,0.002046)
(0.081597,-0.029243),(0.121181,0.102575)
(0.029610,-0.073109),(0.038362,-0.065112)
(-0.125122,0.044748),(0.026553,-0.224632)
(0.033127,-0.083302),(-0.011249,0.136334)
(0.019904,0.048972),(-0.025768,0.126498)
(0.011494,0.008027),(0.041531,-0.000818)
(0.057588,-0.021582),(-0.081052,-0.011246)
(-0.040783,-0.053636),(0.035088,0.041256)
(0.012454,-0.032105),(0.046757,-0.102063)
(0.075632,0.050164),(0.042635,-0.045604)
(0.023076,0.006788),(-0.265875,0.154187)
(-0.050274,-0.095840),(0.090956,-0.188791)
(-0.034411,0.096506),(-0.131541,0.024435)
(0.048359,0.040726),(-0.013812,0.030625)
(-0.080385,0.061102),(-0.029016,0.044087)
(0.026348,-0.039061),(0.115344,-0.055695)
(0.024710,-0.048582),(0.093684,0.188967)
(0.025283,-0.069761),(-0.052135,-0.042908)
(-0.142094,-0.058943),(0.023342,-0.053401)
(0.121236,-0.081883),(0.018114,0.043900)
(-0.112594,-0.019310),(-0.013065,-0.079321)
(-0.039569,0.061768),(-0.032122,0.046058)
(-0.072212,-0.034367),(-0.060024,-0.065024)
(-0.056357,0.067309),(-0.067982,-0.054417)
(-0.026431,0.054930),(0.049671,0.011227)
(0.033819,0.010090),(-0.011489,0.125925)
(0.060357,0.008760),(-0.054205,0.009864)
(-0.002644,-0.032314),(0.029245,-0.044375)
(0.001234,-0.116202),(0.016787,0.035730)
(-0.029124,0.115093),(-0.142144,0.101574)
(-0.011704,-0.194040),(-0.032590,-0.076533)
(-0.032324,-0.016341),(0.070200,0.069098)
(0.127809,0.025270),(0.030473,0.010548)
(-0.106134,0.116764),(0.045174,-0.004136)
(0.003375,-0.009902),(-0.082546,0.011101)
(0.102756,-0.003862),(0.026496,-0.029119)
(0.032469,-0.037936),(0.108495,-0.084322)
(-0.093530,0.044387),(0.037366,0.051446)
(-0.166254,0.042855),(-0.043925,0.064421)
(-0.036187,-0.217760),(0.008851,-0.010463)
(0.140156,0.060665),(-0.043175,-0.021310)
(-0.022511,0.137026),(0.018674,0.003713)
(-0.144608,-0.062561),(0.045672,0.084119)
(0.094827,-0.101075),(-0.055841,-0.027024)
(0.115103,0.048355),(0.009723,0.019779)
(-0.106029,0.047348),(-0.030512,0.058991)
(0.020126,-0.138939),(-0.011432,-0.035732)
(-0.033173,-0.030047),(0.024927,0.016279)
(-0.172968,0.091051),(-0.025686,0.017396)
(-0.005024,-0.012246),(-0.000567,-0.005233)
(-0.084192,0.127452),(-0.020131,0.057683)
(-0.157508,-0.011268),(0.001564,-0.057389)
(-0.029624,0.070153),(0.016365,-0.000977)
(-0.021279,0.080985),(0.020567,-0.039571)
(-0.165397,0.030807),(-0.084096,0.039911)
(0.026204,-0.014771),(0.046006,0.015805)
(0.059210,0.143586),(0.015268,-0.035385)
(-0.029161,0.012240),(-0.067294,0.071230)
(-0.069911,0.070487),(0.059226,-0.047498)
(-0.092811,0.028181),(-0.020704,-0.016374)
(0.036760,-0.023563),(0.005245,-0.021401)
(0.091509,0.069341),(0.068826,-0.009101)
(-0.023697,0.102625),(0.082633,-0.095119)
(-0.148693,0.018594),(-0.024969,-0.087821)
(0.015494,-0.061926),(-0.008998,-0.071303)
(-0.016100,0.006458),(-0.042181,0.033844)
(-0.029747,-0.078217),(-0.037819,0.051054)
(-0.100352,-0.163135),(0.045397,0.042828)
(-0.005149,0.033077),(0.048265,-0.000982)
(-0.048541,0.070055),(0.056224,0.024783)
(-0.033656,0.001416),(0.016230,-0.018016)
(-0.070165,0.055695),(-0.056018,0.033795)
(0.023950,0.013510),(-0.010637,0.063012)
(-0.033557,-0.043278),(-0.031539,0.023809)
(0.028063,0.084687),(0.055863,0.071336)
(-0.028976,-0.026775),(0.050534,-0.044100)
(0.161607,-0.052312),(0.035562,0.044361)
(0.014919,0.007983),(0.002376,0.050350)
(0.022739,0.070061),(-0.063727,0.042507)
(0.036546,0.037862),(-0.028672,0.022821)
(0.065213,0.110326),(0.023526,0.008264)
(-0.118514,0.038113),(0.005631,-0.012487)
(-0.050736,0.087640),(0.050448,-0.021268)
(0.048899,-0.055300),(-0.001105,0.038278)
(0.019105,0.045441),(-0.038704,0.007167)
(0.003704,0.039927),(-0.007330,0.002957)
(-0.053815,-0.017199),(-0.030205,-0.000052)
(-0.010995,-0.068726),(-0.029568,-0.017838)
(-0.076788,-0.115226),(0.012915,0.004766)
(0.041883,-0.045179),(0.016137,0.014283)
(-0.036970,0.086326),(0.015869,0.035546)
(0.011807,0.024603),(0.013303,-0.030515)
(0.153993,-0.048481),(0.022980,0.047080)
(-0.001670,0.060399),(-0.007694,0.015190)
(-0.050548,-0.029442),(-0.022576,0.036080)
(0.035296,-0.012121),(-0.010792,0.009393)
(-0.030063,0.018117),(0.006992,0.037260)
(-0.055576,0.021036),(0.001669,0.010902)
(-0.022261,0.017366),(-0.021246,0.030742)
(-0.103399,0.075343),(0.007740,-0.001834)
(-0.008456,0.027564),(0.001293,0.007277)
(0.079759,-0.000972),(0.015525,0.023418)
(-0.045973,-0.001617),(0.001733,-0.021060)
(0.110772,-0.127739),(0.006407,0.020801)
(0.035087,-0.045825),(-0.007342,-0.006456)
(0.015508,0.033282),(-0.004608,0.020491)
(-0.007731,0.047467),(-0.004366,-0.000122)
(0.072803,0.053406),(0.010718,0.002045)
(-0.026921,-0.011167),(0.000927,0.040981)
(-0.033062,-0.008352),(-0.003187,-0.013598)
(0.032794,-0.044145),(-0.017282,0.017891)
(-0.052406,0.019120),(-0.007588,0.030002)
(0.020271,-0.007779),(0.014831,0.020309)
(-0.072944,0.003901),(0.014267,-0.023352)
(-0.026964,-0.083615),(0.038212,-0.044247)
(-0.046058,0.072642),(-0.049635,0.031974)
(0.022583,0.085346),(-0.018981,-0.004893)
(0.018418,-0.047259),(-0.040616,0.053585)
(-0.005387,-0.007834),(-0.003121,0.013010)
(0.008968,-0.085826),(0.045953,-0.009349)
(0.011853,0.046584),(0.017437,0.053562)
(-0.120563,0.075302),(0.007063,0.029669)
(-0.020194,0.037787),(-0.007344,-0.060732)
(-0.079996,-0.019183),(-0.011191,0.005566)
(-0.092071,0.016459),(-0.004314,-0.006139)
(0.045342,0.079382),(0.006470,-0.007855)
(0.041704,-0.018142),(0.031161,0.027163)
(0.070644,0.022107),(0.040107,-0.028022)
(-0.108835,-0.022445),(-0.023513,0.011784)
(0.040423,0.016064),(-0.067086,-0.056184)
(0.011115,-0.027838),(-0.022028,-0.079048)
(-0.014463,-0.037411),(0.020953,0.038685)
(0.019662,0.016339),(-0.002969,-0.009942)
(0.010948,0.051067),(0.009513,-0.036626)
(0.039906,0.091726),(-0.002819,0.003198)
(0.009124,-0.058334),(-0.009286,0.010017)
(-0.037983,-0.003594),(-0.022995,0.080225)
(-0.106045,0.050219),(0.027495,0.009467)
(0.030167,-0.117735),(0.036110,0.057217)
(0.047202,0.068315),(-0.011985,0.024955)
(-0.093358,0.043683),(-0.067087,-0.008993)
(-0.012567,-0.004603),(-0.047564,0.014574)
(0.064393,-0.059055),(-0.049772,-0.035539)
(-0.024488,0.003652),(0.010641,0.006235)
(0.021473,0.056171),(-0.034451,-0.023054)
(-0.001990,0.012369),(0.032601,0.039575)
(-0.056363,0.042113),(-0.044138,0.021177)
(-0.008661,0.057185),(0.034533,0.040470)
(0.008592,0.021097),(-0.023708,-0.053921)
(-0.071444,0.006983),(-0.049241,-0.010501)
(0.025300,-0.035717),(0.079649,0.020240)
(-0.028490,-0.048651),(-0.052864,-0.025514)
(-0.018697,-0.010021),(0.023117,-0.000739)
(-0.044943,-0.022484),(0.043781,-0.038229)
(-0.022318,0.012703),(0.028388,-0.032236)
(0.007390,-0.013536),(-0.001824,-0.036877)
(0.005152,0.050963),(0.097715,-0.014199)
(-0.047179,-0.025458),(-0.042038,0.013363)
(-0.066295,0.006635),(0.012324,-0.009138)
(-0.048392,-0.047577),(0.015036,0.060731)
(0.047308,0.064238),(0.012252,0.048704)
(-0.005321,-0.011936),(0.060432,-0.040368)
(-0.004843,-0.064943),(0.003133,0.022265)
(0.013457,-0.047884),(0.064016,-0.005350)
(0.019506,0.033042),(0.030706,0.069883)
(-0.037466,-0.012322),(0.011649,-0.125714)
(-0.035723,-0.052485),(-0.052783,0.002442)
(0.045678,0.027158),(-0.028046,-0.062796)
(0.018599,0.009994),(0.039734,-0.030599)
(-0.060943,0.048602),(0.098882,0.030848)
(0.007408,0.014065),(0.003337,0.067838)
(0.028254,0.043502),(-0.058278,0.075249)
(-0.045452,0.011604),(-0.024423,-0.030875)
(0.049025,-0.013327),(0.036587,-0.063103)
(-0.036477,-0.019442),(-0.095855,-0.045083)
(0.056281,-0.029499),(-0.009476,0.081241)
(0.025016,0.015229),(0.045507,-0.115944)
(-0.000512,0.009697),(0.048529,0.010363)
(-0.053128,-0.026140),(0.048395,0.117140)
(0.058900,-0.032056),(-0.034275,-0.079677)
(0.006537,0.001570),(0.036807,-0.001343)
(-0.013109,0.035844),(0.087135,-0.029363)
(-0.022526,-0.026093),(0.050698,0.027126)
(-0.019772,0.006441),(0.017886,-0.001859)
(0.046824,0.015687),(-0.014949,0.062016)
(-0.004822,0.072806),(0.001526,0.047242)
(-0.087577,-0.014643),(-0.024997,0.064888)
(-0.010067,-0.010673),(-0.038664,0.052900)
(0.015103,-0.005946),(-0.027599,0.000648)
(0.002329,0.021212),(0.035214,0.058888)
(0.001134,-0.029427),(-0.125192,0.030870)
(-0.023445,-0.010611),(0.061014,0.063996)
(-0.055324,-0.033618),(-0.096009,-0.068025)
(0.020766,0.041270),(0.056012,0.057792)
(-0.017108,-0.059531),(-0.048745,-0.013712)
(-0.014941,-0.011402),(-0.031837,0.071789)
(0.060049,-0.001051),(0.067987,-0.055142)
(-0.038490,0.034624),(0.075482,0.051327)
(-0.044312,-0.011944),(0.036662,0.049525)
(-0.020761,-0.001510),(0.050289,0.061747)
(0.022165,0.022389),(0.006844,-0.018914)
(-0.044509,0.000765),(0.024515,0.010300)
(0.026169,-0.000486),(0.045141,-0.026935)
(0.001662,-0.002978),(-0.020589,0.088422)
(-0.008531,-0.011530),(-0.012268,-0.107942)
(-0.001697,0.005620),(-0.046278,0.011411)
(-0.057967,0.033507),(0.016438,0.053190)
(0.002551,0.010987),(-0.053559,-0.016184)
(0.004701,0.035691),(-0.025016,0.038249)
(0.002917,0.020149),(0.041863,0.006955)
(-0.027742,0.002720),(-0.025580,-0.051757)
(0.011087,-0.001570),(0.011187,0.067305)
(-0.023500,0.013460),(0.004183,-0.072290)
(0.027833,0.016896),(-0.051000,0.057182)
