(128.876165,0.000000),(0.005326,0.000000)
(-0.573800,-1.069116),(-0.002969,0.001826)
(0.675747,-2.208990),(-0.009410,0.011373)
(-0.187479,-0.484402),(0.013212,-0.009731)
(-0.135979,-0.720895),(0.021592,0.008268)
(-0.041206,-0.387797),(0.000423,-0.023961)
(-0.038737,-0.228642),(-0.002456,-0.019064)
(-0.182916,-0.212121),(-0.006879,-0.005322)
(-0.061325,-0.121749),(-0.000109,-0.003052)
(-0.121572,-0.019348),(0.006123,-0.010052)
(0.029997,-0.089015),(0.012083,-0.011515)
(0.020344,-0.017091),(-0.010594,-0.004411)
(0.009185,-0.093777),(0.002434,-0.009241)
(0.140680,-0.070346),(-0.016602,-0.011858)
(0.136393,-0.141060),(-0.012297,-0.004528)
(0.043311,-0.160653),(0.003322,0.001675)
(0.037715,-0.169174),(0.002728,-0.009848)
(0.032291,-0.087646),(-0.003288,-0.017308)
(-0.136354,-0.132501),(0.008099,0.001506)
(-0.000446,-0.069405),(0.003217,-0.006491)
(-0.035879,0.031649),(-0.003805,-0.006138)
(0.000427,-0.150609),(0.010483,0.000347)
(0.021174,-0.115555),(0.005208,-0.011718)
(-0.045571,-0.059827),(0.007866,0.007926)
(0.005809,-0.013805),(0.014663,0.009400)
(0.003102,-0.062676),(-0.005309,-0.000895)
(0.032054,-0.116217),(-0.024184,-0.010365)
(-0.023344,-0.066401),(-0.002578,0.001203)
(-0.032686,-0.017918),(0.001099,0.008163)
(0.001338,-0.021507),(0.002997,0.002870)
(0.000625,-0.045178),(-0.001251,-0.002215)
(0.001592,-0.035914),(-0.019912,0.001275)
(-0.001556,-0.042326),(-0.004583,-0.004104)
(0.002449,-0.024712),(0.016787,-0.008097)
(0.009965,-0.020561),(0.000244,0.010445)
(-0.002511,-0.044787),(0.011390,0.026921)
(0.030995,0.001412),(0.009235,0.004928)
(0.033896,-0.044816),(0.008848,-0.008738)
(0.052092,-0.033488),(0.009326,0.000153)
(0.015327,-0.055027),(-0.006447,0.003285)
(0.017877,-0.071761),(0.009202,0.003433)
(0.011188,-0.112006),(0.001697,0.014035)
(-0.008611,-0.070223),(-0.007738,0.007995)
(-0.020428,-0.047304),(0.002003,-0.001046)
(-0.031005,-0.014892),(0.016210,-0.024199)
(-0.020072,-0.042936),(0.018613,0.012885)
(0.002169,-0.009006),(0.009919,-0.012842)
(0.035797,-0.034942),(-0.017770,0.001574)
(0.045221,-0.020807),(-0.015657,-0.029384)
(-0.032028,-0.030244),(-0.006697,-0.007297)
(0.030270,-0.035789),(0.002355,-0.001105)
(0.011449,0.007862),(0.012372,-0.002742)
(-0.023379,-0.078347),(0.000027,0.004733)
(-0.014840,-0.027950),(-0.004404,-0.003724)
(0.003886,-0.003904),(0.003993,0.007681)
(0.011922,0.016736),(-0.003678,0.010060)
(-0.010711,-0.080705),(-0.000660,-0.006424)
(0.024765,-0.072940),(0.010323,-0.000116)
(-0.030282,-0.047143),(0.004473,0.018754)
(0.008522,-0.054203),(0.009597,-0.008936)
(0.009306,-0.010097),(0.023768,0.000275)
(-0.017444,-0.045161),(-0.006728,-0.006804)
(-0.010239,-0.041284),(0.018844,-0.022418)
(-0.041332,0.009952),(-0.001628,-0.009037)
(-0.004984,-0.019836),(-0.007544,0.006886)
(0.048133,-0.018053),(-0.009108,0.007022)
(0.028263,-0.019282),(-0.002645,-0.015807)
(0.037351,-0.013731),(-0.005003,-0.005568)
(-0.027859,-0.026895),(-0.002086,0.002046)
(0.022683,-0.033078),(0.006409,0.013497)
(0.011624,-0.006175),(-0.009326,-0.020609)
(0.013992,-0.038255),(0.009510,-0.028335)
(0.000091,-0.025499),(0.001234,0.002086)
(0.063084,0.014563),(0.000264,0.010032)
(0.021162,-0.000942),(0.006562,0.007723)
(-0.041880,-0.056650),(0.002316,0.020305)
(0.008189,-0.057103),(-0.004700,-0.005836)
(0.007454,-0.051200),(-0.001907,-0.024174)
(-0.021924,-0.060919),(0.019032,0.036686)
(-0.013170,-0.016374),(0.012233,0.000705)
(0.030286,0.002924),(-0.002109,0.007563)
(0.071255,0.003170),(-0.009312,-0.011150)
(-0.035429,-0.021298),(-0.007117,-0.006803)
(0.022268,-0.026873),(0.007690,-0.003653)
(-0.077718,0.032102),(0.010009,0.015009)
(-0.010229,-0.028023),(-0.014160,-0.015367)
(-0.034086,0.033817),(0.006065,0.015132)
(0.030083,-0.059280),(0.004630,0.012809)
(0.007714,0.012937),(0.007714,-0.002313)
(0.019495,0.001155),(0.007020,-0.011777)
(0.017455,-0.011776),(0.000250,0.007985)
(0.014345,-0.040118),(-0.014900,0.013809)
(0.001090,-0.006421),(0.013889,0.008950)
(-0.025126,-0.007567),(0.008959,0.012243)
(0.013534,-0.037461),(0.016816,0.006590)
(-0.014503,-0.046669),(-0.011718,-0.001931)
(-0.029140,-0.024614),(-0.006448,-0.000187)
(0.010446,0.037958),(0.002117,0.003084)
(0.019351,-0.047175),(-0.003310,-0.000020)
(0.009457,-0.014725),(-0.004903,0.002266)
(0.013183,0.001116),(0.007141,-0.000108)
(0.037589,-0.025665),(-0.000019,0.005397)
(0.000215,-0.009035),(0.017660,0.028319)
(0.036270,-0.034537),(0.000555,0.003438)
(0.032382,-0.027088),(-0.013225,-0.022045)
(0.012759,-0.044081),(0.016881,-0.013889)
(-0.000428,-0.068507),(0.001295,-0.005268)
(0.009875,-0.045076),(0.001080,-0.014087)
(-0.015319,-0.027403),(0.013630,0.008461)
(-0.004264,-0.033406),(-0.013793,0.016588)
(0.001298,-0.070102),(-0.038126,-0.001471)
(0.024598,-0.039034),(-0.007422,0.002077)
(-0.012781,0.009913),(-0.019106,0.022283)
(0.009190,-0.034088),(0.021776,0.011553)
(-0.011161,-0.006199),(0.010530,-0.001658)
(-0.028230,-0.007460),(0.002632,-0.013450)
(-0.014819,-0.002806),(-0.020398,-0.017709)
(0.021685,0.001194),(0.020207,0.006141)
(-0.032531,-0.002551),(0.015104,-0.017910)
(-0.013855,-0.039124),(0.000075,0.009664)
(0.024584,-0.035036),(0.001709,0.003201)
(-0.005315,-0.012089),(0.024422,0.010010)
(-0.016971,-0.017981),(0.022053,0.017879)
(-0.038114,0.013337),(-0.010432,-0.009969)
(-0.018750,0.009053),(-0.020903,-0.010111)
(-0.009407,0.018060),(-0.015261,0.002279)
(0.032840,0.005687),(-0.031111,0.005728)
(0.080261,-0.014984),(0.001656,0.010670)
(0.037611,-0.014373),(0.008149,0.013946)
(-0.004397,0.001619),(0.009199,-0.014467)
(-0.030208,0.030233),(0.014103,0.001537)
(-0.026502,-0.068639),(0.012977,-0.003216)
(-0.002352,-0.058816),(0.002648,-0.010773)
(-0.004061,0.011291),(-0.012906,-0.017279)
(0.003230,0.024023),(0.009791,-0.001952)
(0.050520,-0.029527),(0.004809,0.012338)
(0.025172,0.005011),(-0.002566,0.006512)
(-0.070254,-0.037600),(-0.010187,0.011044)
(0.029748,-0.049783),(-0.012581,0.008081)
(0.040031,-0.029435),(-0.003297,0.030506)
(0.045706,0.030915),(0.033010,0.017342)
(-0.019486,-0.037840),(0.002797,0.035095)
(0.029587,-0.026008),(0.016322,0.005637)
(-0.006717,0.063321),(0.015909,0.023398)
(-0.035582,-0.055403),(0.032501,-0.037571)
(-0.013708,0.010962),(0.016320,-0.011720)
(0.057080,0.042640),(0.007865,-0.008790)
(0.044944,-0.007838),(-0.012871,-0.030604)
(-0.036682,-0.057407),(-0.014209,-0.003980)
(0.001334,0.060042),(0.014208,-0.000208)
(0.027822,-0.011487),(0.026320,-0.002611)
(-0.022089,-0.011090),(-0.005604,0.015655)
(-0.040754,-0.012138),(0.032790,0.001004)
(0.034415,0.018323),(0.016329,0.036334)
(0.022970,0.026170),(-0.009248,0.022358)
(0.003099,-0.048565),(0.001535,0.007747)
(0.038427,0.013333),(0.007698,0.000179)
(0.043180,0.023231),(-0.008249,0.021524)
(0.014992,-0.013295),(-0.018740,0.003074)
(-0.014321,0.056963),(0.006108,-0.005779)
(-0.007076,-0.006493),(-0.022391,-0.034708)
(-0.000178,-0.041877),(0.018786,-0.047497)
(-0.008220,0.028597),(0.036628,-0.010226)
(0.001328,-0.003538),(0.074833,-0.004735)
(0.019117,-0.027215),(0.016154,0.024471)
(-0.053164,-0.010154),(-0.013537,-0.008111)
(0.005511,0.016894),(-0.003191,-0.019847)
(0.008057,0.028136),(-0.014370,0.005350)
(-0.017899,0.000961),(-0.025847,0.041164)
(0.031413,-0.002489),(0.024316,0.047989)
(0.008788,-0.021050),(-0.016415,0.020571)
(0.093811,0.023450),(-0.037419,0.004930)
(0.003841,0.022491),(-0.030244,0.018095)
(0.005783,-0.001314),(-0.002461,-0.031395)
(-0.052387,-0.008441),(0.011327,-0.028971)
(0.027374,0.023902),(0.019387,0.010272)
(0.015731,0.022693),(0.035238,0.009815)
(0.012317,0.041407),(0.004872,0.006438)
(-0.059427,-0.046094),(-0.024723,-0.009502)
(0.001475,-0.025169),(-0.018675,-0.000771)
(-0.046243,-0.064949),(0.016748,0.038518)
(0.004373,-0.035393),(0.021815,0.034693)
(0.010211,-0.016759),(-0.005735,0.032318)
(-0.041265,-0.028178),(-0.007891,0.010294)
(0.065998,-0.053177),(-0.013753,0.017023)
(0.069725,-0.061312),(-0.017035,-0.029798)
(-0.006610,-0.053893),(0.018995,-0.021425)
(-0.020825,-0.001724),(-0.000225,-0.011769)
(-0.018979,0.020373),(-0.015787,0.006863)
(0.041179,0.046238),(0.017386,-0.000860)
(0.028065,0.022695),(0.001726,-0.012868)
(-0.022128,-0.131760),(0.017837,-0.027101)
(-0.004198,-0.035754),(-0.000281,-0.002361)
(-0.069940,-0.013497),(-0.016438,0.007560)
(-0.040672,-0.048987),(0.041795,0.021105)
(0.025276,-0.023679),(-0.009391,-0.006066)
(0.027699,-0.014906),(0.007594,-0.018674)
(0.018036,0.025454),(0.006152,0.022231)
(0.020858,-0.030318),(0.010198,0.028843)
(0.078559,-0.043105),(-0.001329,-0.006007)
(0.054103,0.020636),(0.010471,0.002124)
(0.006804,-0.005508),(-0.013085,-0.005543)
(0.014688,-0.083308),(0.030912,-0.009435)
(0.008852,0.076070),(0.000723,-0.023196)
(-0.136804,0.012906),(-0.000419,0.009043)
(-0.006669,-0.009911),(-0.012303,-0.003833)
(0.017574,-0.052352),(-0.016294,0.016680)
(0.004324,-0.018480),(-0.009750,-0.019343)
(0.020223,-0.034869),(0.007310,0.036793)
(0.010206,0.057924),(-0.007478,0.006618)
(0.000625,-0.061623),(0.033635,0.007934)
(0.043566,-0.020882),(0.010250,0.027754)
(0.025435,-0.015934),(0.020830,0.039944)
(-0.029362,0.001857),(0.015993,-0.007779)
(0.065864,0.069608),(0.004419,0.002434)
(-0.023699,-0.026214),(-0.015440,0.021711)
(-0.018396,0.007852),(-0.039832,0.005608)
(-0.027789,0.013032),(0.019569,0.002213)
(0.001677,-0.001072),(0.003960,0.001485)
(0.016147,-0.018616),(-0.014974,0.013892)
(0.022929,-0.021893),(-0.002410,-0.008015)
(0.034679,-0.042267),(-0.005970,-0.002293)
(-0.021289,0.001406),(0.011118,0.000144)
(0.004833,-0.029794),(0.029627,-0.016511)
(0.056599,0.007638),(0.039646,-0.003207)
(-0.004060,-0.019503),(0.037003,0.006933)
(-0.011188,0.003365),(0.023295,0.048221)
(0.048357,0.000073),(-0.023692,0.031290)
(-0.010276,0.009827),(-0.014680,0.002103)
(0.008059,0.012741),(-0.036432,0.005529)
(0.021666,-0.001511),(-0.021304,0.020061)
(0.025197,-0.004780),(-0.026779,-0.012450)
(-0.008718,-0.021077),(-0.039703,0.002399)
(-0.015614,-0.020355),(0.021370,0.006238)
(-0.009623,-0.028239),(-0.006676,-0.038816)
(-0.002402,-0.026558),(0.009271,-0.021187)
(-0.019900,-0.040696),(-0.002705,0.004872)
(-0.004608,-0.002839),(0.055563,-0.013284)
(0.026585,-0.016411),(0.036061,0.036092)
(0.025230,-0.029156),(0.017910,0.037408)
(-0.023863,0.028287),(0.024855,0.013742)
(0.001464,-0.034180),(-0.014095,0.002576)
(-0.008489,0.005187),(-0.017832,-0.021778)
(-0.023297,-0.011445),(0.005115,-0.003561)
(-0.004572,-0.004703),(-0.000735,-0.003482)
(0.012533,-0.015000),(0.008643,0.007248)
(0.018044,0.014752),(0.004031,-0.015329)
(-0.000001,-0.026906),(0.002053,-0.006532)
(-0.005899,-0.011543),(0.014771,-0.019822)
(-0.025618,0.005404),(0.030626,-0.003167)
(-0.002123,-0.009131),(0.033355,0.019802)
(0.014542,0.017562),(0.017615,0.012790)
(0.005032,0.005798),(0.001573,0.012453)
(0.002052,0.002133),(-0.017346,0.025490)
(-0.001080,0.013069),(-0.008564,0.015021)
(0.011331,-0.011926),(0.004378,-0.003561)
(0.033196,-0.015071),(0.003133,0.011266)
(0.013665,-0.002668),(0.008302,-0.004464)
(0.027755,-0.053801),(0.005807,-0.001324)
(0.007935,0.019709),(-0.005831,0.005506)
(-0.040370,-0.008909),(0.019576,-0.000915)
(0.005179,-0.022401),(0.014158,-0.015649)
(0.001149,0.001233),(0.002214,0.015858)
(-0.023894,0.024263),(0.011238,0.002005)
(-0.008211,0.014907),(0.022128,-0.005604)
(-0.011878,0.010521),(-0.018750,-0.013555)
(0.012254,0.027179),(0.018166,-0.027014)
(-0.010565,-0.024711),(0.012269,0.002840)
(-0.003876,-0.022161),(-0.034429,-0.007179)
(0.025421,-0.053363),(-0.026264,0.007494)
(0.008160,0.005501),(-0.012930,0.015675)
(0.023884,0.015226),(0.031457,0.015373)
(0.033417,0.028869),(0.067766,0.001054)
(-0.015384,-0.020238),(0.027136,0.035842)
(0.002481,-0.007921),(-0.000778,0.014168)
(0.031666,0.032625),(0.018889,0.013454)
(0.010207,0.014553),(-0.009987,0.035550)
(-0.015044,-0.038380),(-0.020545,-0.022171)
(-0.028001,-0.008467),(-0.011523,-0.026488)
(-0.031653,0.014371),(-0.011503,0.000539)
(-0.004053,-0.007458),(0.003466,0.005876)
(0.030350,-0.032248),(0.016380,0.004464)
(0.000290,-0.014759),(0.025857,-0.003375)
(0.021251,-0.014946),(0.033807,-0.006816)
(0.016163,0.005087),(0.040557,0.032863)
(0.003842,0.008335),(0.025734,-0.000493)
(-0.001702,-0.003943),(0.026930,-0.017595)
(0.023188,-0.009200),(-0.007605,0.025345)
(-0.004132,0.014282),(-0.033135,0.005099)
(-0.006339,0.006886),(-0.015621,-0.020918)
(-0.004576,0.002677),(-0.015720,-0.010218)
(-0.004902,0.010973),(0.008626,0.010730)
(0.001679,-0.046049),(-0.005084,-0.004490)
(-0.018886,0.013532),(-0.003414,0.009546)
(-0.033752,-0.020507),(0.001024,-0.008805)
(0.037216,-0.003770),(0.023303,0.003269)
(-0.028824,0.006020),(0.048735,0.007113)
(-0.019353,-0.041627),(0.024582,0.024413)
(0.012808,-0.014801),(-0.005109,-0.005649)
(-0.001871,-0.010547),(0.017682,-0.003305)
(0.002290,-0.004998),(0.012273,0.016209)
(-0.010731,0.001892),(-0.019013,0.003457)
(0.002414,-0.004669),(-0.000059,0.003691)
(-0.011084,0.019093),(-0.034217,0.030184)
(0.020588,0.001504),(-0.018302,0.000888)
(0.012027,0.008826),(-0.003684,-0.002550)
(0.007247,0.016819),(0.004823,-0.008528)
(-0.001946,0.004248),(0.013196,0.012418)
(-0.004495,-0.001893),(0.010722,0.034318)
(-0.006579,0.027638),(0.017376,0.011235)
(-0.009614,0.015856),(0.026362,0.000503)
(0.016477,-0.025084),(0.009573,0.020561)
(0.007251,-0.006777),(0.036504,0.004744)
(0.010855,-0.013544),(0.012475,0.011923)
(0.008198,-0.009424),(-0.002037,-0.000504)
(-0.006053,-0.015652),(-0.011362,-0.010761)
(0.006456,-0.004873),(-0.009029,-0.010054)
(0.016449,0.014670),(-0.011757,-0.018023)
(0.002858,0.006002),(-0.017725,0.013029)
(0.024885,-0.017796),(0.012668,0.014535)
(0.022135,0.000418),(-0.006416,0.027867)
(-0.001471,0.006826),(0.004109,-0.012479)
(-0.030422,-0.005702),(0.032739,-0.010384)
(-0.009388,0.030727),(0.036789,0.005067)
(-0.009852,-0.011479),(0.010806,-0.005343)
(0.006825,-0.016630),(-0.000086,0.005199)
(0.007580,0.005218),(-0.018150,-0.004556)
(0.004757,0.002222),(-0.023642,-0.009075)
(0.022318,-0.000711),(0.005514,-0.006991)
(0.033078,-0.029348),(0.013396,0.009191)
(0.007520,-0.023089),(-0.001622,0.013412)
(0.045442,-0.016386),(-0.002914,0.010504)
(0.023671,0.008730),(-0.026377,0.003482)
(0.014829,0.027450),(-0.001229,0.001505)
(-0.013621,0.006227),(0.010436,-0.004460)
(-0.018804,0.007568),(0.012795,0.011923)
(0.002205,-0.016841),(0.030818,0.013028)
(-0.003014,0.009554),(-0.017008,0.011725)
(-0.020462,0.009950),(-0.013763,-0.005134)
(-0.013711,-0.011763),(-0.004062,-0.016029)
(-0.014251,-0.022829),(0.008047,0.003373)
(-0.010835,-0.002857),(0.008516,-0.003749)
(0.010447,-0.016167),(0.002703,0.019264)
(0.037733,0.020458),(-0.004015,0.020934)
(0.016995,0.024664),(-0.021916,0.009161)
(-0.000561,-0.003684),(-0.005141,-0.014832)
(-0.007444,-0.006210),(0.007456,0.004575)
(0.029729,-0.011050),(0.026720,0.004528)
(0.001842,-0.012036),(-0.006054,0.015321)
(0.020599,-0.010603),(-0.014667,0.013882)
(0.012732,0.004238),(-0.014936,-0.000888)
(-0.019932,-0.006280),(0.027317,0.004460)
(-0.018311,-0.031582),(0.012314,0.011262)
(-0.010687,-0.030103),(0.025766,0.011333)
(-0.005545,0.016014),(0.003769,0.016904)
(0.029946,-0.015266),(-0.010294,-0.013239)
(0.046727,0.008910),(-0.015592,-0.008663)
(0.012597,0.013682),(-0.001525,-0.003761)
(-0.001654,-0.006944),(0.028933,-0.004621)
(-0.016487,-0.031860),(-0.010697,0.002888)
(0.014665,0.001883),(-0.008671,0.023396)
(0.021485,0.015830),(-0.002266,0.010467)
(0.004156,0.005010),(0.002528,-0.017952)
(-0.007485,0.005505),(-0.003475,0.009043)
(-0.004822,-0.014770),(0.026117,0.021399)
(-0.010818,0.003543),(0.011256,0.015479)
(-0.005801,0.003307),(-0.006807,-0.002869)
(-0.000313,-0.001530),(0.009482,0.017299)
(0.009423,-0.011226),(-0.000162,0.003325)
(0.008112,-0.010738),(0.011313,-0.017599)
(0.023483,-0.014397),(0.007595,0.006508)
(0.028435,-0.009316),(-0.012536,-0.003665)
(-0.019956,0.008047),(-0.001679,-0.024520)
(-0.000091,0.001073),(-0.001099,-0.017185)
(0.010222,-0.019193),(0.007589,0.010499)
(0.003120,0.004888),(-0.000535,0.013611)
(-0.000535,-0.013611),(0.003120,-0.004888)
(0.007589,-0.010499),(0.010222,0.019193)
(-0.001099,0.017185),(-0.000091,-0.001073)
(-0.001679,0.024520),(-0.019956,-0.008047)
(-0.012536,0.003665),(0.028435,0.009316)
(0.007595,-0.006508),(0.023483,0.014397)
(0.011313,0.017599),(0.008112,0.010738)
(-0.000162,-0.003325),(0.009423,0.011226)
(0.009482,-0.017299),(-0.000313,0.001530)
(-0.006807,0.002869),(-0.005801,-0.003307)
(0.011256,-0.015479),(-0.010818,-0.003543)
(0.026117,-0.021399),(-0.004822,0.014770)
(-0.003475,-0.009043),(-0.007485,-0.005505)
(0.002528,0.017952),(0.004156,-0.005010)
(-0.002266,-0.010467),(0.021485,-0.015830)
(-0.008671,-0.023396),(0.014665,-0.001883)
(-0.010697,-0.002888),(-0.016487,0.031860)
(0.028933,0.004621),(-0.001654,0.006944)
(-0.001525,0.003761),(0.012597,-0.013682)
(-0.015592,0.008663),(0.046727,-0.008910)
(-0.010294,0.013239),(0.029946,0.015266)
(0.003769,-0.016904),(-0.005545,-0.016014)
(0.025766,-0.011333),(-0.010687,0.030103)
(0.012314,-0.011262),(-0.018311,0.031582)
(0.027317,-0.004460),(-0.019932,0.006280)
(-0.014936,0.000888),(0.012732,-0.004238)
(-0.014667,-0.013882),(0.020599,0.010603)
(-0.006054,-0.015321),(0.001842,0.012036)
(0.026720,-0.004528),(0.029729,0.011050)
(0.007456,-0.004575),(-0.007444,0.006210)
(-0.005141,0.014832),(-0.000561,0.003684)
(-0.021916,-0.009161),(0.016995,-0.024664)
(-0.004015,-0.020934),(0.037733,-0.020458)
(0.002703,-0.019264),(0.010447,0.016167)
(0.008516,0.003749),(-0.010835,0.002857)
(0.008047,-0.003373),(-0.014251,0.022829)
(-0.004062,0.016029),(-0.013711,0.011763)
(-0.013763,0.005134),(-0.020462,-0.009950)
(-0.017008,-0.011725),(-0.003014,-0.009554)
(0.030818,-0.013028),(0.002205,0.016841)
(0.012795,-0.011923),(-0.018804,-0.007568)
(0.010436,0.004460),(-0.013621,-0.006227)
(-0.001229,-0.001505),(0.014829,-0.027450)
(-0.026377,-0.003482),(0.023671,-0.008730)
(-0.002914,-0.010504),(0.045442,0.016386)
(-0.001622,-0.013412),(0.007520,0.023089)
(0.013396,-0.009191),(0.033078,0.029348)
(0.005514,0.006991),(0.022318,0.000711)
(-0.023642,0.009075),(0.004757,-0.002222)
(-0.018150,0.004556),(0.007580,-0.005218)
(-0.000086,-0.005199),(0.006825,0.016630)
(0.010806,0.005343),(-0.009852,0.011479)
(0.036789,-0.005067),(-0.009388,-0.030727)
(0.032739,0.010384),(-0.030422,0.005702)
(0.004109,0.012479),(-0.001471,-0.006826)
(-0.006416,-0.027867),(0.022135,-0.000418)
(0.012668,-0.014535),(0.024885,0.017796)
(-0.017725,-0.013029),(0.002858,-0.006002)
(-0.011757,0.018023),(0.016449,-0.014670)
(-0.009029,0.010054),(0.006456,0.004873)
(-0.011362,0.010761),(-0.006053,0.015652)
(-0.002037,0.000504),(0.008198,0.009424)
(0.012475,-0.011923),(0.010855,0.013544)
(0.036504,-0.004744),(0.007251,0.006777)
(0.009573,-0.020561),(0.016477,0.025084)
(0.026362,-0.000503),(-0.009614,-0.015856)
(0.017376,-0.011235),(-0.006579,-0.027638)
(0.010722,-0.034318),(-0.004495,0.001893)
(0.013196,-0.012418),(-0.001946,-0.004248)
(0.004823,0.008528),(0.007247,-0.016819)
(-0.003684,0.002550),(0.012027,-0.008826)
(-0.018302,-0.000888),(0.020588,-0.001504)
(-0.034217,-0.030184),(-0.011084,-0.019093)
(-0.000059,-0.003691),(0.002414,0.004669)
(-0.019013,-0.003457),(-0.010731,-0.001892)
(0.012273,-0.016209),(0.002290,0.004998)
(0.017682,0.003305),(-0.001871,0.010547)
(-0.005109,0.005649),(0.012808,0.014801)
(0.024582,-0.024413),(-0.019353,0.041627)
(0.048735,-0.007113),(-0.028824,-0.006020)
(0.023303,-0.003269),(0.037216,0.003770)
(0.001024,0.008805),(-0.033752,0.020507)
(-0.003414,-0.009546),(-0.018886,-0.013532)
(-0.005084,0.004490),(0.001679,0.046049)
(0.008626,-0.010730),(-0.004902,-0.010973)
(-0.015720,0.010218),(-0.004576,-0.002677)
(-0.015621,0.020918),(-0.006339,-0.006886)
(-0.033135,-0.005099),(-0.004132,-0.014282)
(-0.007605,-0.025345),(0.023188,0.009200)
(0.026930,0.017595),(-0.001702,0.003943)
(0.025734,0.000493),(0.003842,-0.008335)
(0.040557,-0.032863),(0.016163,-0.005087)
(0.033807,0.006816),(0.021251,0.014946)
(0.025857,0.003375),(0.000290,0.014759)
(0.016380,-0.004464),(0.030350,0.032248)
(0.003466,-0.005876),(-0.004053,0.007458)
(-0.011503,-0.000539),(-0.031653,-0.014371)
(-0.011523,0.026488),(-0.028001,0.008467)
(-0.020545,0.022171),(-0.015044,0.038380)
(-0.009987,-0.035550),(0.010207,-0.014553)
(0.018889,-0.013454),(0.031666,-0.032625)
(-0.000778,-0.014168),(0.002481,0.007921)
(0.027136,-0.035842),(-0.015384,0.020238)
(0.067766,-0.001054),(0.033417,-0.028869)
(0.031457,-0.015373),(0.023884,-0.015226)
(-0.012930,-0.015675),(0.008160,-0.005501)
(-0.026264,-0.007494),(0.025421,0.053363)
(-0.034429,0.007179),(-0.003876,0.022161)
(0.012269,-0.002840),(-0.010565,0.024711)
(0.018166,0.027014),(0.012254,-0.027179)
(-0.018750,0.013555),(-0.011878,-0.010521)
(0.022128,0.005604),(-0.008211,-0.014907)
(0.011238,-0.002005),(-0.023894,-0.024263)
(0.002214,-0.015858),(0.001149,-0.001233)
(0.014158,0.015649),(0.005179,0.022401)
(0.019576,0.000915),(-0.040370,0.008909)
(-0.005831,-0.005506),(0.007935,-0.019709)
(0.005807,0.001324),(0.027755,0.053801)
(0.008302,0.004464),(0.013665,0.002668)
(0.003133,-0.011266),(0.033196,0.015071)
(0.004378,0.003561),(0.011331,0.011926)
(-0.008564,-0.015021),(-0.001080,-0.013069)
(-0.017346,-0.025490),(0.002052,-0.002133)
(0.001573,-0.012453),(0.005032,-0.005798)
(0.017615,-0.012790),(0.014542,-0.017562)
(0.033355,-0.019802),(-0.002123,0.009131)
(0.030626,0.003167),(-0.025618,-0.005404)
(0.014771,0.019822),(-0.005899,0.011543)
(0.002053,0.006532),(-0.000001,0.026906)
(0.004031,0.015329),(0.018044,-0.014752)
(0.008643,-0.007248),(0.012533,0.015000)
(-0.000735,0.003482),(-0.004572,0.004703)
(0.005115,0.003561),(-0.023297,0.011445)
(-0.017832,0.021778),(-0.008489,-0.005187)
(-0.014095,-0.002576),(0.001464,0.034180)
(0.024855,-0.013742),(-0.023863,-0.028287)
(0.017910,-0.037408),(0.025230,0.029156)
(0.036061,-0.036092),(0.026585,0.016411)
(0.055563,0.013284),(-0.004608,0.002839)
(-0.002705,-0.004872),(-0.019900,0.040696)
(0.009271,0.021187),(-0.002402,0.026558)
(-0.006676,0.038816),(-0.009623,0.028239)
(0.021370,-0.006238),(-0.015614,0.020355)
(-0.039703,-0.002399),(-0.008718,0.021077)
(-0.026779,0.012450),(0.025197,0.004780)
(-0.021304,-0.020061),(0.021666,0.001511)
(-0.036432,-0.005529),(0.008059,-0.012741)
(-0.014680,-0.002103),(-0.010276,-0.009827)
(-0.023692,-0.031290),(0.048357,-0.000073)
(0.023295,-0.048221),(-0.011188,-0.003365)
(0.037003,-0.006933),(-0.004060,0.019503)
(0.039646,0.003207),(0.056599,-0.007638)
(0.029627,0.016511),(0.004833,0.029794)
(0.011118,-0.000144),(-0.021289,-0.001406)
(-0.005970,0.002293),(0.034679,0.042267)
(-0.002410,0.008015),(0.022929,0.021893)
(-0.014974,-0.013892),(0.016147,0.018616)
(0.003960,-0.001485),(0.001677,0.001072)
(0.019569,-0.002213),(-0.027789,-0.013032)
(-0.039832,-0.005608),(-0.018396,-0.007852)
(-0.015440,-0.021711),(-0.023699,0.026214)
(0.004419,-0.002434),(0.065864,-0.069608)
(0.015993,0.007779),(-0.029362,-0.001857)
(0.020830,-0.039944),(0.025435,0.015934)
(0.010250,-0.027754),(0.043566,0.020882)
(0.033635,-0.007934),(0.000625,0.061623)
(-0.007478,-0.006618),(0.010206,-0.057924)
(0.007310,-0.036793),(0.020223,0.034869)
(-0.009750,0.019343),(0.004324,0.018480)
(-0.016294,-0.016680),(0.017574,0.052352)
(-0.012303,0.003833),(-0.006669,0.009911)
(-0.000419,-0.009043),(-0.136804,-0.012906)
(0.000723,0.023196),(0.008852,-0.076070)
(0.030912,0.009435),(0.014688,0.083308)
(-0.013085,0.005543),(0.006804,0.005508)
(0.010471,-0.002124),(0.054103,-0.020636)
(-0.001329,0.006007),(0.078559,0.043105)
(0.010198,-0.028843),(0.020858,0.030318)
(0.006152,-0.022231),(0.018036,-0.025454)
(0.007594,0.018674),(0.027699,0.014906)
(-0.009391,0.006066),(0.025276,0.023679)
(0.041795,-0.021105),(-0.040672,0.048987)
(-0.016438,-0.007560),(-0.069940,0.013497)
(-0.000281,0.002361),(-0.004198,0.035754)
(0.017837,0.027101),(-0.022128,0.131760)
(0.001726,0.012868),(0.028065,-0.022695)
(0.017386,0.000860),(0.041179,-0.046238)
(-0.015787,-0.006863),(-0.018979,-0.020373)
(-0.000225,0.011769),(-0.020825,0.001724)
(0.018995,0.021425),(-0.006610,0.053893)
(-0.017035,0.029798),(0.069725,0.061312)
(-0.013753,-0.017023),(0.065998,0.053177)
(-0.007891,-0.010294),(-0.041265,0.028178)
(-0.005735,-0.032318),(0.010211,0.016759)
(0.021815,-0.034693),(0.004373,0.035393)
(0.016748,-0.038518),(-0.046243,0.064949)
(-0.018675,0.000771),(0.001475,0.025169)
(-0.024723,0.009502),(-0.059427,0.046094)
(0.004872,-0.006438),(0.012317,-0.041407)
(0.035238,-0.009815),(0.015731,-0.022693)
(0.019387,-0.010272),(0.027374,-0.023902)
(0.011327,0.028971),(-0.052387,0.008441)
(-0.002461,0.031395),(0.005783,0.001314)
(-0.030244,-0.018095),(0.003841,-0.022491)
(-0.037419,-0.004930),(0.093811,-0.023450)
(-0.016415,-0.020571),(0.008788,0.021050)
(0.024316,-0.047989),(0.031413,0.002489)
(-0.025847,-0.041164),(-0.017899,-0.000961)
(-0.014370,-0.005350),(0.008057,-0.028136)
(-0.003191,0.019847),(0.005511,-0.016894)
(-0.013537,0.008111),(-0.053164,0.010154)
(0.016154,-0.024471),(0.019117,0.027215)
(0.074833,0.004735),(0.001328,0.003538)
(0.036628,0.010226),(-0.008220,-0.028597)
(0.018786,0.047497),(-0.000178,0.041877)
(-0.022391,0.034708),(-0.007076,0.006493)
(0.006108,0.005779),(-0.014321,-0.056963)
(-0.018740,-0.003074),(0.014992,0.013295)
(-0.008249,-0.021524),(0.043180,-0.023231)
(0.007698,-0.000179),(0.038427,-0.013333)
(0.001535,-0.007747),(0.003099,0.048565)
(-0.009248,-0.022358),(0.022970,-0.026170)
(0.016329,-0.036334),(0.034415,-0.018323)
(0.032790,-0.001004),(-0.040754,0.012138)
(-0.005604,-0.015655),(-0.022089,0.011090)
(0.026320,0.002611),(0.027822,0.011487)
(0.014208,0.000208),(0.001334,-0.060042)
(-0.014209,0.003980),(-0.036682,0.057407)
(-0.012871,0.030604),(0.044944,0.007838)
(0.007865,0.008790),(0.057080,-0.042640)
(0.016320,0.011720),(-0.013708,-0.010962)
(0.032501,0.037571),(-0.035582,0.055403)
(0.015909,-0.023398),(-0.006717,-0.063321)
(0.016322,-0.005637),(0.029587,0.026008)
(0.002797,-0.035095),(-0.019486,0.037840)
(0.033010,-0.017342),(0.045706,-0.030915)
(-0.003297,-0.030506),(0.040031,0.029435)
(-0.012581,-0.008081),(0.029748,0.049783)
(-0.010187,-0.011044),(-0.070254,0.037600)
(-0.002566,-0.006512),(0.025172,-0.005011)
(0.004809,-0.012338),(0.050520,0.029527)
(0.009791,0.001952),(0.003230,-0.024023)
(-0.012906,0.017279),(-0.004061,-0.011291)
(0.002648,0.010773),(-0.002352,0.058816)
(0.012977,0.003216),(-0.026502,0.068639)
(0.014103,-0.001537),(-0.030208,-0.030233)
(0.009199,0.014467),(-0.004397,-0.001619)
(0.008149,-0.013946),(0.037611,0.014373)
(0.001656,-0.010670),(0.080261,0.014984)
(-0.031111,-0.005728),(0.032840,-0.005687)
(-0.015261,-0.002279),(-0.009407,-0.018060)
(-0.020903,0.010111),(-0.018750,-0.009053)
(-0.010432,0.009969),(-0.038114,-0.013337)
(0.022053,-0.017879),(-0.016971,0.017981)
(0.024422,-0.010010),(-0.005315,0.012089)
(0.001709,-0.003201),(0.024584,0.035036)
(0.000075,-0.009664),(-0.013855,0.039124)
(0.015104,0.017910),(-0.032531,0.002551)
(0.020207,-0.006141),(0.021685,-0.001194)
(-0.020398,0.017709),(-0.014819,0.002806)
(0.002632,0.013450),(-0.028230,0.007460)
(0.010530,0.001658),(-0.011161,0.006199)
(0.021776,-0.011553),(0.009190,0.034088)
(-0.019106,-0.022283),(-0.012781,-0.009913)
(-0.007422,-0.002077),(0.024598,0.039034)
(-0.038126,0.001471),(0.001298,0.070102)
(-0.013793,-0.016588),(-0.004264,0.033406)
(0.013630,-0.008461),(-0.015319,0.027403)
(0.001080,0.014087),(0.009875,0.045076)
(0.001295,0.005268),(-0.000428,0.068507)
(0.016881,0.013889),(0.012759,0.044081)
(-0.013225,0.022045),(0.032382,0.027088)
(0.000555,-0.003438),(0.036270,0.034537)
(0.017660,-0.028319),(0.000215,0.009035)
(-0.000019,-0.005397),(0.037589,0.025665)
(0.007141,0.000108),(0.013183,-0.001116)
(-0.004903,-0.002266),(0.009457,0.014725)
(-0.003310,0.000020),(0.019351,0.047175)
(0.002117,-0.003084),(0.010446,-0.037958)
(-0.006448,0.000187),(-0.029140,0.024614)
(-0.011718,0.001931),(-0.014503,0.046669)
(0.016816,-0.006590),(0.013534,0.037461)
(0.008959,-0.012243),(-0.025126,0.007567)
(0.013889,-0.008950),(0.001090,0.006421)
(-0.014900,-0.013809),(0.014345,0.040118)
(0.000250,-0.007985),(0.017455,0.011776)
(0.007020,0.011777),(0.019495,-0.001155)
(0.007714,0.002313),(0.007714,-0.012937)
(0.004630,-0.012809),(0.030083,0.059280)
(0.006065,-0.015132),(-0.034086,-0.033817)
(-0.014160,0.015367),(-0.010229,0.028023)
(0.010009,-0.015009),(-0.077718,-0.032102)
(0.007690,0.003653),(0.022268,0.026873)
(-0.007117,0.006803),(-0.035429,0.021298)
(-0.009312,0.011150),(0.071255,-0.003170)
(-0.002109,-0.007563),(0.030286,-0.002924)
(0.012233,-0.000705),(-0.013170,0.016374)
(0.019032,-0.036686),(-0.021924,0.060919)
(-0.001907,0.024174),(0.007454,0.051200)
(-0.004700,0.005836),(0.008189,0.057103)
(0.002316,-0.020305),(-0.041880,0.056650)
(0.006562,-0.007723),(0.021162,0.000942)
(0.000264,-0.010032),(0.063084,-0.014563)
(0.001234,-0.002086),(0.000091,0.025499)
(0.009510,0.028335),(0.013992,0.038255)
(-0.009326,0.020609),(0.011624,0.006175)
(0.006409,-0.013497),(0.022683,0.033078)
(-0.002086,-0.002046),(-0.027859,0.026895)
(-0.005003,0.005568),(0.037351,0.013731)
(-0.002645,0.015807),(0.028263,0.019282)
(-0.009108,-0.007022),(0.048133,0.018053)
(-0.007544,-0.006886),(-0.004984,0.019836)
(-0.001628,0.009037),(-0.041332,-0.009952)
(0.018844,0.022418),(-0.010239,0.041284)
(-0.006728,0.006804),(-0.017444,0.045161)
(0.023768,-0.000275),(0.009306,0.010097)
(0.009597,0.008936),(0.008522,0.054203)
(0.004473,-0.018754),(-0.030282,0.047143)
(0.010323,0.000116),(0.024765,0.072940)
(-0.000660,0.006424),(-0.010711,0.080705)
(-0.003678,-0.010060),(0.011922,-0.016736)
(0.003993,-0.007681),(0.003886,0.003904)
(-0.004404,0.003724),(-0.014840,0.027950)
(0.000027,-0.004733),(-0.023379,0.078347)
(0.012372,0.002742),(0.011449,-0.007862)
(0.002355,0.001105),(0.030270,0.035789)
(-0.006697,0.007297),(-0.032028,0.030244)
(-0.015657,0.029384),(0.045221,0.020807)
(-0.017770,-0.001574),(0.035797,0.034942)
(0.009919,0.012842),(0.002169,0.009006)
(0.018613,-0.012885),(-0.020072,0.042936)
(0.016210,0.024199),(-0.031005,0.014892)
(0.002003,0.001046),(-0.020428,0.047304)
(-0.007738,-0.007995),(-0.008611,0.070223)
(0.001697,-0.014035),(0.011188,0.112006)
(0.009202,-0.003433),(0.017877,0.071761)
(-0.006447,-0.003285),(0.015327,0.055027)
(0.009326,-0.000153),(0.052092,0.033488)
(0.008848,0.008738),(0.033896,0.044816)
(0.009235,-0.004928),(0.030995,-0.001412)
(0.011390,-0.026921),(-0.002511,0.044787)
(0.000244,-0.010445),(0.009965,0.020561)
(0.016787,0.008097),(0.002449,0.024712)
(-0.004583,0.004104),(-0.001556,0.042326)
(-0.019912,-0.001275),(0.001592,0.035914)
(-0.001251,0.002215),(0.000625,0.045178)
(0.002997,-0.002870),(0.001338,0.021507)
(0.001099,-0.008163),(-0.032686,0.017918)
(-0.002578,-0.001203),(-0.023344,0.066401)
(-0.024184,0.010365),(0.032054,0.116217)
(-0.005309,0.000895),(0.003102,0.062676)
(0.014663,-0.009400),(0.005809,0.013805)
(0.007866,-0.007926),(-0.045571,0.059827)
(0.005208,0.011718),(0.021174,0.115555)
(0.010483,-0.000347),(0.000427,0.150609)
(-0.003805,0.006138),(-0.035879,-0.031649)
(0.003217,0.006491),(-0.000446,0.069405)
(0.008099,-0.001506),(-0.136354,0.132501)
(-0.003288,0.017308),(0.032291,0.087646)
(0.002728,0.009848),(0.037715,0.169174)
(0.003322,-0.001675),(0.043311,0.160653)
(-0.012297,0.004528),(0.136393,0.141060)
(-0.016602,0.011858),(0.140680,0.070346)
(0.002434,0.009241),(0.009185,0.093777)
(-0.010594,0.004411),(0.020344,0.017091)
(0.012083,0.011515),(0.029997,0.089015)
(0.006123,0.010052),(-0.121572,0.019348)
(-0.000109,0.003052),(-0.061325,0.121749)
(-0.006879,0.005322),(-0.182916,0.212121)
(-0.002456,0.019064),(-0.038737,0.228642)
(0.000423,0.023961),(-0.041206,0.387797)
(0.021592,-0.008268),(-0.135979,0.720895)
(0.013212,0.009731),(-0.187479,0.484402)
(-0.009410,-0.011373),(0.675747,2.208990)
(-0.002969,-0.001826),(-0.573800,1.069116)
