0 127.019
0.00418321 2.82345
0.00836643 0.222039
0.0125496 0.19685
0.0167329 0.028188
0.0209161 0.081775
0.0250993 0.255504
0.0292825 0.267801
0.0334657 0.128167
0.0376489 0.035396
0.0418321 0.045295
0.0460153 0.067999
0.0501986 0.020927
0.0543818 0.105482
0.058565 0.054214
0.0627482 0.046366
0.0669314 0.127085
0.0711146 0.037058
0.0752978 0.009612
0.079481 0.125631
0.0836643 0.014002
0.0878475 0.085163
0.0920307 0.002605
0.0962139 0.044797
0.100397 0.116392
0.10458 0.012275
0.108764 0.028806
0.112947 0.046049
0.11713 0.141723
0.121313 0.176215
0.125496 0.074602
0.12968 0.074305
0.133863 0.042816
0.138046 0.009476
0.142229 0.018217
0.146412 0.017999
0.150596 0.037587
0.154779 0.041313
0.158962 0.015551
0.163145 0.03509
0.167329 0.000608
0.171512 0.028744
0.175695 0.117654
0.179878 0.050318
0.184061 0.001371
0.188245 0.02416
0.192428 0.001068
0.196611 0.010378
0.200794 0.005796
0.204977 0.080645
0.209161 0.035044
0.213344 0.010626
0.217527 0.004304
0.22171 0.005138
0.225893 0.022503
0.230077 0.018308
0.23426 0.000702
0.238443 0.037837
0.242626 0.011044
0.24681 0.006319
0.250993 0.055149
0.255176 0.037203
0.259359 0.008046
0.263542 0.015593
0.267726 0.01108
0.271909 0.014976
0.276092 0.031267
0.280275 0.009902
0.284458 0.030646
0.288642 0.038133
0.292825 0.02448
0.297008 0.013556
0.301191 0.020095
0.305375 0.026441
0.309558 0.006864
0.313741 0.028111
0.317924 0.001729
0.322107 0.004033
0.326291 0.018477
0.330474 0.005397
0.334657 0.00911
0.33884 0.005491
0.343023 0.025224
0.347207 0.002775
0.35139 0.003407
0.355573 0.022967
0.359756 0.018177
0.363939 0.017441
0.368123 0.027549
0.372306 0.003264
0.376489 0.022977
0.380672 0.012232
0.384856 0.022017
0.389039 0.001073
0.393222 0.005245
0.397405 0.002758
0.401588 0.029221
0.405772 0.015424
0.409955 0.028206
0.414138 0.002649
0.418321 0.005615
0.422504 0.028539
0.426688 0.007368
0.430871 0.009882
0.435054 0.027592
0.439237 0.003225
0.443421 0.012441
0.447604 0.007572
0.451787 0.03284
0.45597 0.021474
0.460153 0.023147
0.464337 0.008163
0.46852 0.004368
0.472703 0.018762
0.476886 0.009854
0.481069 0.03412
0.485253 0.02234
0.489436 0.011818
0.493619 0.020373
0.497802 0.030564
0.501986 0.015136
0.506169 0.008382
0.510352 0.005659
0.514535 0.039651
0.518718 0.016114
0.522902 0.02258
0.527085 0.000761
0.531268 0.007623
0.535451 0.003401
0.539634 0.001467
0.543818 0.012088
0.548001 0.014799
0.552184 0.017187
0.556367 0.019418
0.56055 0.004195
0.564734 0.014174
0.568917 0.012905
0.5731 0.001629
0.577283 0.029796
0.581467 0.031032
0.58565 0.029713
0.589833 0.067275
0.594016 0.02476
0.598199 0.055401
0.602383 0.003602
0.606566 0.025341
0.610749 0.005608
0.614932 0.030914
0.619115 0.018478
0.623299 0.00452
0.627482 0.021601
0.631665 0.001172
0.635848 0.032831
0.640032 0.00733
0.644215 0.006628
0.648398 0.017688
0.652581 0.026178
0.656764 0.0091
0.660948 0.008434
0.665131 0.034171
0.669314 0.007668
0.673497 0.031233
0.67768 0.011443
0.681864 0.04111
0.686047 0.027427
0.69023 0.000743
0.694413 0.016757
0.698597 0.034882
0.70278 0.019486
0.706963 0.007849
0.711146 0.037683
0.715329 0.021463
0.719513 0.050339
0.723696 0.002592
0.727879 0.050116
0.732062 0.00916
0.736245 0.036531
0.740429 0.001108
0.744612 0.011144
0.748795 0.001181
0.752978 0.051245
0.757161 0.004765
0.761345 0.011885
0.765528 0.050956
0.769711 0.040375
0.773894 0.038983
0.778078 0.084485
0.782261 0.060514
0.786444 0.137751
0.790627 0.032318
0.79481 0.075462
0.798994 0.062997
0.803177 0.037152
0.80736 0.080864
0.811543 0.098822
0.815726 0.05183
0.81991 0.010939
0.824093 0.075663
0.828276 0.023143
0.832459 0.066854
0.836643 0.092032
0.840826 0.056306
0.845009 0.04327
0.849192 0.027813
0.853375 0.032428
0.857559 0.109982
0.861742 0.103653
0.865925 0.075716
0.870108 0.063977
0.874291 0.005523
0.878475 0.02797
0.882658 0.01956
0.886841 0.041172
0.891024 0.071829
0.895207 0.036857
0.899391 0.01137
0.903574 0.013821
0.907757 0.009037
0.91194 0.060295
0.916124 0.046222
0.920307 0.016999
0.92449 0.033037
0.928673 0.047005
0.932856 0.01037
0.93704 0.08028
0.941223 0.097053
0.945406 0.051258
0.949589 0.061091
0.953772 0.026371
0.957956 0.064731
0.962139 0.009317
0.966322 0.070917
0.970505 0.001405
0.974689 0.003381
0.978872 0.041142
0.983055 0.090289
0.987238 0.020776
0.991421 0.022726
0.995605 0.027928
0.999788 0.037375
1.00397 0.0298
1.00815 0.007071
1.01234 0.027704
1.01652 0.090697
1.0207 0.030457
1.02489 0.03152
1.02907 0.094635
1.03325 0.080029
1.03744 0.071808
1.04162 0.00043
1.0458 0.031769
1.04999 0.005523
1.05417 0.013504
1.05835 0.010569
1.06254 0.033033
1.06672 0.000593
1.0709 0.087273
1.07509 0.059468
1.07927 0.050195
1.08345 0.043181
1.08764 0.04693
1.09182 0.02203
1.096 0.032258
1.10018 0.002171
1.10437 0.01713
1.10855 0.069756
1.11273 0.029188
1.11692 0.029738
1.1211 0.022242
1.12528 0.025142
1.12947 0.010253
1.13365 0.038628
1.13783 0.082211
1.14202 0.005105
1.1462 0.050225
1.15038 0.001284
1.15457 0.039949
1.15875 0.039927
1.16293 0.00545
1.16712 0.012894
1.1713 0.042357
1.17548 0.019821
1.17967 0.008347
1.18385 0.026576
1.18803 0.025422
1.19222 0.041539
1.1964 0.016202
1.20058 0.020217
1.20477 0.004168
1.20895 0.070816
1.21313 0.020592
1.21731 0.015294
1.2215 0.046343
1.22568 0.01677
1.22986 0.016764
1.23405 0.021397
1.23823 0.052543
1.24241 0.068767
1.2466 0.063941
1.25078 0.04267
1.25496 0.008901
1.25915 0.04344
1.26333 0.014552
1.26751 0.04043
1.2717 0.053249
1.27588 0.005832
1.28006 0.015268
1.28425 0.009295
1.28843 0.040751
1.29261 0.084408
1.2968 0.008078
1.30098 0.046827
1.30516 0.000938
1.30935 0.038988
1.31353 0.026525
1.31771 0.032969
1.3219 0.015182
1.32608 0.062083
1.33026 0.025237
1.33444 0.032166
1.33863 0.045585
1.34281 0.000725
1.34699 0.000915
1.35118 0.031954
1.35536 0.083347
1.35954 0.015353
1.36373 0.006145
1.36791 0.034852
1.37209 0.026042
1.37628 0.031958
1.38046 0.039232
1.38464 0.004872
1.38883 0.00178
1.39301 0.021302
1.39719 0.005901
1.40138 0.004232
1.40556 0.054834
1.40974 0.021033
1.41393 0.061321
1.41811 0.019453
1.42229 0.027319
1.42648 0.024784
1.43066 0.010292
1.43484 0.008289
1.43903 0.018529
1.44321 0.016173
1.44739 0.040448
1.45157 0.003828
1.45576 0.023557
1.45994 0.010463
1.46412 0.046698
1.46831 0.064345
1.47249 0.079447
1.47667 0.053435
1.48086 0.024384
1.48504 0.018682
1.48922 0.053716
1.49341 0.045425
1.49759 0.037721
1.50177 0.027852
1.50596 0.00623
1.51014 0.013154
1.51432 0.035776
1.51851 0.024411
1.52269 0.022254
1.52687 0.015738
1.53106 0.004702
1.53524 0.019005
1.53942 0.034677
1.54361 0.053146
1.54779 0.022123
1.55197 0.019746
1.55616 0.024784
1.56034 0.021306
1.56452 0.024554
1.5687 0.022722
1.57289 0.034206
1.57707 0.011684
1.58125 0.004111
1.58544 0.026187
1.58962 0.013813
1.5938 0.023458
1.59799 0.015763
1.60217 0.007691
1.60635 0.004294
1.61054 0.000817
1.61472 0.000742
1.6189 0.00302
1.62309 0.018225
1.62727 0.010519
1.63145 0.018265
1.63564 0.003902
1.63982 0.026736
1.644 0.012808
1.64819 0.009608
1.65237 0.002841
1.65655 0.011853
1.66074 0.033031
1.66492 0.035166
1.6691 0.020524
1.67329 0.02379
1.67747 0.002729
1.68165 0.005937
1.68583 0.027003
1.69002 0.037035
1.6942 0.027321
1.69838 0.016383
1.70257 0.033161
1.70675 0.022802
1.71093 0.005561
1.71512 0.019735
1.7193 0.035516
1.72348 0.038397
1.72767 0.043294
1.73185 0.028186
1.73603 0.049465
1.74022 0.011452
1.7444 0.025829
1.74858 0.007205
1.75277 0.029866
1.75695 0.002547
1.76113 0.009596
1.76532 0.003515
1.7695 0.003809
1.77368 0.002932
1.77787 0.018463
1.78205 0.014471
1.78623 0.00749
1.79041 0.000221
1.7946 0.004939
1.79878 0.014177
1.80296 0.005968
1.80715 0.01341
1.81133 0.014762
1.81551 0.018514
1.8197 0.057557
1.82388 0.009039
1.82806 0.005827
1.83225 0.027504
1.83643 0.002744
1.84061 0.000645
1.8448 0.009567
1.84898 0.03385
1.85316 0.02516
1.85735 0.019077
1.86153 0.018363
1.86571 0.015704
1.8699 0.00554
1.87408 0.006119
1.87826 0.017502
1.88245 0.017676
1.88663 0.009223
1.89081 0.005873
1.895 0.002449
1.89918 0.018374
1.90336 0.027735
1.90754 0.02038
1.91173 0.01303
1.91591 0.012668
1.92009 0.00172
1.92428 0.005637
1.92846 0.002354
1.93264 0.031105
1.93683 0.030326
1.94101 0.021993
1.94519 0.022897
1.94938 0.019353
1.95356 0.015186
1.95774 0.010176
1.96193 0.026736
1.96611 0.013438
1.97029 0.049162
1.97448 0.028481
1.97866 0.021326
1.98284 0.007788
1.98703 0.047815
1.99121 0.001049
1.99539 0.018009
1.99958 0.004831
2.00376 0.010547
2.00794 0.009839
2.01213 0.017479
2.01631 0.025556
2.02049 0.018119
2.02467 0.008208
2.02886 0.005593
2.03304 0.01381
2.03722 0.00924
2.04141 0.007975
2.04559 0.006674
2.04977 0.004667
2.05396 0.009001
2.05814 0.010405
2.06232 0.018903
2.06651 0.029642
2.07069 0.002908
2.07487 0.016452
2.07906 0.004892
2.08324 0.032724
2.08742 0.020368
2.09161 0.010046
2.09579 0.026274
2.09997 0.004774
2.10416 0.026721
2.10834 0.023283
2.11252 0.016163
2.11671 0.00838
2.12089 0.009687
2.12507 0.010309
2.12926 0.005118
2.13344 0.004333
2.13762 0.022275
2.1418 0.02403
2.14599 0.010196
2.15017 0.015979
2.15435 0.006663
2.15854 0.011677
2.16272 0.02107
2.1669 0.008549
2.17109 0.018974
2.17527 0.024739
2.17945 0.004868
2.18364 0.009634
2.18782 0.021464
2.192 0.002402
2.19619 0.011855
2.20037 0.002937
2.20455 0.01179
2.20874 0.017437
2.21292 0.032265
2.2171 0.048374
2.22129 0.060389
2.22547 0.046755
2.22965 0.006297
2.23384 0.012365
2.23802 0.052399
2.2422 0.037106
2.24639 0.016717
2.25057 0.031187
2.25475 0.004457
2.25893 0.001516
2.26312 0.044925
2.2673 0.020126
2.27148 0.01842
2.27567 0.007787
2.27985 0.042325
2.28403 0.005072
2.28822 0.000833
2.2924 0.030207
2.29658 0.039195
2.30077 0.046689
2.30495 0.021038
2.30913 0.015867
2.31332 0.003695
2.3175 0.011874
2.32168 0.02074
2.32587 0.037812
2.33005 0.022838
2.33423 0.048704
2.33842 0.02394
2.3426 0.006056
2.34678 0.002408
2.35097 0.012099
2.35515 0.027475
2.35933 0.021003
2.36352 0.033931
2.3677 0.001643
2.37188 0.000132
2.37606 0.0033
2.38025 0.020674
2.38443 0.014644
2.38861 0.000113
2.3928 0.030524
2.39698 0.012715
2.40116 0.001221
2.40535 0.014923
2.40953 0.024237
2.41371 0.022739
2.4179 0.023174
2.42208 0.006585
2.42626 0.021131
2.43045 0.006071
2.43463 0.003548
2.43881 0.019206
2.443 0.029853
2.44718 0.049472
2.45136 0.037157
2.45555 0.019882
2.45973 0.008996
2.46391 0.017096
2.4681 0.004086
2.47228 0.016188
2.47646 0.007078
2.48065 0.002917
2.48483 0.012753
2.48901 0.000383
2.49319 0.01498
2.49738 0.005683
2.50156 0.002439
2.50574 0.000336
2.50993 0.009591
2.51411 0.003983
2.51829 0.009148
2.52248 0.020184
2.52666 0.003893
2.53084 0.004362
2.53503 0.005003
2.53921 0.020979
2.54339 0.003026
2.54758 0.010527
2.55176 0.002463
2.55594 0.009699
2.56013 0.022468
2.56431 0.005778
2.56849 0.008488
2.57268 0.00013
2.57686 0.005396
2.58104 0.003922
2.58523 0.001252
2.58941 0.010428
2.59359 0.011181
2.59778 0.005293
2.60196 0.002694
2.60614 0.017015
2.61032 0.005493
2.61451 0.003151
2.61869 0.014069
2.62287 0.011249
2.62706 0.007917
2.63124 0.014441
2.63542 0.007349
2.63961 0.012773
2.64379 0.019663
2.64797 0.007161
2.65216 0.012663
2.65634 0.023955
2.66052 0.023488
2.66471 0.003804
2.66889 0.014726
2.67307 0.021657
2.67726 0.000127
2.68144 0.009583
2.68562 0.015616
2.68981 0.005996
2.69399 0.016706
2.69817 0.013436
2.70236 0.000526
2.70654 0.004795
2.71072 0.00237
2.7149 0.007949
2.71909 0.002418
2.72327 0.009533
2.72745 0.001049
2.73164 0.013537
2.73582 0.007333
2.74 0.005349
2.74419 0.000983
2.74837 0.004355
2.75255 0.002296
2.75674 0.008532
2.76092 0.011266
2.7651 0.014981
2.76929 0.002896
2.77347 0.002505
2.77765 0.01434
2.78184 0.004863
2.78602 0.006919
2.7902 0.001868
2.79439 0.004752
2.79857 0.008528
2.80275 0.000727
2.80694 0.006739
2.81112 0.013087
2.8153 0.005785
2.81949 0.00943
2.82367 0.001468
2.82785 0.00979
2.83203 0.007065
2.83622 0.00175
2.8404 0.005882
2.84458 0.005197
2.84877 0.001137
2.85295 0.002878
2.85713 0.003496
2.86132 0.00928
2.8655 0.010328
2.86968 0.004081
2.87387 0.006538
2.87805 0.011141
2.88223 0.01271
2.88642 0.015503
2.8906 0.01018
2.89478 0.009288
2.89897 0.020172
2.90315 0.000518
2.90733 0.010726
2.91152 0.005946
2.9157 0.003653
2.91988 0.004932
2.92407 0.004936
2.92825 0.005938
2.93243 0.007293
2.93662 0.004798
2.9408 0.003736
2.94498 0.0057
2.94916 0.011766
2.95335 0.013736
2.95753 0.007057
2.96171 0.001816
2.9659 0.010823
2.97008 0.007295
2.97426 0.014011
2.97845 0.020147
2.98263 0.003963
2.98681 0.002743
2.991 0.014679
2.99518 0.004223
2.99936 0.014087
3.00355 0.007505
3.00773 0.014542
3.01191 0.009371
3.0161 0.003417
3.02028 0.000783
3.02446 0.012656
3.02865 0.001708
3.03283 0.001689
3.03701 0.012466
3.0412 0.005665
3.04538 0.002784
3.04956 0.003462
3.05375 0.008946
3.05793 0.021887
3.06211 0.017205
3.06629 0.009369
3.07048 0.00291
3.07466 0.004286
3.07884 0.001789
3.08303 0.015563
3.08721 0.006855
3.09139 0.00428
3.09558 0.017453
3.09976 0.016201
3.10394 0.004153
3.10813 0.004508
3.11231 0.005978
3.11649 0.008205
3.12068 0.005183
3.12486 0.004668
3.12904 0.008416
3.13323 0.008831
3.13741 0.000252
