227.22,127.061,127,149.939
227.23,128,126,147
227.24,127,127,153.941
227.25,127,127.898,149.898
227.26,127,126,147.604
227.27,128,127,154.649
227.28,129.093,126.814,148.186
227.29,130.092,124.908,150.725
227.3,130.908,123.908,148.369
227.31,128.431,123.784,154.353
227.32,126.247,123.507,154.507
227.33,125.754,123.754,152.246
227.34,128.318,124.659,154.659
227.35,131,125.068,151.136
227.36,130.932,125.068,153
227.37,129.104,126,153.448
227.38,127.241,126,154
227.39,125.248,127,152.496
227.4,126.654,126.346,153.27
227.41,128,125.213,149.361
227.42,127.788,127,152.27
227.43,127,126.789,154.156
227.44,127,126,151.429
227.45,128.212,125.788,152.788
227.46,129,124.788,153.152
227.47,128,126,151.483
227.48,126.792,125,154.75
227.49,126.212,126.212,152.695
227.5,127.218,125.564,154.91
227.51,128.425,124,148.425
227.52,130.212,125.212,150
227.53,129.575,126.788,150.212
227.54,126.78,125.78,153.78
227.55,125.212,127.212,154.846
227.56,126.424,126.788,151.576
227.57,130.211,126,147.634
227.58,130.788,126,151
227.59,128.574,124.213,155.426
227.6,125.789,124.423,147.846
227.61,126.212,125.577,154.153
227.62,129.211,125,150.423
227.63,130,125.788,149.576
227.64,128.788,126.212,153.423
227.65,127,127,150
227.66,126.211,126.789,152.057
227.67,127,127.576,153.517
227.68,129.212,127,152.212
227.69,129.788,125,148.788
227.7,128,124.212,149.788
227.71,127.212,124,148.27
227.72,128,125.211,152.731
227.73,128,124.212,149.847
227.74,128.044,126.044,152.913
227.75,128.961,125.961,147.923
227.76,127,124.944,150.223
227.77,127,124,155.366
227.78,127.788,124,150.212
227.79,126.196,125.196,153.785
227.8,127.453,126,152.774
227.81,129,127,146.788
227.82,128.788,127.212,150.847
227.83,126.493,127.247,153.247
227.84,125,128.068,154.068
227.85,126.067,128.067,153.2
227.86,127.067,127.865,153.067
227.87,128,127,150.067
227.88,128,125.862,156.655
227.89,127.933,125,148.267
227.9,126,125.069,153.793
227.91,126.069,124.931,152.343
227.92,127,124,150.798
227.93,127.895,124,154.266
227.94,127.212,124.788,152.212
227.95,127.789,124.789,153.367
227.96,127.212,124.576,155.059
227.97,128.212,124.212,152.365
227.98,129.211,125.211,151.056
227.99,129,126,151
228,127.787,127,148.575
228.01,127,127,152.847
228.02,127,127,152.578
228.03,127,126.211,153.211
228.04,127.212,127,152.635
228.05,129.211,126.789,153.888
228.06,131,126.212,148.788
228.07,130,126.789,149.057
228.08,128.577,125.423,153.577
228.09,124.789,128.211,153.633
228.1,123.423,130.789,159.366
228.11,127.045,130.09,150.821
228.12,130.044,131,148.222
228.13,130.967,129.967,149.9
228.14,129.243,129.757,148.514
228.15,125,129,158.211
228.16,125.211,129,153.366
228.17,127.424,130,148.848
228.18,130,129.211,151.366
228.19,129.789,128.577,144.845
228.2,127.718,127.141,153.859
228.21,126,128,154.51
228.22,126.211,127.422,149.422
228.23,128.211,129.789,153.789
228.24,129,130.579,148.21
228.25,128.578,130.789,151.944
228.26,126,131.217,148.867
228.27,126,131.21,153
228.28,127,133.578,148.789
228.29,128,133,152.939
228.3,129,133,149.423
228.31,127.787,131.213,147.639
228.32,126.789,131.789,152.211
228.33,125,132,148.211
228.34,126.21,132,155.949
228.35,128.212,132,151.788
228.36,128,133.211,150.054
228.37,126.577,134,155.154
228.38,124,136,148.635
228.39,124.211,135.789,152.368
228.4,126.187,137,147.748
228.41,128,135.531,152.063
228.42,128,134.233,152.865
228.43,126,133.201,154.395
228.44,126,134,153.284
228.45,125.766,134.766,149.234
228.46,124.773,134,156.546
228.47,124.226,133.774,152.452
228.48,125,133.226,155.322
228.49,126.226,133,154.321
228.5,127,134.227,149.453
228.51,126.774,136,154.322
228.52,125,137.548,150.357
228.53,125.226,136.774,155.096
228.54,127,135.225,152.451
228.55,127,134.06,152
228.56,128,133.118,155
228.57,127.044,135,148.22
228.58,128,133,153.629
228.59,125.911,134.089,150.535
228.6,124.294,135.706,156
228.61,126.089,132,155.467
228.62,127,135,150.446
228.63,128.089,134.089,155.822
228.64,129,132.267,148.822
228.65,129,135,148.816
228.66,129,134.214,154.929
228.67,127.357,133.643,151.643
228.68,127,138.792,157.74
228.69,127.051,135.949,149.848
228.7,128,136,149.821
228.71,129,134.911,153.177
228.72,128,132,146.089
228.73,128,133,151.911
228.74,128,132.294,151.706
228.75,128.09,132.179,148
228.76,129,132.088,150.177
228.77,128.911,133.089,153.646
228.78,127,134.089,150.797
228.79,126.088,134,158.381
228.8,127,133.576,150.729
228.81,127.453,132.547,150.36
228.82,129.774,133,146.129
228.83,127.548,131.226,152
228.84,125.775,132,153.675
228.85,125.236,132,150.764
228.86,127,134,153.643
228.87,128,132.774,148.677
228.88,128,133,151.549
228.89,126.774,132.226,150.451
228.9,125.227,131,155.227
228.91,126,131.451,149.549
228.92,127,131.226,151.453
228.93,128,131.774,154.645
228.94,126.775,131.225,146.023
228.95,126.234,132.532,161.658
228.96,127.059,132,146.294
228.97,128,132,152.059
228.98,129,131,149.857
228.99,127.775,130.775,150
229,127,129.229,151.914
229.01,125.765,130.235,154.59
229.02,126.225,130,154.577
229.03,128,128,148.864
229.04,129,128.774,152
229.05,128.774,127.774,153.452
229.06,127.235,127,152.705
229.07,127,128.774,155.226
229.08,128,126.226,153.097
229.09,128,127.548,152.904
229.1,129,126.323,152.452
229.11,128.778,125.222,152.556
229.12,127.789,124.789,151.685
229.13,127.14,126,156.439
229.14,128,126,151.493
229.15,128,125.279,151.279
229.16,128,125.489,154.511
229.17,128,123.79,150.42
229.18,128,123.526,154.106
229.19,128,123.037,153.075
229.2,128.038,123.038,152.962
229.21,129,122.695,153.305
229.22,130,121,151.503
229.23,130.752,120.752,152.248
229.24,129.249,119.497,152.503
229.25,128.234,120,150.766
229.26,128,120,152.579
229.27,129.21,119,152.631
229.28,131,119,149.159
229.29,131,119.79,152
229.3,131,118.791,149.791
229.31,129.79,118.21,150
229.32,129,117.789,152.789
229.33,129,118,152.211
229.34,129,118.789,151
229.35,129,118,155.37
229.36,128.141,118.141,149.566
229.37,129.76,118.24,152.24
229.38,129,116,153
229.39,129,115.246,152.246
229.4,129,114.42,154.42
229.41,128,116.79,152.16
229.42,129,116,152
229.43,129,117.21,151.21
229.44,128.791,117.791,150.209
229.45,128.82,116.639,155
229.46,128,116,152.869
229.47,128,115.043,155
229.48,128,116.212,151
229.49,128,117,147.682
229.5,129,116.211,152.157
229.51,129.79,118.58,151.161
229.52,129,118.789,149.264
229.53,129,117.58,154.161
229.54,128,116.21,148.26
229.55,128,118.501,156.003
229.56,129,116.79,149.16
229.57,130.21,117.21,149.419
229.58,130,116.211,148.789
229.59,129.791,116.419,149.419
229.6,128,117.123,149.616
229.61,127.227,118.773,151.545
229.62,128,119.528,153.057
229.63,129,118.226,151.129
229.64,129,118,151
229.65,129,117,150.452
229.66,130,118.85,153.549
229.67,129.214,118.786,149.428
229.68,128,118,153.547
229.69,127,118.451,149.677
229.7,127,118.774,153.226
229.71,127,118.226,151.774
229.72,127,120.324,155.775
229.73,128.151,118.151,154.698
229.74,129,118.215,151.43
229.75,129,117.774,149.355
229.76,129,118,149.643
229.77,128.772,119.545,148.455
229.78,127.774,119.774,154.549
229.79,127.226,118.451,152.774
229.8,128.226,120.226,149.451
229.81,128.774,119.774,153.451
229.82,128,119,151.316
229.83,128,119,152
229.84,128.207,118.793,152.243
229.85,128.774,117.774,150.323
229.86,128.226,119.774,154.902
229.87,129,118.225,150.549
229.88,128,118.775,150.451
229.89,127.774,118.774,158.098
229.9,128,118,152
229.91,129,117,154.451
229.92,129,116.235,156
229.93,129,117,150
229.94,129,117.647,150.586
229.95,129,117,149.559
229.96,128,118.21,150.47
229.97,128,119,153.954
229.98,128.209,119.791,151.047
229.99,127.79,120.21,152
230,128.21,118.58,153.741
230.01,130.21,118.21,146.469
230.02,130,117.419,150
230.03,129.791,118.582,153.418
230.04,128,118.791,148.582
230.05,128.209,118.791,154.209
230.06,129,119,149
230.07,129,117.791,151.581
230.08,129.179,117.642,150.537
230.09,129,116.128,151.681
230.1,129.066,116,151.264
230.11,131,116.064,150.616
230.12,130.924,116.924,149
230.13,128.936,119.936,146.762
230.14,126.935,119.805,157.153
230.15,126.036,118.855,150.218
230.16,128.218,119.782,153.347
230.17,130,118.86,149.163
230.18,130.755,118,144
230.19,129.791,118.209,148.374
230.2,127.784,119.216,147.078
230.21,127,118.225,154.55
230.22,127,118.221,149.662
230.23,128,119.791,153.628
230.24,129,117.642,156.389
230.25,129,116.086,144.429
230.26,128.391,117.391,157.044
230.27,127,118,152.418
230.28,127.14,118.14,151.838
230.29,126.496,118.248,155.496
230.3,126,119,153.608
230.31,126,119.936,158.871
230.32,126.065,119,154.13
230.33,127,118.936,158.807
230.34,127.066,119.066,152.066
230.35,129,118.936,154.485
230.36,129,119.396,147
230.37,127.372,119.628,150.372
230.38,126,119.751,156.75
230.39,125,118.751,148.748
230.4,126.75,120.75,160.253
230.41,128.752,119.248,148.242
230.42,129.751,120,152.508
230.43,129,119,150
230.44,128.79,120,148.79
230.45,129,120.791,155.581
230.46,128.21,121.21,149.052
230.47,128.789,122.789,156.52
230.48,129.209,122,152.209
230.49,130,120.209,147.627
230.5,131.209,120,151.582
230.51,132,121,149.791
230.52,131,121.791,148.791
230.53,129,121.209,148.209
230.54,128,123.79,150.581
230.55,128,123.791,146.581
230.56,129,123.418,150.418
230.57,129,124.772,150.457
230.58,128,124,149.784
230.59,128,122.783,155.567
230.6,128,122,150
230.61,128.217,120.217,154.567
230.62,129,120.783,150.433
230.63,129,120.433,151.918
230.64,128,123,151.301
230.65,126.801,121,158.606
230.66,126,120.454,155.68
230.67,124.233,123.467,149.866
230.68,126,123.541,161.703
230.69,126.459,122.23,147.607
230.7,128,123,154.31
230.71,126.77,120.919,151.459
230.72,124.77,123.459,153.919
230.73,124.229,125,157.313
230.74,124.232,125.768,151.929
230.75,125,126,157.688
230.76,125.896,123,152.519
230.77,128.096,123.808,153.808
230.78,129,122.906,152
230.79,129,124.094,152
230.8,129,124,153.718
230.81,129,123.187,146.187
230.82,128,125.107,150.893
230.83,128,126.905,151.191
230.84,128,125,146.191
230.85,128.19,124.81,153
230.86,131.095,124.905,151.524
230.87,132.905,123.905,148
230.88,130.904,123.096,151.478
230.89,128.809,124,151.713
230.9,126,124.904,151.192
230.91,128.096,124.096,154.713
230.92,129,126,154.192
230.93,129,125.096,156
230.94,129,126.905,153.81
230.95,128.904,126.809,149.713
230.96,127.904,126,152.904
230.97,127,127,152
230.98,126.904,126.191,153.096
230.99,126.099,128.099,151.398
231,126.921,129,153.369
231.01,126.094,131,152.281
231.02,127,130,151.531
231.03,127,129.089,146.089
231.04,126.229,126.771,151.229
231.05,127,126.439,151.561
231.06,127,128,152.464
231.07,128,128,155.117
231.08,127.208,128.625,145.625
231.09,127.791,130.373,153.791
231.1,127.208,128,148.583
231.11,128,128,152
231.12,127.768,128.536,153.928
231.13,126.822,127.822,152.822
231.14,127,129.957,154.828
231.15,127.043,129.086,149.043
231.16,128.05,130.05,150.05
231.17,128,130.791,149.417
231.18,126.786,130,151.214
231.19,126.77,130,153.848
231.2,126.816,130.816,151.553
231.21,126,130,154.858
231.22,126,130,149.398
231.23,126,131.69,149.69
231.24,127.073,131.073,151.927
231.25,127.902,132,150.196
231.26,127,130.144,154.928
231.27,126,131.064,148.936
231.28,126,131,150.963
231.29,126,132,150.834
231.3,126,132,150.791
231.31,127,132,155.543
231.32,127.209,132.583,151.626
231.33,127.792,131.208,153.751
231.34,127,131.791,152.209
231.35,126,130,148.416
231.36,126,131,150.582
231.37,126.215,132.785,150.429
231.38,127.224,131.224,151.103
231.39,128,133,150.417
231.4,128,132.211,151.053
231.41,126.788,132.424,148.788
231.42,126,134,156.579
231.43,126.792,133.416,150
231.44,126,133.198,148.991
231.45,127,133.878,151.878
231.46,126.958,134,148.083
231.47,126,133.968,152.84
231.48,126.752,133,150.256
231.49,126.793,133.585,149.622
231.5,126,133.788,156.424
231.51,126.224,133.224,151.76
231.52,128,134.415,148.454
231.53,127.792,134.792,154
231.54,124.791,133,149.791
231.55,124,134.792,153.831
231.56,126,134,154.304
231.57,127,134,146.896
231.58,127,133,154
231.59,126,133.208,152
231.6,125,134,154.208
231.61,126.208,132.416,156
231.62,126.792,134,151.375
231.63,125,132.232,156.16
231.64,125.23,132,153.311
231.65,126,132.771,152.459
231.66,125,133.312,153.229
231.67,126,135,154.396
231.68,126.217,136,153.65
231.69,125,134.436,155.347
231.7,126,135.456,151.456
231.71,126,136.585,151.585
231.72,126,135.376,152.416
231.73,126,133,153.249
231.74,126,133,156.792
231.75,127.208,133,148.247
231.76,127.769,133.538,149.844
231.77,127,133.357,155.214
231.78,127,131.15,148
231.79,125.951,134,154
231.8,125.037,135,157.11
231.81,127.532,134.234,154.638
231.82,128,135,151.881
231.83,127,134,153.763
231.84,127,132.216,148.784
231.85,127,135,152.646
231.86,127.216,135.216,149.92
231.87,128,136.782,150.524
231.88,126.568,136.352,153.919
231.89,125,133.207,155.587
231.9,125.415,136.585,149.623
231.91,127,133.792,156.751
231.92,127.417,131.791,147.668
231.93,129,132.775,148
231.94,127.585,132.208,154.17
231.95,125,133.415,153.415
231.96,125,134.624,153.584
231.97,126,136,152.207
231.98,127,136.793,149.414
231.99,127,134.792,152.585
232,127.788,133.788,150.575
232.01,127.227,134.773,152
232.02,129,133,148.565
232.03,127.786,134.428,147
232.04,125.786,135.214,153.641
232.05,123,136.585,150.038
232.06,124.414,136,156.552
232.07,128.208,134.792,149.415
232.08,129,133.794,147
232.09,128,132,151
232.1,127,132.793,148.415
232.11,126,132.784,149.432
232.12,126,132.792,149.585
232.13,127,135.793,152.62
232.14,127,135,151.171
232.15,126,135,151.621
232.16,126,134.215,153.57
232.17,126,134,148.415
232.18,127,134,150.467
232.19,126.959,134,149.041
232.2,126,135.917,150.917
232.21,125.95,135,155.65
232.22,124.207,137,151.279
232.23,125.207,134.793,158.72
232.24,126.207,134,149.24
232.25,127,133.207,150.793
232.26,127.791,132.209,154.162
232.27,125.793,131.414,147.828
232.28,125,131.414,155
232.29,125,134,150.208
232.3,126,135.585,151.622
232.31,127,135.793,153.378
232.32,126.792,136,152.377
232.33,125,135,153.414
232.34,124.207,133.207,153.621
232.35,126.207,132.207,153.171
232.36,128,132.793,152.622
232.37,127,134.586,150.793
232.38,125.792,132.585,157.546
232.39,125,131.207,149.657
232.4,125.207,133,155.379
232.41,126.207,132,154.829
232.42,127.207,132.586,154.172
232.43,128,131.793,154.793
232.44,128,131,148.964
232.45,127.792,131.208,152.208
232.46,126.793,132,149.827
232.47,126,134,153.966
232.48,127,134,152.642
232.49,127,134,151.425
232.5,128,132.376,149.505
232.51,128.841,132,148
232.52,128.939,130.939,149.878
232.53,128,129.122,151.757
232.54,128.061,129.939,148.183
232.55,128.94,128.119,151.94
232.56,129,131,147.177
232.57,127.94,131.94,156.518
232.58,125.935,132,152.259
232.59,126.061,132.878,153.818
232.6,129.061,129.939,152.817
232.61,129,129.052,145.361
232.62,128.904,128.904,154.712
232.63,126.91,128.181,152.91
232.64,125,130,153.092
232.65,126.18,130,155.55
232.66,128,129.293,150.293
232.67,128,127.092,151.367
232.68,128,127.907,153.72
232.69,127,127,148.366
232.7,126,127.908,155.908
232.71,127.092,127.816,148
232.72,128,125.092,151
232.73,127.908,126,149.816
232.74,127,126.183,150.275
232.75,127.083,127,151.917
232.76,128.084,127,150.084
232.77,129,125.915,151.746
232.78,128.914,125.914,148.171
232.79,127,124,152.061
232.8,128.06,125,149.94
232.81,129,124.94,148.06
232.82,129.059,122.941,154.822
232.83,129,122.06,148.121
232.84,127.939,124,155.061
232.85,127,124.94,153.94
232.86,126.06,123.06,149.06
232.87,128,124.94,153.94
232.88,129,122.878,149
232.89,129.035,121,148.07
232.9,130,120.938,150.938
232.91,129.94,121.06,149
232.92,128,121.06,149.179
232.93,127,121.06,153.881
232.94,127,122.94,151.12
232.95,127,122,153.891
232.96,128,120,155.63
232.97,129,120,148.126
232.98,129,118.938,151.815
232.99,128.939,119.939,150.878
233,128,119.06,151.181
233.01,127,120.059,155.941
233.02,127.06,121,152.94
233.03,128,120.06,154
233.04,128.06,120.88,153.06
233.05,129,119,155.828
233.06,128.94,117,152
233.07,128,118,152
233.08,128.939,118,149.939
233.09,128,117.94,147.181
233.1,128,118.881,154.762
233.11,128.06,118,150.239
233.12,129,118,155.762
233.13,129.059,118,150.059
233.14,130,118.881,152.94
233.15,131,116.059,148.882
233.16,131,117.941,149.119
233.17,129.941,117,150.059
233.18,129,118.939,152.878
233.19,128,119,150.182
233.2,128.06,119.94,154.881
233.21,130,119,149.835
233.22,130,118.084,149.336
233.23,130.919,118.919,153.513
233.24,130,118,150.108
233.25,129,119,153.328
233.26,129,118.096,151.576
233.27,128,119,148.888
233.28,128.888,119,153
233.29,128.917,119,150.917
233.3,127.918,118,153.246
233.31,127.081,117.919,153.163
233.32,128.082,117,150.591
233.33,129,117.083,152
233.34,129.082,118,148.918
233.35,129.918,118.918,146.411
233.36,128.918,117.082,150.918
233.37,128.082,119,152.082
233.38,128,119.834,149.083
233.39,128,118.917,154.585
233.4,129.082,119,146.082
233.41,130,118,147
233.42,131,117.919,147
233.43,130,118,147.247
233.44,128.918,118,148.918
233.45,128,118,153.157
233.46,128.059,118.059,150.059
233.47,128.059,119.059,148.236
233.48,129,119.06,152.879
233.49,130,118,147.195
233.5,129.94,117.94,149.363
233.51,127.94,117,156.523
233.52,127,118.941,151.355
233.53,126.061,117,152.939
233.54,128,117.059,152.059
233.55,128.058,118,152.116
233.56,128.941,118,153.941
233.57,128,118.942,151.116
233.58,127.94,118,155.88
233.59,125.944,118,152.944
233.6,126,117,154.953
233.61,126.873,116.127,154
233.62,128,115.127,149.635
233.63,129.942,116.058,154.769
233.64,128,117,152.94
233.65,128.057,117,151.287
233.66,129,118.059,147.766
233.67,130,118,151.117
233.68,128.926,118,148.147
233.69,128,117,152.823
233.7,129.12,117.06,152
233.71,131,118.118,144.414
233.72,131,118.942,155.883
233.73,129.937,120.937,148.937
233.74,127.941,119,152.297
233.75,127.059,117.824,150.824
233.76,129,115.059,150.059
233.77,129.891,115.555,153.227
233.78,131.747,115.747,157.493
233.79,131,116.749,148
233.8,129.348,116.303,152.09
233.81,128.775,115,153.424
233.82,129,114,154.466
233.83,129,115,149.215
233.84,129.786,115.214,155.145
233.85,127.787,115.213,149.425
233.86,127.214,116.786,155
233.87,128,118.36,150.787
233.88,128,118.427,150.427
233.89,128,121,155.214
233.9,127,119.573,151.786
233.91,128.213,117.213,159.146
233.92,130,117.787,155.573
233.93,129,116,150.288
233.94,128,117,155
233.95,127,117.787,152
233.96,128,117,156.786
233.97,128,115.786,154.359
233.98,129,117.213,157.427
233.99,128,118.214,155
234,127.214,118.428,149.071
234.01,128.183,119.817,154.899
234.02,129.047,119.953,148.094
234.03,129.953,120.953,152.766
234.04,129,119.213,152.573
234.05,128.213,119.64,149.919
234.06,129,120.214,152.503
234.07,130,120.786,150.214
234.08,131,120,150
234.09,130,119.786,145.641
234.1,130,119.785,150.785
234.11,130,119.572,151.358
234.12,129.786,119.214,146.854
234.13,130,120.786,154.932
234.14,130,119.786,144.427
234.15,130,120.213,150.787
234.16,129.212,120.212,150.212
234.17,129,121.213,149.426
234.18,129.787,121,150.361
234.19,129,122,151.393
234.2,129,121.214,146.786
234.21,129,121.787,150.787
234.22,129,121.785,148.571
234.23,127.787,121,148.066
234.24,127.205,121,156.181
234.25,127.796,121.204,150
234.26,127.793,121.415,152.793
234.27,128.205,122,152
234.28,127.794,120.794,147.411
234.29,126,121,156.41
234.3,126,120.38,153.348
234.31,127,119.584,151.833
234.32,127.206,120.411,154.794
234.33,128,123,152.974
234.34,127,123.794,149.645
234.35,127,123.136,151.591
234.36,127,123.255,152.726
234.37,126.205,123,151.821
234.38,127,122,153.179
234.39,128,122.795,151.589
234.4,129,122.207,151
234.41,129,121,149
234.42,129,120.442,151.663
234.43,128,121,150.615
234.44,128,121.795,152.179
234.45,129,122.175,153.175
234.46,128,123.961,151.078
234.47,129,121,154.808
234.48,129.205,122,147.205
234.49,130,122.205,151
234.5,129,122.216,152.569
234.51,129,123.205,150.821
234.52,128.795,123.616,153.384
234.53,127,125,152.027
234.54,128,124,153.795
234.55,129,124,152.355
234.56,129.205,122.205,150.435
234.57,128.795,122,155.18
234.58,128.206,121,150.03
234.59,128.795,122,154.976
234.6,128,122.204,149.022
234.61,128,123.205,155
234.62,127.795,126,153.795
234.63,127,127.383,155.206
234.64,127,123,155.59
234.65,127,123.208,154
234.66,128,124.205,156.205
234.67,127.796,126,153.613
234.68,127,124.411,152
234.69,127.205,126.795,154.362
234.7,128.224,125.224,146.894
234.71,131,126.212,153.425
234.72,128.574,127.361,151.787
234.73,125,122.213,155.51
234.74,127.639,125.852,147.41
234.75,130,131,148.686
234.76,131,122.575,149.213
234.77,129,128.85,144.062
234.78,127.788,127.788,156.938
234.79,126,124.211,147.055
234.8,127.22,126.878,149.098
234.81,129,128.795,158
234.82,128.204,127.409,147.796
234.83,129.205,126.615,151.615
234.84,129.824,130.473,156.122
234.85,128,128,150.857
234.86,128,128.076,156.229
234.87,126.795,129,149.178
234.88,126,128.795,152.409
234.89,126,128.795,149.614
234.9,125,128.795,153.976
234.91,127.616,131,153.438
234.92,129.589,132.178,148.124
234.93,126.795,131.795,148.659
234.94,125.204,133.204,155.387
234.95,124.795,131.795,148.205
234.96,123.409,131.386,155.433
234.97,126.409,132.591,151.955
234.98,128.796,132,152
234.99,127.795,131,153
235,127,131.41,149
235.01,126.792,133,153
235.02,126,133,154
235.03,126.206,132.413,150.206
235.04,127,133.825,151.948
235.05,127,132.578,147
235.06,128,132,151.771
235.07,128.839,132,145.968
235.08,128.154,131,145.076
235.09,128,131,151.386
235.1,126,132.591,150.433
235.11,126,133.205,150.772
235.12,127,133,150.589
235.13,127.204,134.204,149.817
235.14,129,133.592,148
235.15,128.779,133.221,148.663
235.16,126.796,132,157.387
235.17,126,131.409,149.817
235.18,125,133.205,153.591
235.19,127.204,133.796,154.204
235.2,127.791,134,150.583
235.21,126.796,133.796,155.182
235.22,125.205,132.205,155
235.23,124.796,133.204,150
235.24,124.205,134.591,157
235.25,125,133.793,150.793
235.26,125.796,132.591,152.204
235.27,126,132,157
235.28,126.204,133.204,151
235.29,127,135,154.204
235.3,126,135,153
235.31,125,135,153
235.32,125.205,133.59,151.205
235.33,127,131.795,149.795
235.34,128,131,154.591
235.35,128.795,129.205,148.795
235.36,127.796,129.613,152.408
235.37,127.205,132.386,155.205
235.38,128,131.408,150.592
235.39,128,135,154
235.4,127,134,150.591
235.41,127,132.204,150.408
235.42,127,131.795,154.591
235.43,127,131.204,152.204
235.44,128.136,131.864,151.864
235.45,129,132.485,154.714
235.46,127.796,134.796,153.591
235.47,126,134.204,151.817
235.48,125.207,135,156.171
235.49,127.204,134,148.611
235.5,128,133.409,151.795
235.51,127,134,151.207
235.52,126.252,133.252,150.505
235.53,127,133.89,151.669
235.54,127,135.742,149
235.55,127,135.129,157.227
235.56,126,135,152.225
235.57,125.056,134,155.888
235.58,127,133.943,155.714
235.59,128,134,145.113
235.6,127,133,156.716
235.61,127,134,147.117
235.62,127,134,153.191
235.63,126.93,131,155.861
235.64,127.066,132.066,153.066
235.65,128,132.056,153.831
235.66,127,133,149.277
235.67,127,134.069,151.862
235.68,126.932,134.932,151.727
235.69,126,135,149.136
235.7,126,135.137,152.863
235.71,125.931,137,149.138
235.72,124,136.138,151.207
235.73,126.068,137,154.797
235.74,128.068,135.932,150.136
235.75,128,134.932,151.068
235.76,127.945,132.945,151.891
235.77,127,132.968,152.065
235.78,127,133,150
235.79,125.796,131.796,153.389
235.8,125,131.204,153.817
235.81,126.407,131,153.797
235.82,129,130.825,152.651
235.83,129,130.924,150.114
235.84,128,131.037,151.853
235.85,126.795,132,152.205
235.86,126,131.407,150.407
235.87,126,135,155.2
235.88,126,134,151.592
235.89,125.797,135.407,152.797
235.9,126.203,136,151.797
235.91,127,135,152.792
235.92,128.204,135,144.796
235.93,130,135,149.408
235.94,128.796,135.796,143.592
235.95,126.796,135.796,149.796
235.96,126,136.407,145.203
235.97,127.204,137,148
235.98,129,133.797,146.407
235.99,129,131.797,147
236,129,131.593,148.813
236.01,128,130.795,154.954
236.02,128,131,145.228
236.03,126.796,132,153
236.04,126.204,132,151.388
236.05,127.203,134.203,146.017
236.06,128,134,155.576
236.07,127.865,133,150.135
236.08,126.258,133,151
236.09,126.204,133,155.369
236.1,127,132.203,146
236.11,127.204,131.204,149
236.12,128,133.409,147.183
236.13,126.592,135,144.611
236.14,122.796,135,150.226
236.15,122.204,136,151.369
236.16,124.203,136.593,150.423
236.17,126.203,133.797,149.983
236.18,127.796,131.593,149.407
236.19,125.796,130,150.426
236.2,125.204,132,154.981
236.21,127.207,130.379,154.207
236.22,129,129.219,149.562
236.23,127.794,131.794,149.618
236.24,125.594,130.797,151.203
236.25,124.03,130.94,154.97
236.26,126.073,130.891,150.036
236.27,129,127.963,153.78
236.28,130.203,128,149.424
236.29,130.796,128.796,150.982
236.3,127.593,129.796,146.814
236.31,124,132.594,152.797
236.32,124.35,129,152.299
236.33,126,129.422,149.422
236.34,127.611,129.778,159.445
236.35,128,127.323,155.132
236.36,128,128.945,154.109
236.37,128.036,126.964,153.145
236.38,128.055,127,150.055
236.39,129.945,127.889,155.834
236.4,127.946,127.891,154
236.41,126.945,126.055,155.055
236.42,125,126.056,156.056
236.43,126.111,127,153.889
236.44,130.056,126.944,153.887
236.45,131,123.944,145.335
236.46,130.945,123,155.781
236.47,127.945,124,149.545
236.48,124.945,124.89,158.945
236.49,124.108,123,156.162
236.5,127.108,123,154.108
236.51,129.946,120.946,157.891
236.52,129.05,120,152.05
236.53,131,121.055,155.617
236.54,131,121.112,145.168
236.55,130.945,125.945,152.945
236.56,128.928,125,151.072
236.57,126.153,125.847,154.695
236.58,126.87,124.13,158.611
236.59,128.87,122.13,150.391
236.6,132.055,121.11,150.89
236.61,132.945,122.945,148.782
236.62,129.934,120.066,144.529
236.63,128.891,120,154.836
236.64,126.944,121,153.112
236.65,127.055,121.89,152.165
236.66,129,120.945,151.78
236.67,130.108,120,152.38
236.68,132,119,153.836
236.69,131,119.055,149.836
236.7,131,120,149.273
236.71,129.945,120.11,145
236.72,127.948,123,149.157
236.73,127,121,150.106
236.74,127,121,150.664
236.75,128.055,120,150.275
236.76,129,120.055,152.945
236.77,129.054,118.054,146.323
236.78,129,119.946,154.783
236.79,128.945,117.945,149.556
236.8,127.947,118,152.053
236.81,127,117,151.112
236.82,127.036,116.108,152.144
236.83,129,119.136,154.591
236.84,128.935,120,151.261
236.85,127.066,120.934,153.066
236.86,129,120,150.602
236.87,129,120.934,150.132
236.88,128.934,118.199,150.867
236.89,126.933,120.135,154.067
236.9,126,119,155
236.91,126,117.212,149.788
236.92,127.209,118.791,150.837
236.93,129.202,117.595,155.19
236.94,129,116.571,147.859
236.95,128.595,114.797,159.784
236.96,128,114.608,152.203
236.97,129.203,117.203,151.218
236.98,128.797,116.61,155
236.99,126.799,119.799,154
237,126,119,155.594
237.01,127.406,118.797,155.986
237.02,130.072,116.964,146.072
237.03,131.964,116.036,157.819
237.04,129.955,116.045,147.267
237.05,128.13,116.13,153.87
237.06,125.202,114.798,157.798
237.07,127.406,118.392,154.406
237.08,131,117,155.189
237.09,131,114.798,152.809
237.1,130.797,114.407,154.203
237.11,128.798,115,152.394
237.12,128,116.798,153.012
237.13,129.202,116.405,152.381
237.14,131,115.865,151
237.15,131,116.475,150.263
237.16,129,116.405,157.392
237.17,129,116.797,151.015
237.18,130.203,116,151.577
237.19,132.203,116.39,152.983
237.2,131.797,113.405,146
237.21,129,114.406,152.217
237.22,129,113.393,149.393
237.23,130.798,113.798,150.382
237.24,132.202,115,149.414
237.25,132.798,116.202,150.384
237.26,131,115.798,147.211
237.27,129,116.393,152.202
237.28,128.798,114,148.988
237.29,128.174,115.174,150.042
237.3,129,116.928,152
237.31,130,112.915,148.744
237.32,130,113,150.033
237.33,128.797,115,151.595
237.34,127.798,114.596,155.192
237.35,127.404,115,149.212
237.36,130,114.865,153.51
237.37,130,114.737,143.263
237.38,128,112,152.785
237.39,127.798,114,156
237.4,125.797,114.405,149.203
237.41,126.203,115,157.594
237.42,127.183,115.183,145
237.43,128,114.406,150.797
237.44,129,116,151.009
237.45,127.798,115.405,148.988
237.46,126,117.203,153.824
237.47,127,118.797,154.566
237.48,128.203,117,147.015
237.49,129,119.395,152.798
237.5,129.202,115.798,148.596
237.51,129,115.758,150.364
237.52,129,114.609,156.653
237.53,128,112.261,147.391
237.54,129,112.265,153
237.55,128,114,151.605
237.56,128,115,148.526
237.57,128,116,152.869
237.58,129.203,116,154.811
237.59,130,117.202,149.596
237.6,130,117.827,154
237.61,130,117.468,152.596
237.62,128.393,120,151.143
237.63,127.232,117.697,144.161
237.64,129,117.203,150.97
237.65,129.796,119.796,151.653
237.66,128,117.405,157.38
237.67,126.797,119.595,153
237.68,127.404,119.202,149.819
237.69,130,117.596,152.766
237.7,132.201,116,143.015
237.71,131.798,116,157.588
237.72,128.758,116.758,153.606
237.73,126.39,116.83,159.83
237.74,126.867,115.133,153.399
237.75,128.869,117.869,150.737
237.76,130.868,118,154.868
237.77,130.843,117.264,149.213
237.78,129,117.203,151.203
237.79,129,118.202,154.202
237.8,129,117.202,148.596
237.81,128.798,120,151.404
237.82,128,119.798,150.798
237.83,128.442,118.779,151.442
237.84,129.79,118.629,150.629
237.85,128.791,120,157.419
237.86,128,121,151.581
237.87,129,120.424,152.729
237.88,128.791,120.209,145.885
237.89,125.791,120,152.163
237.9,126.209,120.791,155.209
237.91,128,120.791,151
237.92,129,120.639,156
237.93,129.218,122.218,154.309
237.94,128.791,123.791,150.791
237.95,126.791,124.791,151.581
237.96,127,122.79,152
237.97,127,123.21,149.37
237.98,127.21,124,152.419
237.99,128.792,124,153.168
238,127,121.605,147.413
238.01,127.202,124.202,156.798
238.02,128.781,125,148.342
238.03,129,125.82,150.54
238.04,129,124,155.696
238.05,128,125,146.275
238.06,127.957,124.957,154.914
238.07,127,126,152
238.08,127,126.745,152
238.09,127,126.052,152
238.1,127.052,126.948,150.105
238.11,128.054,125.054,152.161
238.12,128,127,151.947
238.13,128,128.057,152.171
238.14,127.949,128.949,152.796
238.15,126,129,147.261
238.16,126,128.895,156.738
238.17,127,128,149
238.18,128.052,127.052,153.052
238.19,129,126.052,149.105
238.2,129,127,147.105
238.21,128,127.947,153.842
238.22,127,127.947,149.894
238.23,126,127.052,151.156
238.24,126.052,128.052,150.157
238.25,127,128.964,152
238.26,128,128.053,153.84
238.27,128,129.053,148.21
238.28,128,128.948,152.845
238.29,127.948,128.052,150.104
238.3,127,129,151.106
238.31,127,128.947,153.947
238.32,127,129.949,151
238.33,127,130,154.895
238.34,127,129,150.155
238.35,127,128,154.845
238.36,127.054,128,150.107
238.37,129,127.948,150.896
238.38,128.948,127.052,151.104
238.39,125.949,129.949,153.949
238.4,124,129.052,154.895
238.41,125.051,131.051,155
238.42,127.103,131,150.154
238.43,129,132,151.793
238.44,127.947,131,153.053
238.45,125.948,127.948,153.104
238.46,124.936,126.193,152.064
238.47,125.051,135.949,157.051
238.48,127.106,131.841,152.468
238.49,129.052,130,147.155
238.5,129.113,131.773,151.773
238.51,127.131,134.131,157.474
238.52,123.265,130.132,150.794
238.53,123.155,132.948,159.155
238.54,128.052,131.896,150.688
238.55,128,129.051,146.306
238.56,128.051,130.898,157.898
238.57,129,131.052,146.69
238.58,128,130.945,151.274
238.59,127,129.102,153.102
238.6,126.949,130.949,150.796
238.61,127,131.057,154.343
238.62,126.948,133.052,152.897
238.63,126.053,132.895,149.105
238.64,128,132.936,157.425
238.65,128.063,134,145.127
238.66,129.937,134.063,152
238.67,126.873,134.936,147.936
238.68,124,133.131,154.392
238.69,124.127,133.064,153.682
238.7,126.064,133,153.064
238.71,127.063,133.937,151.253
238.72,128.064,133.744,149.68
238.73,129,133,152.063
238.74,126.934,132,152.066
238.75,124.937,132.126,150.126
238.76,124,135,154.937
238.77,124.063,135.937,152.063
238.78,126.064,134,153.49
238.79,127.051,135,147.308
238.8,128,134.052,152.897
238.81,128,134.949,150.051
238.82,126.97,134.97,149.911
238.83,125.201,134.201,151.803
238.84,125,133.826,147.477
238.85,125.034,131.068,150.17
238.86,126.035,133.965,152.894
238.87,128,133.052,150.052
238.88,128,132.97,152.879
238.89,128,132,148.679
238.9,128.397,134,148.397
238.91,126.326,135.674,149.674
238.92,123.051,135.949,151.154
238.93,126.052,135.052,152.742
238.94,128.054,135,148.268
238.95,128.949,135,152.697
238.96,127.948,134.052,148.364
238.97,124.949,134,151.796
238.98,124,134.105,153.157
238.99,124.051,136.898,151.949
239,126,135,154.949
239.01,126.051,135,151.795
239.02,127,136.051,150.256
239.03,125.949,135.949,154.487
239.04,125,135.105,151.262
239.05,125.051,137,149.154
239.06,127,135,150.697
239.07,126,135,147.251
239.08,125,134.155,155.948
239.09,125,136.224,153.836
239.1,125.101,135.101,152.505
239.11,126,136,150.736
239.12,127.868,134.868,154
239.13,127,134,147.603
239.14,124.132,134.868,152.661
239.15,124,136.134,157.465
239.16,124.629,137,150.229
239.17,127,136.051,157.59
239.18,127,135.897,150.154
239.19,125.95,134.05,152.899
239.2,125,135,149.265
239.21,125.949,136.949,155.746
239.22,126,134.152,152.898
239.23,127.052,137,150.258
239.24,127,136,149.895
239.25,125.949,135.949,151.949
239.26,125,135.052,150.261
239.27,126.051,133.051,153.541
239.28,128,134.896,149.261
239.29,127.918,133.163,151.082
239.3,127,134,153.055
239.31,126.2,134.8,151
239.32,126,136.656,156.797
239.33,127,135,149
239.34,128,135.071,153.788
239.35,126.898,133.949,148.306
239.36,125.051,133.051,155
239.37,127,135.051,152.899
239.38,127,136,147.448
239.39,127,135.083,156.339
239.4,125.938,136,148.434
239.41,124,134.816,158.755
239.42,125.062,133.062,150
239.43,127.05,133.95,152.849
239.44,128,133.884,147.348
239.45,128.125,132.125,150.875
239.46,124.938,134,153.498
239.47,124,133.609,157.092
239.48,124.167,133.084,150.749
239.49,127,135.834,149.083
239.5,128,132.959,154.628
239.51,126.978,134.933,153
239.52,126.068,132.205,153
239.53,126,133,150.472
239.54,127,135.92,146.2
239.55,126.972,135.944,156.805
239.56,126,134,148.803
239.57,128,134.099,151.95
239.58,128,133.949,149.101
239.59,127,134,147.05
239.6,127,133.932,152
239.61,127,131.95,148.8
239.62,127.95,133,149.9
239.63,126.951,133,153
239.64,126,133,152.045
239.65,126,133,153.197
239.66,126.017,133.966,153
239.67,126.85,132.3,153
239.68,129,131.734,150.336
239.69,128,130.867,151.867
239.7,127,130,153
239.71,125.48,131.52,151
239.72,125,130.56,155.32
239.73,126.347,131.306,154.612
239.74,127.071,130.142,151.646
239.75,127.965,131,150.929
239.76,126.791,132,148.837
239.77,124.792,131.792,157.168
239.78,124,131.792,154.792
239.79,125.415,131.208,149.208
239.8,128,130.791,152
239.81,127.792,130.585,149.415
239.82,127,128.792,154.208
239.83,127,129.166,155
239.84,127,130.791,155.209
239.85,126,131,151.138
239.86,125.266,131,155.671
239.87,124.267,129.867,154
239.88,126.735,127.529,150.323
239.89,129,128.975,154.101
239.9,129,128.733,154.336
239.91,127.987,128,153.947
239.92,127.32,128,151.281
239.93,127,129.398,151.203
239.94,126,129,149.796
239.95,126,129.371,157
239.96,126.171,129.829,156.658
239.97,129,128,146.231
239.98,129.6,128,154.201
239.99,130,127.866,144.535
240,129.133,128,149.468
240.01,127.134,127.134,149.134
240.02,127,127,154
240.03,126.582,127.291,149.582
240.04,128.734,128,156.139
240.05,130,126.599,147.203
240.06,130.978,127.956,146.044
240.07,129.6,126,149.201
240.08,126.05,126.901,154.198
240.09,127.517,124.483,155.415
240.1,128.8,125.8,148.802
240.11,129,124.27,151.27
240.12,128.6,125.6,152.8
240.13,128,125,148.811
240.14,128,124,155.654
240.15,129,123.022,147.044
240.16,129.4,123.6,151.8
240.17,129,122.557,149.342
240.18,128.26,122.74,147.48
240.19,126.485,124.485,152.058
240.2,126,124.398,155.194
240.21,127.866,125.732,155.331
240.22,128,125,151.536
240.23,127,123.134,152.732
240.24,127.2,124.2,150.4
240.25,127,124.2,151.8
240.26,128,123.156,151.311
240.27,127.161,124,154.679
240.28,127,122.268,152.732
240.29,127,122,153.601
240.3,127.866,122,152.866
240.31,129,119.202,151.798
240.32,129,120,148.399
240.33,129,120,151.732
240.34,127.8,119.8,152
240.35,127,120.199,152.199
240.36,127,121,157.404
240.37,127.866,120.134,149.803
240.38,129,120.801,153
240.39,129,120.802,154.407
240.4,128.8,120.8,154.4
240.41,128,121,153.4
240.42,128,121,153.398
240.43,128.199,121.199,151
240.44,129,121.968,153
240.45,128.16,121,153
240.46,127.967,122,155.033
240.47,127,119.801,154.801
240.48,128.199,119.199,153.801
240.49,130.199,120,148.398
240.5,130,118.794,150.206
240.51,128.801,118.801,154.402
240.52,128,119,153.598
240.53,127,119.2,153.8
240.54,129,119.199,157.403
240.55,129,118.512,150.537
240.56,130.052,118.948,149.21
240.57,130.95,117,153.75
240.58,129.95,117,152.151
240.59,129,117.952,153.048
240.6,129.05,117.099,151.851
240.61,130,118.055,150.083
240.62,128.8,119.8,153
240.63,128,118.801,155.402
240.64,128.199,118.199,152.798
240.65,128.202,117.202,153
240.66,130,116.797,151.187
240.67,129.796,117,151.592
240.68,128.602,117.801,156.004
240.69,127,117.602,151.195
240.7,128.199,118,152.597
240.71,129,117.198,152.603
240.72,129,117.134,151.866
240.73,130,116.797,152.19
240.74,128.83,116.83,150.489
240.75,128,116,152.149
240.76,128.048,114.095,149.048
240.77,129,116.049,149.147
240.78,128.951,118,152.049
240.79,128,116.972,152.862
240.8,129,118,151.6
240.81,129,117.801,149.801
240.82,130,116.199,148.801
240.83,130,116.399,149
240.84,130,117,149.599
240.85,129,116.199,147.603
240.86,129,119,151
240.87,129,118.801,150
240.88,129,118,149.205
240.89,129,118,148.795
240.9,129,116.199,149.602
240.91,128.258,117,147.258
240.92,129,116.532,150.468
240.93,129,116,150.399
240.94,129.699,117.398,148.398
240.95,129,116.72,153
240.96,129,116.054,153
240.97,128,115.184,152.368
240.98,129,115.133,155.602
240.99,128,115.866,151
241,128,116,154
241.01,128,116,150.406
241.02,128,117,150.866
241.03,127.135,118,149.73
241.04,127,119.199,150.602
241.05,127.802,119.802,154.802
241.06,126.198,119.603,152.595
241.07,127,116.398,155.608
241.08,128,117.802,152.198
241.09,129.198,117,149.198
241.1,129.801,116.801,150.603
241.11,129,117.602,149.596
241.12,129,115.2,152.399
241.13,128,118,151.199
241.14,128,119.198,151.992
241.15,128,118.515,153.773
241.16,130.048,118.048,145.192
241.17,131,119,152.759
241.18,130.952,118,145.952
241.19,129.953,118.094,149.141
241.2,129,119,151
241.21,128.953,120.047,145.189
241.22,128,121,155.853
241.23,128.048,120,149.857
241.24,129,120,150.144
241.25,130,118.979,153.021
241.26,130,118,153.206
241.27,129,116.097,152.146
241.28,128,118,154.953
241.29,128.952,118,150.857
241.3,127,118.048,152.144
241.31,128,119.048,156.809
241.32,128.951,118.049,152.902
241.33,128,119.096,151.336
241.34,127,120,152.859
241.35,127,120,151.766
241.36,127,121,153.968
241.37,127,120,154.874
241.38,127.198,120.802,151.595
241.39,128.198,121,152
241.4,128.802,121,153.396
241.41,126.801,122.199,150.39
241.42,126.199,121.801,155.604
241.43,128.198,120.802,150
241.44,130,121,149.17
241.45,130,120.534,150.466
241.46,128.438,120,151.438
241.47,128,120,151.833
241.48,129,121,152.203
241.49,131,121,149
241.5,129.952,121.048,148.143
241.51,127.973,121,150.027
241.52,126.199,120.199,154.398
241.53,128.199,121,152
241.54,130.198,121.198,152
241.55,130.802,121.802,153.405
241.56,130.802,121,150.396
241.57,129.257,121,152.743
241.58,127.05,122,154.202
241.59,127.047,122.047,153.095
241.6,127.048,122.095,152
241.61,128.048,123.952,153.905
241.62,128,122.952,148.952
241.63,128.953,123.047,151.19
241.64,128,123.952,153.714
241.65,127,123.047,149.187
241.66,128.047,124,152.906
241.67,129,123,147.968
241.68,129,123,148.2
241.69,128.299,122.598,153.402
241.7,128,122.395,147.605
241.71,129,120.163,155.186
241.72,128.865,120.135,148.405
241.73,128.134,121.866,154.268
241.74,127,121,154.73
241.75,127.635,123.269,152.731
241.76,128,123.906,155.859
241.77,128,122.885,149.462
241.78,128.802,123.603,156.207
241.79,127.8,122,153
241.8,126.135,122.865,154.729
241.81,126.198,123,156.405
241.82,127.197,123.394,150.394
241.83,129,124,154
241.84,128.802,123.604,150.802
241.85,126.802,124,152.386
241.86,125.801,124.801,156.203
241.87,125,124,155.228
241.88,127.048,123,153.905
241.89,128,123.884,151.116
241.9,129,124.199,151.199
241.91,129,123.198,149.396
241.92,129,124.802,155
241.93,128,123.593,152.209
241.94,127.802,125.198,155.198
241.95,128.198,123,151.396
241.96,128.8,123.2,150.8
241.97,128.198,124.198,153.991
241.98,129,123.802,153.207
241.99,130,124,148.868
242,130.73,125.46,152.38
242.01,129.801,125,146.602
242.02,127.604,125,154.792
242.03,125,125,154.406
242.04,127.197,125.197,150.592
242.05,130.198,125.603,152.603
242.06,132,125,147.802
242.07,131.088,125.912,147.912
242.08,129.904,126.048,151
242.09,126.924,126.962,154
242.1,124,125.396,155.802
242.11,126.396,127,151.802
242.12,130.198,125.198,144.792
242.13,131,125.803,149.395
242.14,129.801,126,150.603
242.15,127.802,127.198,152.802
242.16,125.802,129,155.407
242.17,126,129,150.371
242.18,127,129,151.802
242.19,127.802,128.396,151.396
242.2,127,127.198,150
242.21,127,128.197,154.395
242.22,127.198,128,147
242.23,128,129,154.209
242.24,127,129.602,151.597
242.25,125.604,129,153.396
242.26,124.198,128.802,153.792
242.27,125.204,129,154.387
242.28,128.225,128,154.449
242.29,129,127,149.326
242.3,127.782,127.218,148.435
242.31,126,128.2,151.2
242.32,125,130.2,152.2
242.33,125,131,152.197
242.34,126.198,131.802,154.802
242.35,128.197,131,149.605
242.36,127.804,132.196,154.393
242.37,126,131,152.018
242.38,127,131.397,151.397
242.39,127,132.802,148.593
242.4,127.198,132.802,151
242.41,127.803,132.605,149.816
242.42,127,132.606,152.183
242.43,127,131,155.211
242.44,128,130.802,149.396
242.45,127.197,131.803,155.394
242.46,128,130.802,152.616
242.47,127.803,132.197,151.197
242.48,126,132,153.198
242.49,125.803,132.394,150
242.5,125.197,133.803,152.803
242.51,128.169,131.338,150
242.52,128.97,132.06,151.03
242.53,126.97,131,155.152
242.54,126,132.605,154.815
242.55,127.197,133.803,151.803
242.56,128,133.605,153.012
242.57,128,132,149.868
242.58,127,131,153.552
242.59,126,131.215,148.645
242.6,126,132,152.149
242.61,126.212,134,152.275
242.62,127,133,150.151
242.63,128,131.636,154.576
242.64,127.212,133.788,149.061
242.65,128,132.426,151.722
242.66,127,134,150.505
242.67,126.789,134,152.368
242.68,126.776,133.224,148
242.69,126,133.212,149.424
242.7,126.213,133.213,149.639
242.71,127,134.363,155.302
242.72,127,134,152.17
242.73,127,134,153.503
242.74,127,134.638,153.552
242.75,127,132.518,151.173
242.76,126.932,134.136,152
242.77,125.932,134.068,151.797
242.78,125.088,133.176,152.263
242.79,127,133.154,149.231
242.8,126,135.847,155.693
242.81,126.077,134,152.307
242.82,127,135,147.924
242.83,127,133.923,154.77
242.84,126.078,132.078,147.388
242.85,126,133.051,151.949
242.86,126,133.844,151.922
242.87,126,135,147.151
242.88,126,135,153.844
242.89,126,134.077,154.77
242.9,125.076,135.076,147.304
242.91,127.075,136.849,153
242.92,127.924,137,148.076
242.93,126.848,135.076,153.848
242.94,125,135.068,154.136
242.95,125.068,135.136,149.136
242.96,127,134,151.068
242.97,128,134,147.068
242.98,126.932,134,154.068
242.99,126,132.862,154.586
243,126.068,132.136,149.273
243.01,127.068,133,150.203
243.02,128.932,134.864,150.728
243.03,126.932,136,148.341
243.04,125,134.931,155.445
243.05,125.068,135.068,147
243.06,127.138,136,150.138
243.07,129,135.866,147.933
243.08,127.934,136,148.329
243.09,125.91,135.955,154.864
243.1,124.091,135,151.864
243.11,127.089,134.089,148.133
243.12,129,135.866,147.866
243.13,128.955,132.045,148.955
243.14,127.963,133.037,151.149
243.15,125,133,151.196
243.16,125.196,131.196,153.607
243.17,127.197,134,146.983
243.18,127.803,134.197,156.835
243.19,127,134.394,149.575
243.2,126,135.201,152.799
243.21,126,134,150.804
243.22,126,135,150.179
243.23,126,135,151.428
243.24,126,136,150.393
243.25,125.196,136,150.786
243.26,125.802,134.395,147.802
243.27,126.197,135.409,153.984
243.28,126.803,134,153.622
243.29,126.804,134,151.804
243.3,126,136,151.785
243.31,124.803,134.607,150.41
243.32,123.832,134.496,152.336
243.33,124.029,133.059,156.941
243.34,126.031,134.031,146.28
243.35,127.803,134.803,157.421
243.36,127,133,149.775
243.37,126.803,132.197,152.211
243.38,126,133.197,155.607
243.39,126,134.804,152.804
243.4,127,133.588,148.588
243.41,127,136.196,152.412
243.42,125.804,135.804,151.178
243.43,124.198,135,149.605
243.44,127.196,136.196,154.804
243.45,128,135,148
243.46,126.803,136.803,151.803
243.47,126,136.606,154.211
243.48,126.201,135,149.805
243.49,127.201,135.598,148
243.5,128,135.608,155.825
243.51,127.804,133.392,148.784
243.52,127,133.588,152
243.53,127.196,132.804,152.804
243.54,128,132.608,148.196
243.55,128.804,132.196,151.804
243.56,127.803,133,152.803
243.57,126.213,133.426,149.277
243.58,126,135,152.602
243.59,126,135,154
243.6,127,133.393,149
243.61,128,133.607,154.196
243.62,128,132.804,147.608
243.63,126.804,133.608,155
243.64,126.196,131.804,153.785
243.65,126.804,132,155.412
243.66,127,132,150.179
243.67,126.97,132.97,154.878
243.68,126,131.972,152.028
243.69,127,132,152.41
243.7,126.804,131,153
243.71,126,131,153.195
243.72,127,129,152
243.73,127,129,151.804
243.74,127,130,153.804
243.75,126,130,151.177
243.76,126,130.803,158.819
243.77,127,129.803,153.607
243.78,128.196,130.608,151.608
243.79,129,128.393,149.786
243.8,127.804,127,152
243.81,125.804,127,152.783
243.82,125.196,129.609,155.413
243.83,127.393,125.804,154.019
243.84,130.196,126.804,148.391
243.85,131.804,128.196,148.216
243.86,129.616,128.808,151.961
243.87,125.802,127.396,152
243.88,124,129.804,158.628
243.89,126.196,129.412,149.177
243.9,129,128.196,151.631
243.91,131,128.413,150.196
243.92,129.802,126.802,149.386
243.93,126.804,127.196,155.804
243.94,125.196,128,155.391
243.95,127.196,126.587,151.413
243.96,129,127.803,150.59
243.97,128.804,127,152.804
243.98,127.805,125.805,151
243.99,127,125,153.819
244,128,124,154.49
244.01,128.464,124,147.464
244.02,129.411,123.411,153.823
244.03,129,123.834,148.828
244.04,126.956,127.956,152.088
244.05,126,126.956,153.781
244.06,127.045,125,152.179
244.07,129.032,124.032,151.032
244.08,130.975,124,153
244.09,128.601,124,150.196
244.1,126,124.805,156.827
244.11,127.137,124,150.546
244.12,129.03,124,151.909
244.13,130,124,152.481
244.14,127.965,123.965,157.035
244.15,125.804,123.196,156.608
244.16,125.205,123.795,153.614
244.17,127.195,121.805,155.633
244.18,128.862,121,150
244.19,129.806,121,151
244.2,129,122,154.195
244.21,127.806,120.389,152.223
244.22,127,123.195,153.585
244.23,128.195,123.805,150
244.24,129,122.609,150
244.25,129,120,150
244.26,129.198,122,152
244.27,130,121.261,148.303
244.28,131,120.035,149
244.29,131,122,146.74
244.3,130.928,123,149
244.31,128.804,123.196,148.804
244.32,128,123.39,149.585
244.33,128.39,121.61,151.39
244.34,130.805,120.609,150.218
244.35,131,118,151.977
244.36,131,116.391,150.217
244.37,131,119,146.413
244.38,130,119,147.56
244.39,128.609,120,151.218
244.4,126,120.195,153.172
244.41,126.196,119.804,153.804
244.42,128.195,118,147.609
244.43,130.195,119,150.781
244.44,131,118.197,144.624
244.45,129.804,119,147.369
244.46,127,119.195,151.195
244.47,126,119,149.13
244.48,126,120.087,153.826
244.49,126,120.957,155.915
244.5,126.882,120,147.829
244.51,127.861,118.416,156.168
244.52,128,117,147
244.53,129,116.043,151.741
244.54,128.958,117.958,151.294
244.55,127,118.043,149.085
244.56,127,118.915,156.786
244.57,127,118.915,151.128
244.58,128,116.133,156.734
244.59,128.043,117.043,149.299
244.6,129,117.087,149.913
244.61,129,118,153.827
244.62,128,117.958,146.251
244.63,126.958,116.042,154.706
244.64,127.042,119.916,156.084
244.65,128.043,118.914,150
244.66,129.043,118,154.957
244.67,129.042,117,149.958
244.68,130,117.958,152.169
244.69,129.956,116.956,149.912
244.7,129,117.957,153.043
244.71,129,118,151.043
244.72,129,116.085,149.085
244.73,129.042,118,151.168
244.74,130.958,117.042,151.578
244.75,131,118.957,150.302
244.76,129.958,118.042,152.832
244.77,127.958,118,152.169
244.78,127.042,119,151.212
244.79,128,117.237,153.356
244.8,129.862,118,149.585
244.81,131,118.139,154.696
244.82,129.972,116.056,152.169
244.83,128.766,119.234,153.766
244.84,127.957,117.043,153.915
244.85,127,117.958,154.126
244.86,127.042,117.084,152.832
244.87,128.044,117.044,154.221
244.88,129.034,117,150.83
244.89,130.198,118.802,150.198
244.9,129.804,118.609,151.609
244.91,128,116.583,150.583
244.92,127,118.389,150.557
244.93,127,118.806,154.029
244.94,128.195,119.805,151
244.95,131,118.042,151.958
244.96,130,118.915,146.056
244.97,130,118.384,152.172
244.98,128,119.805,154.025
244.99,127,119.194,149.776
245,128,119.196,152.391
245.01,128.194,119,149
245.02,130,119,151.194
245.03,130,118,150.806
245.04,129.806,119,153.582
245.05,127.805,118.195,153.805
245.06,128,118,152.221
245.07,128.042,118.042,147.254
245.08,129,118.957,149.085
245.09,129,118.958,147.125
245.1,128,119.956,154.869
245.11,128,119.958,151
245.12,128.042,120,151.042
245.13,129,119.958,151.042
245.14,128,119,149.125
245.15,127,119,154.958
245.16,128.043,118.957,151.087
245.17,129,118.881,151.237
245.18,130,120.583,153.444
245.19,129,119.028,150.972
245.2,127.965,120,151.965
245.21,126.139,120,151
245.22,127.194,119.194,155.417
245.23,129.386,118.386,147.772
245.24,131,119.194,151.806
245.25,129.805,119.805,152.222
245.26,128,119.195,152.195
245.27,127.139,120,153
245.28,126.166,120,148.664
245.29,127,120.463,153.851
245.3,128.586,119.414,149.899
245.31,129.833,118.167,147
245.32,128.958,119.916,154.958
245.33,127,119.041,153.081
245.34,128.041,119.041,153.918
245.35,129,121,150
245.36,130,120.033,151
245.37,128.871,120,153
245.38,127,120.035,151.139
245.39,127,121,156.722
245.4,128,122,148.415
245.41,129,122.933,156.8
245.42,129,120.806,147.582
245.43,128.195,121.805,150.195
245.44,129.805,121,155.027
245.45,128.805,122,148.78
245.46,128.194,121.194,154.418
245.47,129,122.194,151.194
245.48,129,121.194,145.778
245.49,128.806,121,156.028
245.5,128,121.806,151.776
245.51,128.862,120.138,155
245.52,129.194,122.388,152.97
245.53,129,122,147.583
245.54,128.806,123,153
245.55,127,123.871,150
245.56,127,122.965,152.895
245.57,128.194,123,151.612
245.58,130,122.805,149.39
245.59,130,122,151.738
245.6,128,122.955,152
245.61,127,122.956,155.089
245.62,126.041,124,148.876
245.63,128.039,124,151.077
245.64,130,123,149.906
245.65,129,123.195,147.585
245.66,128.194,123.806,151.194
245.67,129,122.194,145.806
245.68,129,124.194,147.357
245.69,129,125.806,153.029
245.7,128.806,125.612,147
245.71,128,125.805,156
245.72,128,125,151.225
245.73,127.871,125.129,147.517
245.74,128.034,124.966,154.931
245.75,128,124.194,145.194
245.76,127,124.389,153.777
245.77,126,125.806,155
245.78,126.194,125.806,152.806
245.79,128,125,156.806
245.8,129,125.872,152.617
245.81,128,123.068,149.239
245.82,126.806,124,155.612
245.83,126,124,151.581
245.84,126,125.194,154.612
245.85,126,125,150.417
245.86,126.194,127,151.387
245.87,127,127,155.641
245.88,126.194,127,148.552
245.89,127,123.583,153.611
245.9,128,125.053,152.027
245.91,128.05,126,149.05
245.92,128.957,125.086,151.872
245.93,126.798,127.202,150.213
245.94,126,126.202,158.595
245.95,126,127,151.585
245.96,128.202,128.404,153.415
245.97,129,127.203,153.58
245.98,130,128,148.162
245.99,128.807,125.807,155.42
246,125.807,126,152
246.01,125.738,126,153.476
246.02,128.04,125.96,160.436
246.03,131,125.027,146.107
246.04,131,124.305,153.073
246.05,130,121.082,150.754
246.06,129.04,123.2,147.4
246.07,127.96,126,153.919
246.08,127,126,151.959
246.09,129,127,151.96
246.1,128.041,126.041,149.959
246.11,129.041,126.041,148.206
246.12,129.973,127,151.946
246.13,128,126.767,150
246.14,128.04,126.04,148.919
246.15,130,126.96,154.84
246.16,129,125.08,141.56
246.17,126.935,127.968,159.676
246.18,125,127.86,153.441
246.19,127,125,152.12
246.2,130,124,151
246.21,129.96,124.92,153.04
246.22,128.315,123,150.577
246.23,125.961,125.039,152
246.24,125,124.046,153.884
246.25,125.194,125.389,151.75
246.26,126.193,126,154.034
246.27,129,124.795,155.179
246.28,128.193,123.579,147.158
246.29,128.613,125.807,155.42
246.3,126,125.807,149.193
246.31,127.194,125.583,152.388
246.32,127.807,127.807,147.614
246.33,126,128,152.387
246.34,126,128.034,151.966
246.35,126.806,128,152.612
246.36,127,127.193,157
246.37,127,128,150.193
246.38,127.193,126.193,152.58
246.39,128,127.807,151.421
246.4,129,128.194,148
246.41,127.807,129.193,152.807
246.42,125.806,130,155
246.43,125,128.193,153
246.44,126.193,129.807,157.422
246.45,127.192,127.192,151
246.46,129.193,129.193,152.579
246.47,129.139,127.417,152.417
246.48,126.807,131.193,152.159
246.49,124.806,131.806,154
246.5,124,131,158.424
246.51,126.041,132,151.082
246.52,127,131,151.104
246.53,127,129.949,153.051
246.54,127,129.029,155.941
246.55,128,131.402,154
246.56,128.172,133,152.484
246.57,128.738,133,150.787
246.58,128.112,133,152.664
246.59,126.279,133.279,150.511
246.6,125.198,134,148.175
246.61,127.868,134,154.736
246.62,128,132.868,147.395
246.63,128,134,153.803
246.64,128,134.193,150.386
246.65,128,136,149.497
246.66,127.973,134.027,153
246.67,126.965,134,154.07
246.68,127,133,151.033
246.69,127,133.129,153.355
246.7,127,134.067,152.101
246.71,126,134.196,152.393
246.72,127.194,135.612,154.836
246.73,128.884,135.884,150.347
246.74,127.807,134.807,153.193
246.75,126,134.21,153.95
246.76,126,133.141,147.563
246.77,125.141,134.141,152.422
246.78,125.86,134.719,152.438
246.79,126.86,136.86,153.86
246.8,126,137.614,150.193
246.81,126,138,154.034
246.82,125,139.194,148.36
246.83,123.807,137.385,155.037
246.84,124.192,139.615,151.962
246.85,125,139.422,153.422
246.86,126,136.808,154.423
246.87,126,137,149.963
246.88,125.807,137.613,156.646
246.89,126,135.041,153
246.9,125,135.113,153.265
246.91,125,135.948,155.213
246.92,125.041,135.919,157.716
246.93,127,135.961,149.275
246.94,126.961,134.921,149.842
246.95,125.963,135,153.926
246.96,126.038,136,149.962
246.97,128,135,147.117
246.98,127.96,136.96,149.96
246.99,127,136,151.962
247,126.961,136.077,149.923
247.01,126.039,137,151
247.02,127.041,136.959,147.122
247.03,128.961,135.039,147.844
247.04,128,136.847,150.038
247.05,127,136,151.923
247.06,127,136,150
247.07,127,135.28,152
247.08,127,134.42,148.56
247.09,128.039,134.922,149.039
247.1,129,133.684,150.684
247.11,126,132.961,149.197
247.12,126,132.96,153.881
247.13,128,133,150.768
247.14,128,132.039,150.961
247.15,127,132.077,147.155
247.16,125.961,133.039,149.27
247.17,125,134.883,155.845
247.18,125.685,133.37,152
247.19,127,134,151.085
247.2,127,133.04,151.881
247.21,125.961,132.077,146.271
247.22,125,133,152.799
247.23,126.039,131.078,152.922
247.24,127.039,131.039,146.118
247.25,127.961,130,155.882
247.26,126.961,129,148.194
247.27,126,130.961,159.61
247.28,126,131,150.191
247.29,126.039,128.961,154.842
247.3,128.038,128,146.191
247.31,128.961,128,155.73
247.32,127.928,128.072,150.287
247.33,126,130.051,151.949
247.34,125.949,130.051,154.898
247.35,126,129.949,152.101
247.36,127.051,127.102,153.949
247.37,128.886,128.114,151.228
247.38,129,127.133,147.534
247.39,128.133,128,152
247.4,127,128.9,153
247.41,126,127.05,153.899
247.42,127.071,128,148.286
247.43,128,128,151.075
247.44,127.961,126.961,151
247.45,127.039,125.961,153.077
247.46,129,123.039,155.692
247.47,129.038,125.038,149.268
247.48,128.961,125.961,154.884
247.49,126.962,126,153.809
247.5,127.037,126,150.075
247.51,128,125.961,151.923
247.52,128.038,123.962,150.076
247.53,130,124.038,154.847
247.54,128.974,125,150.182
247.55,127,123.768,157.145
247.56,127.038,124,150.885
247.57,129.038,121.962,145.268
247.58,130.967,121.033,157.704
247.59,130,121.872,144.77
247.6,129,121.033,152.902
247.61,128.141,122.859,148.282
247.62,129.193,122.193,150.193
247.63,129,123,150.807
247.64,129.192,122,144.384
247.65,131,121,155.763
247.66,130,121.961,141.27
247.67,129.961,120,157.686
247.68,127.962,119.038,148.114
247.69,127,122.038,150.23
247.7,128,121,153.851
247.71,128,119.963,145.149
247.72,129.038,117,152.152
247.73,130,117.886,152
247.74,129.979,115.043,151
247.75,127.806,118.388,158.806
247.76,127,119.165,151
247.77,126.975,121,152.949
247.78,125.026,121.948,153.077
247.79,126,120,152.421
247.8,127,120.616,151.808
247.81,129.192,119.808,149.616
247.82,129.807,119.615,149.652
247.83,126.808,117.808,148.343
247.84,126.165,117,157.175
247.85,127,116.539,150.693
247.86,128.013,115.987,156
247.87,128.855,115.145,156
247.88,128.949,116,152.304
247.89,128,115.95,158.748
247.9,128,114.05,147.15
247.91,128,116,153.95
247.92,129,118,154.747
247.93,129.05,118,146.2
247.94,129.96,119,152.879
247.95,129,120.192,152.766
247.96,131,120,151.809
247.97,130.808,118.808,150.425
247.98,128.77,118.77,148.151
247.99,127,118.924,153.811
248,128.038,115.962,148.962
248.01,130,115.114,149.076
248.02,130.965,116.93,150.93
248.03,130,116,147.19
248.04,130,117.065,151.978
248.05,129.807,120,152.807
248.06,128,119.192,150.384
248.07,128,118.809,153
248.08,129,118,153
248.09,129,116.284,153.858
248.1,129.192,119.808,151.96
248.11,129.809,118.809,148.426
248.12,127.809,119,151.236
248.13,127,119.808,154.731
248.14,126,118,151.849
248.15,127.191,118,155.957
248.16,129.191,118.191,156.469
248.17,130,115.808,145.153
248.18,129.959,115.041,153.041
248.19,128,115,152.848
248.2,127,115,148.264
248.21,127,116.889,161.593
248.22,128.037,117.037,144.3
248.23,129,118.038,152.962
248.24,130.037,118,146.074
248.25,130.963,119,149.777
248.26,128.962,118,151.263
248.27,127,118.192,152.384
248.28,127,119.192,156.425
248.29,127,119.809,153.809
248.3,128.128,119.872,152.49
248.31,130,118.97,151.97
248.32,129,117.191,150.574
248.33,127.808,118,152.96
248.34,126.809,118.617,158.043
248.35,127,118,154.128
248.36,128,119,153.968
248.37,129.192,118,152.384
248.38,130.191,118,148.574
248.39,130.808,120,150
248.4,128.617,119.617,153.808
248.41,126.809,119,152.191
248.42,125.809,119,151.191
248.43,126.192,120,154
248.44,128.383,119.191,149.809
248.45,130.191,119.809,152.809
248.46,130.809,120.191,150
248.47,129.264,119.529,152.207
248.48,129,120,154.963
248.49,129,120.073,147.11
248.5,128.963,120,151.037
248.51,127.963,121,152.926
248.52,128.025,120,154
248.53,130,120,151.895
248.54,130,120.031,148.186
248.55,130.809,121,153.617
248.56,128.542,120.771,144.771
248.57,127,121,152.225
248.58,128.039,121,151.806
248.59,129.036,121.036,147.218
248.6,130,121.073,154.853
248.61,129,122,147.148
248.62,128.962,122.962,154.885
248.63,129,122.034,151.864
248.64,128.962,122,147.228
248.65,127.926,124,156.89
248.66,126,123.963,152.185
248.67,126.037,120.037,152.851
248.68,128,122.036,153.181
248.69,129,122.024,154.878
248.7,128.771,122.541,153.771
248.71,127.037,121.073,150.184
248.72,127.963,120.963,155.778
248.73,127.038,121,146.423
248.74,127.964,123.964,161.607
248.75,127,122.928,150.144
248.76,127,123,153.892
248.77,128,123,147.173
248.78,128,123,149.926
248.79,128.963,122.147,149.89
248.8,128.037,124.889,148.148
248.81,130,120.074,146.852
248.82,128.979,123.938,148.166
248.83,126.808,122,158
248.84,126,123.431,158.966
248.85,127.23,122.656,150.459
248.86,131.026,123.052,152.766
248.87,132.829,125,142.341
248.88,132.618,125,146.191
248.89,128.81,126.379,147.81
248.9,124.809,124.191,149.913
248.91,124.036,124.928,154.857
248.92,127.036,125.036,156.072
248.93,128.036,124.927,155.818
248.94,130,122.036,150.893
248.95,130.036,120.072,147.324
248.96,128.971,122.029,150.942
248.97,126.618,123.191,152.618
248.98,123.809,125.618,155.191
248.99,123,124.429,155.668
249,124.382,124,156.763
249.01,128.191,124,158.663
249.02,130.191,122.382,149.146
249.03,129.809,124,151.382
249.04,128.619,126,150.81
249.05,125.619,126.809,153.428
249.06,123.809,126.191,149.953
249.07,122.191,129,154.382
249.08,123.854,127.291,156
249.09,127.19,125,149.381
249.1,128.19,124,152.571
249.11,130.19,123.619,155.429
249.12,131,124,148.674
249.13,130.539,125.383,149.304
249.14,127.975,125.975,150.988
249.15,126.309,124.309,150.155
249.16,125.071,127,159.929
249.17,128,126.964,152.892
249.18,129.038,124.038,151.115
249.19,131.035,126,151.93
249.2,131.965,124,147
249.21,128.929,126.035,152.106
249.22,126,128,155.857
249.23,126,129,152.121
249.24,126.458,128.771,154.542
249.25,129.036,128,154.891
249.26,130,128.894,149.035
249.27,129.964,126.964,150.928
249.28,128.964,128,149
249.29,127.966,127.966,152.866
249.3,127.036,127.036,149.18
249.31,128.036,128.036,148.964
249.32,129,128,151.072
249.33,129,128.033,147.066
249.34,128.13,129,154.221
249.35,127,127,150
249.36,127,128,151
249.37,129,127,148.965
249.38,129,127.024,150.976
249.39,127.964,128.036,152.108
249.4,126,128.965,153.896
249.41,126.035,128.035,151.141
249.42,127.035,128,154.858
249.43,128,128.965,150.035
249.44,127.964,128,152.964
249.45,125.964,128.036,153.036
249.46,125,129.035,152.069
249.47,126.033,129,153.9
249.48,128,129,147.07
249.49,127,129.036,147.036
249.5,126.964,130.036,153.036
249.51,125,131.036,151.107
249.52,125,131,156.827
249.53,125.036,131,151
249.54,126,131.964,153
249.55,127,130.964,151.822
249.56,128,131.964,147.178
249.57,127.232,131,152.768
249.58,126,131,154
249.59,125,131,150.071
249.6,126,130.965,155.929
249.61,128.035,129.965,149.895
249.62,129,128.036,148.143
249.63,129,128,152.036
249.64,127.96,129,152.08
249.65,126,129,155.964
249.66,126,129.07,154.861
249.67,126,130.035,151
249.68,126.035,131,150.035
249.69,127.035,130.035,150
249.7,128.035,130.965,152.931
249.71,129.035,129.965,150.104
249.72,129.965,131,153.789
249.73,128.965,130.965,148.106
249.74,126.962,131,149.925
249.75,126,131,150.631
249.76,126.856,131,151.287
249.77,129.715,130,148.143
249.78,129.965,128.965,150.07
249.79,128.965,128.035,150.858
249.8,126.965,130.035,147.176
249.81,126,131,153.895
249.82,127.035,131,150.035
249.83,130,131.035,145.931
249.84,130,131.927,148.073
249.85,130,130,147.965
249.86,128.965,131.965,147.035
249.87,126,131.964,150.929
249.88,125,132,151
249.89,125.069,130.965,148
249.9,128.071,129,148.929
249.91,130,130,144.965
249.92,129.965,128.965,150.139
249.93,126.965,126.965,147.895
249.94,124.964,128.036,151.073
249.95,125.035,128.965,149
249.96,127,128,150.865
249.97,128,129,149.279
249.98,128,129,155.051
249.99,126,127.056,150.339
250,126.039,129.039,152.961
250.01,127,128.752,149.257
250.02,126.936,127.872,147.128
250.03,124.963,128,154.963
250.04,123,127.941,150.178
250.05,123.047,128,159.814
250.06,126.049,127,153.049
250.07,128,127,152.953
250.08,127.962,125.962,154.924
250.09,126.165,125,151.33
250.1,124.144,126,155.138
250.11,124.071,127,156.929
250.12,126,128,153.02
250.13,125,127,157.382
250.14,125.81,128,157.051
250.15,126.19,127,155.57
250.16,126.2,125.8,154.599
250.17,127.19,125.19,153.62
250.18,128,126,154
250.19,128,126.19,152.62
250.2,127,126.205,157.205
