45.63 127.267
45.64 126.219
45.65 127.776
45.66 127.792
45.67 125.416
45.68 126
45.69 126.464
45.7 124.123
45.71 126
45.72 126
45.73 126
45.74 125.07
45.75 127
45.76 126.931
45.77 125.93
45.78 126.93
45.79 127.936
45.8 127.787
45.81 128.574
45.82 127
45.83 124.213
45.84 125.214
45.85 126
45.86 126.21
45.87 126.213
45.88 126
45.89 126
45.9 126
45.91 126
45.92 125.621
45.93 126
45.94 126
45.95 124.638
45.96 125.788
45.97 126.787
45.98 125
45.99 126.787
46 125.427
46.01 125.787
46.02 127
46.03 127
46.04 127.213
46.05 126.214
46.06 125.214
46.07 125
46.08 125.07
46.09 125.07
46.1 126.071
46.11 125.137
46.12 125
46.13 127
46.14 126
46.15 125.058
46.16 126
46.17 127
46.18 127
46.19 126
46.2 127.942
46.21 127
46.22 124.928
46.23 126
46.24 124.172
46.25 123
46.26 127
46.27 126.794
46.28 126.589
46.29 126
46.3 127.592
46.31 127.794
46.32 126.885
46.33 127
46.34 127
46.35 127
46.36 126.026
46.37 125.412
46.38 125
46.39 125
46.4 125.794
46.41 125.412
46.42 126
46.43 127
46.44 128.47
46.45 127
46.46 125.794
46.47 127
46.48 126.794
46.49 127.205
46.5 127.411
46.51 126.794
46.52 127
46.53 126
46.54 127.908
46.55 126.742
46.56 127.979
46.57 129.917
46.58 129
46.59 128.058
46.6 129
46.61 128.058
46.62 128
46.63 127
46.64 128.628
46.65 128
46.66 129.941
46.67 129.117
46.68 129.058
46.69 130.747
46.7 131.059
46.71 131.941
46.72 133.941
46.73 133.943
46.74 133.941
46.75 132
46.76 131
46.77 131.059
46.78 130.941
46.79 131.787
46.8 130.142
46.81 129.321
46.82 133.599
46.83 134.804
46.84 133
46.85 133.802
46.86 134
46.87 133
46.88 133.802
46.89 134.196
46.9 134
46.91 134.687
46.92 134.365
46.93 134
46.94 133.231
46.95 133
46.96 131.807
46.97 132.385
46.98 130.924
46.99 132.969
47 132.961
47.01 132.924
47.02 132.961
47.03 134.925
47.04 133
47.05 131
47.06 132.921
47.07 133
47.08 135
47.09 135
47.1 133.046
47.11 134.047
47.12 132.094
47.13 132
47.14 132.905
47.15 131.095
47.16 131.952
47.17 131
47.18 131.048
47.19 131
47.2 131
47.21 131.722
47.22 132.214
47.23 130.213
47.24 131.786
47.25 130.567
47.26 131
47.27 133
47.28 133
47.29 132.785
47.3 131.213
47.31 129.213
47.32 130
47.33 130
47.34 131
47.35 131.785
47.36 132.523
47.37 132
47.38 131.215
47.39 132
47.4 131.215
47.41 130.326
47.42 130
47.43 130.969
47.44 129
47.45 129.96
47.46 130.04
47.47 130
47.48 130.921
47.49 128
47.5 128
47.51 128.031
47.52 129
47.53 129.061
47.54 130
47.55 127.064
47.56 127
47.57 126
47.58 125
47.59 126
47.6 126
47.61 126.04
47.62 126.706
47.63 125.441
47.64 126
47.65 124
47.66 125
47.67 126
47.68 124
47.69 123.813
47.7 121.187
47.71 121.941
47.72 122
47.73 122.969
47.74 124.969
47.75 124.032
47.76 124
47.77 123.813
47.78 123.187
47.79 122.374
47.8 123
47.81 122.06
47.82 122.969
47.83 122
47.84 122.971
47.85 122.05
47.86 121
47.87 122
47.88 121.064
47.89 121
47.9 121
47.91 124.789
47.92 121.429
47.93 123
47.94 122.215
47.95 121.215
47.96 120.803
47.97 120
47.98 121
47.99 120.215
48 121.571
48.01 122
48.02 121.196
48.03 122.8
48.04 122
48.05 121.2
48.06 121
48.07 122
48.08 122.2
48.09 122.199
48.1 121.211
48.11 121
48.12 120.215
48.13 121.215
48.14 120
48.15 120.793
48.16 120
48.17 120.673
48.18 121
48.19 120.708
48.2 121
48.21 120
48.22 121.958
48.23 122
48.24 120.074
48.25 120
48.26 120
48.27 120
48.28 120.044
48.29 120.462
48.3 119.477
48.31 119.057
48.32 119.928
48.33 120
48.34 118.411
48.35 118.81
48.36 118.194
48.37 119.612
48.38 120.194
48.39 118.584
48.4 118
48.41 117.573
48.42 118
48.43 119.793
48.44 120.212
48.45 117.786
48.46 118.568
48.47 118.568
48.48 119.62
48.49 118.792
48.5 118.792
48.51 117.415
48.52 117.689
48.53 119.586
48.54 119.805
48.55 119
48.56 119.792
48.57 119
48.58 118.208
48.59 118.583
48.6 117.803
48.61 119.796
48.62 118.21
48.63 118.779
48.64 118.327
48.65 118.381
48.66 120
48.67 117
48.68 118.601
48.69 119.2
48.7 120.2
48.71 120.8
48.72 121
48.73 120
48.74 119.2
48.75 119
48.76 120.067
48.77 118.08
48.78 117.949
48.79 117.901
48.8 120
48.81 120.149
48.82 119.148
48.83 120.95
48.84 120.043
48.85 118.854
48.86 119.852
48.87 120
48.88 119.063
48.89 120.777
48.9 119.614
48.91 121
48.92 120.033
48.93 119.57
48.94 120
48.95 120.784
48.96 122.567
48.97 122
48.98 120.92
48.99 120.074
49 120.85
49.01 120.925
49.02 119.074
49.03 118.926
49.04 119.926
49.05 121
49.06 121.926
49.07 122
49.08 122.075
49.09 121
49.1 122
49.11 123
49.12 123
49.13 122
49.14 123
49.15 121.054
49.16 121
49.17 123
49.18 123
49.19 124
49.2 123
49.21 122.149
49.22 122.084
49.23 122
49.24 124
49.25 123
49.26 123.075
49.27 124
49.28 123.075
49.29 124
49.3 123
49.31 122.927
49.32 125.075
49.33 124
49.34 126
49.35 126
49.36 125
49.37 125
49.38 124
49.39 124
49.4 124.925
49.41 125
49.42 124.925
49.43 126
49.44 124.926
49.45 123.93
49.46 123.743
49.47 125
49.48 126
49.49 126.925
49.5 126.925
49.51 127
49.52 127
49.53 126.075
49.54 126
49.55 125.073
49.56 125
49.57 125.487
49.58 126.926
49.59 127.075
49.6 126
49.61 127
49.62 127
49.63 126.15
49.64 127.924
49.65 128
49.66 127
49.67 127.075
49.68 126.925
49.69 128.925
49.7 127.529
49.71 127.784
49.72 128
49.73 127
49.74 128
49.75 128
49.76 128.786
49.77 130.784
49.78 129.217
49.79 130.565
49.8 130.217
49.81 129.217
49.82 128.783
49.83 128.213
49.84 128.786
49.85 130
49.86 130.217
49.87 131
49.88 130.217
49.89 129.15
49.9 130
49.91 130.783
49.92 131
49.93 131.671
49.94 131.384
49.95 130.377
49.96 130.26
49.97 130.783
49.98 131
49.99 130.783
50 132.784
50.01 134
50.02 133.782
50.03 133
50.04 131.434
50.05 130.216
50.06 132
50.07 133.783
50.08 135.783
50.09 136.566
50.1 138
50.11 137.076
50.12 134
50.13 134.783
50.14 134.783
50.15 134.783
50.16 136.783
50.17 136
50.18 134.53
50.19 134
50.2 133.192
50.21 134.878
50.22 133
50.23 136.773
50.24 139
50.25 138.076
50.26 137.261
50.27 133.325
50.28 132
50.29 131.076
50.3 132
50.31 132.074
50.32 134
50.33 133.924
50.34 136.772
50.35 134.152
50.36 133.076
50.37 135.854
50.38 136.924
50.39 138.924
50.4 136.154
50.41 135.076
50.42 134.076
50.43 132.232
50.44 132
50.45 132.624
50.46 133
50.47 134
50.48 135
50.49 135
50.5 134.528
50.51 134
50.52 133
50.53 133.783
50.54 133.653
50.55 134
50.56 135.433
50.57 134.217
50.58 131.436
50.59 133.218
50.6 134.342
50.61 134
50.62 135.698
50.63 135
50.64 133.216
50.65 132.218
50.66 133
50.67 134
50.68 134
50.69 134
50.7 132.218
50.71 131.782
50.72 131.218
50.73 129.102
50.74 131.782
50.75 131.782
50.76 133
50.77 132
50.78 131.782
50.79 131.781
50.8 131.478
50.81 131.061
50.82 131.924
50.83 130.923
50.84 131.923
50.85 132.925
50.86 131.155
50.87 132
50.88 131
50.89 130
50.9 130.077
50.91 128.155
50.92 128
50.93 128.925
50.94 130.846
50.95 130
50.96 129.077
50.97 128.078
50.98 127.077
50.99 128
51 128
51.01 128
51.02 131.055
51.03 130.244
51.04 130.784
51.05 130.218
51.06 128.782
51.07 127.2
51.08 127.066
51.09 127.21
51.1 126.342
51.11 126.252
51.12 126.79
51.13 127
51.14 125.21
51.15 125.789
51.16 126.791
51.17 126.202
51.18 126.21
51.19 127
51.2 128
51.21 126
51.22 126.79
51.23 126.789
51.24 125.21
51.25 124.218
51.26 124.217
51.27 124.218
51.28 126.564
51.29 125.437
51.3 124
51.31 124
51.32 123.218
51.33 124.783
51.34 125.218
51.35 125
51.36 124.218
51.37 125
51.38 125
51.39 124.437
51.4 123
51.41 123.67
51.42 124
51.43 124
51.44 124
51.45 125.218
51.46 124
51.47 123
51.48 123
51.49 122.063
51.5 121.921
51.51 123.922
51.52 123.078
51.53 124
51.54 124
51.55 123
51.56 122
51.57 122
51.58 121.078
51.59 121.078
51.6 121.922
51.61 122.843
51.62 122.922
51.63 122.951
51.64 122
51.65 120.078
51.66 119
51.67 120
51.68 121
51.69 122.924
51.7 122.078
51.71 120.739
51.72 121
51.73 120.218
51.74 119.219
51.75 119.782
51.76 119
51.77 119.563
51.78 120
51.79 121
51.8 121.079
51.81 119.078
51.82 119
51.83 118.079
51.84 119
51.85 119
51.86 120.843
51.87 121.157
51.88 119.078
51.89 119.614
51.9 117.125
51.91 118.738
51.92 119.219
51.93 117.782
51.94 119.078
51.95 119.843
51.96 120
51.97 121.015
51.98 118.644
51.99 118.104
52 117.921
52.01 117.921
52.02 120
52.03 118.079
52.04 119
52.05 119
52.06 119
52.07 120
52.08 119.078
52.09 118.078
52.1 115.158
52.11 116.689
52.12 119.768
52.13 120
52.14 118.157
52.15 118.078
52.16 117.344
52.17 118.759
52.18 119
52.19 116.437
52.2 117.781
52.21 120
52.22 118.78
52.23 118.208
52.24 116
52.25 117
52.26 117.197
52.27 119.607
52.28 118.392
52.29 119
52.3 119.39
52.31 119
52.32 118
52.33 115.204
52.34 115
52.35 118.387
52.36 116.204
52.37 117.591
52.38 119.956
52.39 119.37
52.4 117.887
52.41 119.245
52.42 120
52.43 118.203
52.44 118.796
52.45 121.59
52.46 118.409
52.47 118.592
52.48 120.798
52.49 117.591
52.5 117.87
52.51 118.872
52.52 119.933
52.53 120.933
52.54 120.934
52.55 120.945
52.56 121.159
52.57 121
52.58 119.921
52.59 121.738
52.6 120
52.61 120
52.62 120
52.63 122
52.64 121.438
52.65 120.78
52.66 121.78
52.67 120.219
52.68 120
52.69 121.781
52.7 123.781
52.71 122
52.72 123.22
52.73 122.156
52.74 122.692
52.75 121.345
52.76 122
52.77 123.338
52.78 123
52.79 124.229
52.8 124
52.81 124
52.82 123
52.83 122
52.84 122.52
52.85 123.803
52.86 125.801
52.87 125.199
52.88 125.198
52.89 124
52.9 125
52.91 125
52.92 124.09
52.93 124.132
52.94 125.284
52.95 126
52.96 125.92
52.97 126
52.98 125
52.99 124.614
53 125.81
53.01 126.843
53.02 126
53.03 126.925
53.04 126
53.05 127
53.06 127
53.07 126.08
53.08 126
53.09 124.155
53.1 126
53.11 126.079
53.12 126.08
53.13 126.92
53.14 127.08
53.15 127.079
53.16 127.92
53.17 127.84
53.18 127
53.19 128.842
53.2 128.08
53.21 128
53.22 127.33
53.23 127
53.24 127
53.25 127
53.26 127.919
53.27 128
53.28 128
53.29 128.922
53.3 128.921
53.31 128.845
53.32 129
53.33 127.921
53.34 128
53.35 128.081
53.36 129
53.37 129.08
53.38 129
53.39 129.921
53.4 129
53.41 130.842
53.42 130.081
53.43 130.779
53.44 131.95
53.45 132
53.46 130.931
53.47 130.932
53.48 130.068
53.49 129
53.5 129.055
53.51 129.932
53.52 130.363
53.53 130.07
53.54 130
53.55 131.319
53.56 130
53.57 131.863
53.58 132
53.59 132
53.6 133
53.61 131.637
53.62 132.069
53.63 131.069
53.64 132.931
53.65 132
53.66 132
53.67 132
53.68 132
53.69 133
53.7 133.14
53.71 132.759
53.72 133
53.73 133.746
53.74 131.213
53.75 131.092
53.76 134
53.77 132
53.78 133.931
53.79 132.153
53.8 132
53.81 133.069
53.82 132
53.83 133
53.84 135
53.85 134.069
53.86 134.138
53.87 134.069
53.88 133.139
53.89 133.069
53.9 135
53.91 135.793
53.92 134.93
53.93 134.933
53.94 135.069
53.95 134.137
53.96 133.863
53.97 132
53.98 133
53.99 133
54 132.766
54.01 133.798
54.02 135
54.03 134
54.04 133.116
54.05 133.053
54.06 133.069
54.07 134.931
54.08 135
54.09 134.069
54.1 135
54.11 134
54.12 133.931
54.13 133.067
54.14 132.069
54.15 132
54.16 133
54.17 133
54.18 133.069
54.19 132.069
54.2 132.93
54.21 132.362
54.22 132.93
54.23 134
54.24 133.256
54.25 132
54.26 132.137
54.27 132
54.28 132
54.29 130.93
54.3 131
54.31 130.93
54.32 131.93
54.33 132.745
54.34 132
54.35 131
54.36 130.213
54.37 129.213
54.38 130.573
54.39 130
54.4 130.772
54.41 130.214
54.42 129
54.43 129
54.44 129
54.45 128
54.46 128.574
54.47 129.786
54.48 128.427
54.49 127.787
54.5 127
54.51 126
54.52 125.214
54.53 125.787
54.54 126.787
54.55 125.426
54.56 125.213
54.57 126
54.58 126
54.59 126
54.6 126
54.61 126
54.62 125.787
54.63 125.213
54.64 124
54.65 123.787
54.66 123.787
54.67 123.214
54.68 124
54.69 122.929
54.7 123.64
54.71 124
54.72 123
54.73 123.931
54.74 123
54.75 122.07
54.76 122
54.77 122.36
54.78 122
54.79 122.93
54.8 123
54.81 122
54.82 121
54.83 119
54.84 120.93
54.85 120.07
54.86 120
54.87 121
54.88 121.948
54.89 120.961
54.9 119.321
54.91 121
54.92 121
54.93 121.933
54.94 121
54.95 120.93
54.96 120.141
54.97 120.071
54.98 122
54.99 120.138
55 120
55.01 120
55.02 120
55.03 120.929
55.04 120.07
55.05 121.859
55.06 121
55.07 119.071
55.08 118
55.09 117.071
55.1 117.929
55.11 118.931
55.12 119
55.13 121.716
55.14 120.141
55.15 120.859
55.16 119.071
55.17 119.931
55.18 119
55.19 119.929
55.2 120.929
55.21 120.319
55.22 120.358
55.23 121
55.24 119.182
55.25 115.243
55.26 117
55.27 118.917
55.28 119
55.29 119.556
55.3 118.933
55.31 116.637
55.32 117.758
55.33 118.199
55.34 119
55.35 119.838
55.36 119
55.37 122.75
55.38 121
55.39 120
55.4 120.083
55.41 118.051
55.42 117.928
55.43 119.792
55.44 119.413
55.45 120.141
55.46 120
55.47 120
55.48 117.321
55.49 117
55.5 115.679
55.51 118.054
55.52 118.929
55.53 121
55.54 121
55.55 121
55.56 122.071
55.57 121.071
55.58 120.238
55.59 122
55.6 122.929
55.61 124.929
55.62 123
55.63 121.143
55.64 119.072
55.65 120
55.66 120.929
55.67 122
55.68 122
55.69 124.832
55.7 123.169
55.71 122.916
55.72 123
55.73 121.918
55.74 122.917
55.75 122.917
55.76 122.917
55.77 124.917
55.78 126
55.79 125.167
55.8 124.916
55.81 124
55.82 124.837
55.83 126
55.84 127
55.85 127.663
55.86 125.08
55.87 124.084
55.88 125.221
55.89 125.133
55.9 125
55.91 128.747
55.92 128.916
55.93 126.918
55.94 126.916
55.95 127.407
55.96 127
55.97 125
55.98 125.668
55.99 126.084
56 126
56.01 128
56.02 128
56.03 125.083
56.04 125.169
56.05 127.863
56.06 128.747
56.07 128.084
56.08 129
56.09 129
56.1 129
56.11 128.085
56.12 128.878
56.13 128
56.14 127
56.15 127.734
56.16 128.777
56.17 129
56.18 128
56.19 127.165
56.2 128
56.21 127.666
56.22 127.928
56.23 129.073
56.24 129.072
56.25 130
56.26 129
56.27 127.917
56.28 129
56.29 128
56.3 130.777
56.31 131.389
56.32 129.388
56.33 129
56.34 129
56.35 128.776
56.36 130
56.37 131
56.38 131
56.39 130.554
56.4 129.43
56.41 129.223
56.42 129.223
56.43 128.222
56.44 130.575
56.45 131.116
56.46 131.072
56.47 132
56.48 132.208
56.49 131.208
56.5 129.422
56.51 129.416
56.52 129.793
56.53 131.208
56.54 133
56.55 133.584
56.56 132.209
56.57 131
56.58 131.525
56.59 130.756
56.6 131
56.61 131.049
56.62 132.939
56.63 134
56.64 134
56.65 133
56.66 131.063
56.67 130
56.68 130
56.69 131.387
56.7 132.625
56.71 134.643
56.72 134.804
56.73 133.213
56.74 132.784
56.75 131
56.76 131
56.77 131.568
56.78 132.216
56.79 133.216
56.8 134.216
56.81 133.432
56.82 131.859
56.83 131.086
56.84 131
56.85 132.901
56.86 133.914
56.87 134.61
56.88 135
56.89 134
