121.25,127.727,125.547,152.273
121.26,126.725,125.55,148.55
121.27,126,126,156.274
121.28,127.273,125.273,153.547
121.29,128.274,125.274,153.631
121.3,129,125.273,148.727
121.31,127.726,125.453,149.726
121.32,126.727,125.273,149.367
121.33,126.273,125,155.812
121.34,127,125.727,148.457
121.35,126,125.547,151.633
121.36,127,125.726,151.547
121.37,127.274,126,148.726
121.38,128,125.726,153.726
121.39,127,126.162,145.838
121.4,128,124,155.156
121.41,127,123.718,149.252
121.42,125.718,125.563,153.874
121.43,126,124,152.691
121.44,125.564,123.718,151
121.45,128,125,154.438
121.46,127.719,125.437,150.844
121.47,125.719,125.281,155.03
121.48,126,126,152.406
121.49,126,125.263,150.581
121.5,126.28,123.561,152.159
121.51,127.719,124.438,148.843
121.52,126,124.562,153.875
121.53,128.281,125.438,154.844
121.54,129,125.281,147.281
121.55,128.716,125.284,152.432
121.56,127.278,125,148.668
121.57,127.709,125.291,151.669
121.58,127,125.281,151.53
121.59,127,125.719,151.876
121.6,127.718,126,151.437
121.61,127.281,125.719,152.281
121.62,128,125.282,148.282
121.63,127.719,126.719,151.561
121.64,127,125.719,151.877
121.65,126,125.281,150.244
121.66,125.281,125,155.157
121.67,127,124.885,152.115
121.68,126.114,124.886,152
121.69,128,125.137,154.726
121.7,127.282,125.436,146.718
121.71,128,124.561,153.965
121.72,126.718,126.718,152.437
121.73,126,125.854,151.569
121.74,126.281,126,149.719
121.75,128,126.439,151.158
121.76,128,124.281,151.124
121.77,126.719,124,152.719
121.78,126.281,125.719,157.438
121.79,127,125,154.158
121.8,128,126,153.241
121.81,127,124.829,151
121.82,125.828,124.828,148.344
121.83,125,125.829,156.658
121.84,127.172,124.172,154.484
121.85,128,125.171,149.685
121.86,126.829,125.829,150.684
121.87,127,126,151.145
121.88,126.172,126.828,153.516
121.89,127,125,155.803
121.9,127,125.828,152.828
121.91,127,125.829,154.513
121.92,127,124.172,152.313
121.93,128,123.342,150.537
121.94,126.829,124.342,153.316
121.95,127,125.829,155
121.96,127.171,125,150.658
121.97,128,126,158.143
121.98,126,124.829,151.854
121.99,125,125.175,150.525
122,126.138,127.585,154.309
122.01,127.948,125.948,151.895
122.02,128,125.948,149.897
122.03,128,126,151.657
122.04,127,126.828,154
122.05,127.353,126,152.176
122.06,129.172,126.828,147.828
122.07,128.831,125.831,146.847
122.08,126.829,125.657,151.657
122.09,127,124.829,151.171
122.1,128.19,124.19,153.239
122.11,128.829,125,149.342
122.12,128,125.17,147.511
122.13,128,125,153.316
122.14,127,126.172,149.858
122.15,127,125.829,154.975
122.16,127,125.626,146.748
122.17,126,125,154.621
122.18,126,125.658,150.342
122.19,126,124.158,148
122.2,128,124.174,151.697
122.21,127,125.682,148.159
122.22,127,124.474,152.318
122.23,127,126.757,153.364
122.24,127,125.43,150.355
122.25,125.908,127,152.633
122.26,126.939,125,149.484
122.27,127,124.939,156.575
122.28,126.939,125.939,155.817
122.29,127,124,153.122
122.3,128,124.061,151.754
122.31,127,125.878,153.061
122.32,126,126.06,152.94
122.33,126,126.272,153.36
122.34,125,125.544,150.817
122.35,125,125.545,158
122.36,125.545,125,152.455
122.37,128,124.272,152.184
122.38,129,123.728,153
122.39,128.727,125.727,149.546
122.4,127.727,124.546,155.454
122.41,127,125.728,151.544
122.42,127,126.272,152.272
122.43,127,126,151.455
122.44,127,126,147.728
122.45,129.234,124,152.766
122.46,130.105,123,147.316
122.47,129.899,124,149.203
122.48,128.873,125,151
122.49,126.727,126.453,152.273
122.5,126,125.728,152
122.51,126,124.727,153.364
122.52,127.272,124.728,149.728
122.53,129,123.272,150.633
122.54,129,122.713,149.713
122.55,128,123.455,149.91
122.56,127,124,149.272
122.57,126.728,125.272,151.456
122.58,125.728,125,151.089
122.59,125,126.455,154.636
122.6,126,125.455,154.091
122.61,127,124,154.636
122.62,128.272,124.272,152
122.63,129,126,148.272
122.64,127.728,125,146
122.65,126.727,125.273,155.273
122.66,125,126.272,154.543
122.67,124,125.728,151
122.68,124,125.272,156.185
122.69,126.273,124.273,151.546
122.7,128.274,124.726,153.823
122.71,128,123.272,151.817
122.72,126,124.272,153.728
122.73,126,124,156.185
122.74,127,126.272,152.185
122.75,127.728,127,152
122.76,125.762,127.287,151.665
122.77,124.272,124.728,160.094
122.78,126.272,123.456,154.272
122.79,128,123.272,152.183
122.8,130.235,124.531,150.061
122.81,131,124,146.21
122.82,128.895,125.105,152.21
122.83,125.727,126,155.273
122.84,124,126.728,153.817
122.85,125.271,126.729,153.916
122.86,128.543,125.457,149.37
122.87,131.273,125.454,143.273
122.88,131.727,124,150.365
122.89,129.727,123.273,150
122.9,127.724,125,151.724
122.91,127,125.726,152.549
122.92,126.728,126.728,149.913
122.93,125,126,150.544
122.94,126.273,126.455,153
122.95,128,123.549,149.451
122.96,130,125,153.087
122.97,129.728,124.543,146.457
122.98,127.456,125.272,148.903
122.99,124,126.273,152.18
123,124,127.272,153.185
123.01,125.273,126.727,151
123.02,126.728,124.272,151.815
123.03,126,124.272,155.728
123.04,127,125,152.727
123.05,127.727,123.545,150.727
123.06,128.271,125.271,150.457
123.07,128.457,126,147.629
123.08,125.729,126,151.086
123.09,124,126.458,161.104
123.1,124,127,157.272
123.11,125.273,127,154.182
123.12,127.272,125.184,151.272
123.13,129,123.458,147.458
123.14,129,124,151.721
123.15,128,124.822,149.548
123.16,126.729,124.271,153.357
123.17,125.233,127.767,154.233
123.18,125.895,127.79,155.635
123.19,126,127,152.626
123.2,127.125,124.875,149.5
123.21,129,124,151.456
123.22,129.271,123.729,152.271
123.23,130,124.084,146.729
123.24,129.73,124.27,151.432
123.25,128.453,126,148.633
123.26,125.729,125.813,150.271
123.27,124,126.729,154.626
123.28,124.545,126,151.455
123.29,129.274,123.452,150.822
123.3,130,121,148.1
123.31,129.721,121.836,153.836
123.32,127.728,124,149.728
123.33,125.728,126,154.272
123.34,125.271,125.271,151
123.35,126.728,127,151.371
123.36,125,127.765,151.647
123.37,125,125,154.097
123.38,126.271,124.457,150.814
123.39,128.271,125,151.645
123.4,129,124.458,147.187
123.41,127.548,125,151.678
123.42,125.728,124.815,160.543
123.43,124,125.543,151.729
123.44,125,125,156.729
123.45,126.543,125,148.085
123.46,129,125.729,147.729
123.47,128.729,124.187,152
123.48,127,124,153.542
123.49,127.271,125.729,146.729
123.5,127.838,125,150.162
123.51,126.465,125.535,152.069
123.52,126,126.664,155.655
123.53,125,125.374,156.813
123.54,127.234,123.883,153
123.55,129,124.125,150.25
123.56,129,124,149.187
123.57,129,123.544,146.359
123.58,126.729,126.271,147.271
123.59,125,126.458,156.542
123.6,125.271,124,150.914
123.61,125.457,126.272,156.914
123.62,124.271,125,154.084
123.63,127.542,124.729,151.561
123.64,130.271,123.729,145.356
123.65,129.729,123.271,149
123.66,128,126,153.542
123.67,127,127,149.645
123.68,125.729,127.271,155.106
123.69,125,125.541,148.249
123.7,126.271,124,150.646
123.71,128.272,122.185,147.543
123.72,129,122.729,151.542
123.73,128.729,123,159.103
123.74,126.729,124.729,149.897
123.75,125.729,126.271,153.836
123.76,126.271,130,149.812
123.77,126.729,129.729,149.916
123.78,125.729,127.729,155.813
123.79,124,127,150.082
123.8,126,125.458,154.373
123.81,127.271,123.457,149.357
123.82,128,123,151.542
123.83,126.729,124.458,153
123.84,125.271,124,154.458
123.85,126.271,125.271,157.458
123.86,126.728,125.543,153.272
123.87,125,128,157.817
123.88,125.271,126.457,151.729
123.89,126,124.729,153.914
123.9,127.541,124,151.271
123.91,130,124.545,145
123.92,129.453,123,150.46
123.93,125.454,125,159
123.94,124.27,126,157.378
123.95,126.27,125,151.379
123.96,128,125.308,150.154
123.97,128.275,126,150.55
123.98,128,124.729,152.372
123.99,127.271,123.729,151.168
124,128,124.27,156.109
124.01,128.729,126.729,152.915
124.02,128,125.73,148.649
124.03,126.729,125.271,148.814
124.04,126,126.458,153.542
124.05,127.271,125.729,154.29
124.06,128,124.272,149.63
124.07,126.729,124.542,150.729
124.08,126.271,126,153.187
124.09,127,126,147.542
124.1,127,124.271,151.916
124.11,128,124.271,148.711
124.12,128.725,125.275,152.076
124.13,126.457,126,154.358
124.14,124,126.728,152.272
124.15,125,126.73,156.759
124.16,126.271,126.186,148.814
124.17,128,123.27,145.919
124.18,128.73,125.27,151.622
124.19,127,124,151
124.2,126.729,124.271,155.458
124.21,125.272,126.272,153.629
124.22,125,127.768,156.22
124.23,125,126,149.338
124.24,126.104,126.689,153
124.25,128,123.125,151.751
124.26,128,124.459,150.541
124.27,127.73,124,153.539
124.28,125.73,123.54,152.81
124.29,125,127.27,153.73
124.3,125.27,126.73,150.459
124.31,126,125.461,150.539
124.32,126.27,125.27,154.811
124.33,127.284,125,151.432
124.34,128,124.278,149.392
124.35,128,125,154.166
124.36,128,126.286,148.714
124.37,127,125,147.835
124.38,127,123.835,152.113
124.39,127,126.722,151.278
124.4,128,124,150.609
124.41,129,124.719,146.281
124.42,128.722,124,150.609
124.43,127,124.557,151.949
124.44,126.721,125.721,149.721
124.45,125.721,124.443,152
124.46,126,124.559,153.882
124.47,128.54,126.54,149.65
124.48,130,125.27,142.621
124.49,127.459,125.73,151.352
124.5,124,125,160.691
124.51,124,125.896,151.104
124.52,124.249,123.875,150.125
124.53,126,123,153.085
124.54,127.271,123.271,150.271
124.55,128,123,153.73
124.56,126.724,124.276,151.655
124.57,125,123.279,154.721
124.58,126,125.557,155.278
124.59,126,125.278,147.886
124.6,125,126,153.671
124.61,127.278,125.722,153.886
124.62,128.722,123.722,152
124.63,127,124.28,153.356
124.64,127,125.721,159.657
124.65,128,126.164,151.557
124.66,126.722,124.555,150.722
124.67,126,124.557,151.722
124.68,126.278,124.722,149.392
124.69,128.27,123,154.461
124.7,129.73,123,149
124.71,129,124.54,152.919
124.72,128.729,125,151
124.73,127.729,126,148.896
124.74,125.73,124.73,157.381
124.75,126.27,125.73,150.81
124.76,129.27,124.46,146.27
124.77,130,124.19,150.84
124.78,130,125.838,150.486
124.79,129.46,123.92,149.221
124.8,128.337,124.326,147.326
124.81,124.188,125,151.623
124.82,125.27,124.27,150.652
124.83,127.271,123.542,150.271
124.84,128.27,121.73,142.811
124.85,129,123,150.651
124.86,129.729,122.271,152.354
124.87,126.729,124.271,145
124.88,124,127,152.244
124.89,123.269,126.461,156.114
124.9,124,127,150.809
124.91,124.27,126.46,157.19
124.92,126,123.73,154.19
124.93,128.543,122.729,151.356
124.94,130.73,120.541,148.837
124.95,127.73,122,145.887
124.96,124.73,121.27,156.27
124.97,122.73,123.27,150.73
124.98,122.269,127.192,162.461
124.99,125.231,126,156.845
125,127.104,126,149.418
125.01,127.897,125.794,154.897
125.02,127,124.27,154.461
125.03,128.554,124,151.554
125.04,129.722,122.722,151.556
125.05,126.166,122.278,151.501
125.06,123,124,158
125.07,123.278,126,157.332
125.08,126.556,124,151.722
125.09,130.278,125.166,146.332
125.1,131.722,124.555,153.555
125.11,128.722,124.278,151.388
125.12,126.381,124.19,154.19
125.13,124.334,124.167,155.836
125.14,127.168,124.168,146.497
125.15,129.167,125,148.167
125.16,129.829,125.171,152.658
125.17,129,125.816,148.104
125.18,127.825,126,155.126
125.19,127,125.846,151.692
125.2,127,126.691,144.617
125.21,126.846,125.691,152.765
125.22,127,123.846,144.385
125.23,128,123,153.074
125.24,128,123.154,149.926
125.25,128,124.154,150.538
125.26,128,125,149
125.27,127.729,126,146.271
125.28,126.438,126,148.123
125.29,125.095,125.095,147.284
125.3,125,125.873,156.555
125.31,125.936,125.872,156.128
125.32,126.936,123.128,148.128
125.33,127,123.376,149.248
125.34,126.846,125.154,151.308
125.35,125,125,150.154
125.36,124.848,123.696,156.24
125.37,124.154,123.154,153.768
125.38,125,125,154.535
125.39,125,123.846,152.307
125.4,126,124,156.538
125.41,126,124,147.927
125.42,126,124,155.941
125.43,127.924,125.924,153.076
125.44,128,124,142.252
125.45,126.064,126,157.744
125.46,125.156,126.533,154
125.47,126,124,151.044
125.48,126,124,151.758
125.49,128.104,124,149
125.5,129.897,123,152.795
125.51,128,122.153,149.613
125.52,128,123.46,153.46
125.53,127,125.691,151.382
125.54,127,125,149.155
125.55,127,125,152.94
125.56,127,125.49,150.979
125.57,127.246,124,150.63
125.58,129,124,149.873
125.59,128.097,124,149.097
125.6,128.936,124.936,158.551
125.61,128,123.845,143.928
125.62,128,125.898,148.898
125.63,128,124.231,147.231
125.64,127.063,125.874,149
125.65,125.624,123.376,153.502
125.66,125,124,155.568
125.67,127.702,125.106,151.192
125.68,129.846,124,150.154
125.69,127.53,125.47,146.59
125.7,124.846,124,156.386
125.71,124.307,125.693,151.693
125.72,126.413,124.413,150.413
125.73,127,125.413,150.587
125.74,126.568,125.432,152.729
125.75,125,124,150.926
125.76,124.089,124,152
125.77,125.752,124,157.264
125.78,128.128,123.128,149.128
125.79,127.667,124,149.667
125.8,125.52,124.74,152.7
125.81,124.362,125.638,154
125.82,124.111,124.223,154.223
125.83,125.518,125.482,155.482
125.84,126,125.067,154.6
125.85,125,124.777,152.447
125.86,127.113,124.887,154.549
125.87,128,124,149.198
125.88,128.537,124.537,148.149
125.89,125.064,124.064,156.129
125.9,124,124.204,155.628
125.91,124,125.191,155
125.92,126.351,123.948,154.492
125.93,126.976,122.072,148.24
125.94,131.562,125,147
125.95,129.835,123.496,151.661
125.96,128.399,124.197,155
125.97,126.195,123.902,158.219
125.98,125,124.935,151.194
125.99,126.104,124.896,149.896
126,129.153,123,144.458
126.01,130.735,123,153.614
126.02,130.912,123.175,148.263
126.03,128,123.539,147.921
126.04,129,127,151.734
126.05,128.691,127.309,151.371
126.06,126.637,126.637,140.178
126.07,123.691,126.072,153.144
126.08,123,125.566,157.611
126.09,124.902,122.098,152
126.1,128.871,124.064,150.903
126.11,131.935,124.935,152.353
126.12,129.129,124.935,145
126.13,123.192,128.872,156.064
126.14,120,126.935,157.739
126.15,120.935,127.935,152.325
126.16,123.798,126.202,150.806
126.17,128.537,125.768,146.537
126.18,128.877,123.877,151.51
126.19,127.732,121.268,156.536
126.2,126.732,122.732,149.147
126.21,125,124.806,161.537
126.22,126,125.463,156.731
126.23,123.732,125.268,153.537
126.24,123.54,128,161.27
126.25,127.269,125.731,151.506
126.26,130.269,124.537,145.075
126.27,131.732,123.537,149.463
126.28,128.196,122.268,148.413
126.29,122.731,123.269,154.537
126.3,123.268,124.268,156.927
126.31,125.268,127.196,152
126.32,128.537,125.195,151.463
126.33,130.731,123.731,148.12
126.34,130,124,152.075
126.35,130,123.539,152.653
126.36,130,123.547,146.82
126.37,128.713,125.713,146.713
126.38,125.431,124.569,148.431
126.39,124.283,125.434,152.132
126.4,126.568,124.568,150.012
126.41,128.283,125,146.415
126.42,129,125.567,150.283
126.43,127.717,123.283,150
126.44,125.713,123.713,149.437
126.45,125,123.574,156.991
126.46,126,123.717,146.567
126.47,126,124.716,156.299
126.48,128,124.717,147.133
126.49,126.716,124.284,149.716
126.5,125,124.284,156.865
126.51,125,124.567,146.284
126.52,125,124,153
126.53,124.717,124.717,151.283
126.54,124,124,153.714
126.55,125.284,124.716,153.991
126.56,127.284,123,153.012
126.57,128,124,151.283
126.58,126.717,125.717,154
126.59,125.72,123,149.44
126.6,125,124.731,152.615
126.61,125.268,125,154.928
126.62,126.268,123.535,154.732
126.63,126,126,152.678
126.64,126,123.732,154.319
126.65,127.269,124,150.149
126.66,129,123.466,150.398
126.67,128.732,123.732,149.412
126.68,126,125,153.195
126.69,126,126,157.855
126.7,126.535,124.268,144.408
126.71,127.732,124.268,156.054
126.72,127.152,125,150.214
126.73,127,124.153,148.847
126.74,128.077,123.154,152.154
126.75,129,124.164,150
126.76,128.848,123.455,149.455
126.77,125.849,125.849,148.303
126.78,124,127,158.392
126.79,125.152,125.696,151.759
126.8,126.153,126.847,156.777
126.81,128,124.879,154.879
126.82,126.268,124,149.804
126.83,127.267,123.802,153.465
126.84,129,125,149
126.85,126.737,124.263,148.394
126.86,124,126.268,154.07
126.87,124.269,127,153.194
126.88,125.269,125.731,150.345
126.89,127.178,125.822,155.216
126.9,129,124.878,146.49
126.91,128,124,151.803
126.92,127,125,153.732
126.93,127.732,124,152.66
126.94,127.934,124,149.934
126.95,126,125.27,146.73
126.96,125.911,124.911,154.267
126.97,125,124,150.624
126.98,126.284,125,158.148
126.99,127.176,123.176,148.352
127,128,123.351,152.175
127.01,127.825,124.825,151.475
127.02,125.828,124.172,150.828
127.03,125.151,125,152
127.04,126.151,125.849,152.548
127.05,127,125,149.332
127.06,127.151,124.849,151.697
127.07,127,124,150
127.08,127,124,150.152
127.09,127.152,124.848,151.848
127.1,128,124,150.905
127.11,127.733,124,149.534
127.12,126,125,152.197
127.13,126.732,125.268,151
127.14,127,124.536,147.804
127.15,127,123.535,152.803
127.16,126.268,123.535,150.197
127.17,127.268,125,144.341
127.18,127.733,125,153.663
127.19,126,126.267,149.802
127.2,126,126.267,148.733
127.21,126,126.465,154.395
127.22,125.268,126,147.338
127.23,127,124.267,155.198
127.24,127.267,122.466,145.801
127.25,127.733,121.535,153.733
127.26,126,123.267,156.733
127.27,125,122.536,154.732
127.28,126.268,124,153
127.29,126.732,124.732,150.465
127.3,125.733,125.267,150.932
127.31,125.268,126.537,152.805
127.32,125,126.849,152
127.33,124,125.847,157.307
127.34,124.474,125.474,157.578
127.35,127.608,124.304,150.431
127.36,129,123.436,148.96
127.37,126.099,123.099,158.901
127.38,126.934,123.066,155.066
127.39,126.066,122.132,155.264
127.4,126,126,159.592
127.41,127,125,151.597
127.42,126,124.934,157.204
127.43,126.934,125.868,151.264
127.44,127,124.233,150.465
127.45,128.1,124,155.201
127.46,129,125.121,152.518
127.47,127.732,126.732,155.537
127.48,126,125.732,149.465
127.49,127,125.178,152.465
127.5,128,124.878,150.49
127.51,129,124,149.932
127.52,130,124.733,154
127.53,129.733,124.733,149.267
127.54,128.466,124.267,149.733
127.55,127,125.267,152.535
127.56,126.733,126.733,150.198
127.57,126.267,125.534,147.602
127.58,127,126.457,150.913
127.59,129,125.267,147.93
127.6,127.732,125.732,149.803
127.61,126,124.734,149
127.62,126.267,125.267,148.802
127.63,127,125.267,150.199
127.64,127,125.267,149.267
127.65,126.732,125,150.803
127.66,125.731,123.731,151.462
127.67,126,124.733,152.465
127.68,127,123.733,150.4
127.69,127.733,123.267,147.534
127.7,126,123.801,149.068
127.71,124,124.733,152.8
127.72,123,125.267,152.07
127.73,124.271,126,155.644
127.74,125,126.467,152.467
127.75,125,126,153.733
127.76,126.269,125.461,152.461
127.77,126,124,150.801
127.78,126,122.266,153.734
127.79,126.734,123.266,150.533
127.8,125.733,125,153.333
127.81,125,127,154.2
127.82,126.268,128,153.661
127.83,127,126.735,150.327
127.84,126,126.266,151.467
127.85,126,126.821,155
127.86,126.121,125,150.879
127.87,128.267,124.267,150
127.88,129,124.465,149.197
127.89,127.733,123.535,152
127.9,127,126.268,152.338
127.91,125.731,126.731,155.657
127.92,125,126.734,156
127.93,126.457,127.543,152.086
127.94,129,124.199,151.601
127.95,128,124.9,147.601
127.96,128.864,124.136,151.592
127.97,127,125.724,150.171
127.98,126,125.266,152
127.99,126,126.261,151.739
128,127,126,148.647
128.01,127,125.725,152.35
128.02,127,126.275,149.377
128.03,128,126,153.175
128.04,128.275,125,151.1
128.05,128,124.549,149
128.06,126.733,124.733,152.466
128.07,126,126,149.118
128.08,126,125.733,153.864
128.09,127,126.198,153.069
128.1,126,124.733,149.2
128.11,127,125,154.467
128.12,127,124.737,150.053
128.13,125.733,123.267,153
128.14,125.266,125,153.468
128.15,126,125.267,151.267
128.16,126,125.268,151.875
128.17,126,125.715,153.861
128.18,126.724,125.724,154.173
128.19,126,126.452,151.726
128.2,127,126,153.628
128.21,126.817,124.817,150.731
128.22,126,124.129,153.484
128.23,126,125,150.822
128.24,125.726,124,152.549
128.25,126,125.274,155.629
128.26,127,126.2,151.533
128.27,125.733,124.733,156.733
128.28,124,123.733,153.8
128.29,126.229,124,155.938
128.3,128.1,126.9,144.399
128.31,128,125.889,151.668
128.32,127,125.392,149.785
128.33,124.734,127.266,153.671
128.34,125.266,127,154.863
128.35,125.266,126.734,147.202
128.36,127.285,125.43,158.145
128.37,128.274,123.548,142.726
128.38,129.726,123,151.644
128.39,128,123,150.726
128.4,129,125.726,151.903
128.41,128,123.274,145.548
128.42,126.726,125.823,152.629
128.43,125,129.548,149.561
128.44,125,126.274,154.63
128.45,125.274,127.726,152.822
128.46,127.282,124.282,150.282
128.47,127,124.726,155
128.48,127.274,125,147.629
128.49,127.725,125.725,152.825
128.5,125,125,148.934
128.51,126,126.266,154.935
128.52,126,126.266,146.065
128.53,125.734,126.266,154
128.54,126,126.266,153.331
128.55,125.772,125,153
128.56,125,125,157
128.57,126.099,123.199,147.298
128.58,128.266,123.734,153
128.59,129,124.533,149.4
128.6,127.468,126,152.266
128.61,123.734,124.799,153.066
128.62,124.16,124.319,155.521
128.63,125.533,126,153
128.64,126,126,154.323
128.65,126,125.88,156.88
128.66,126.267,125.2,151.8
128.67,126.734,125.734,154.467
128.68,127,126.266,154.468
128.69,128.267,126.733,147
128.7,128,124.8,152.333
128.71,126.735,125.735,153.796
128.72,124,124.266,152.672
128.73,125.266,124.734,154.468
128.74,128.266,124,147.935
128.75,130,123.533,147.865
128.76,128.734,125.533,151.734
128.77,126.456,127,156.456
128.78,124,126.275,152.746
128.79,125.549,126.549,159.88
128.8,128.274,127.179,144.548
128.81,128.818,125.818,147.818
128.82,127.87,123.87,149.52
128.83,127,124.234,152.766
128.84,128,123.216,151.892
128.85,128,124.213,147.64
128.86,126.743,127,153
128.87,123.897,126.103,156.205
128.88,123.272,126.728,157.455
128.89,125.259,125.871,152.612
128.9,128.88,125,149.06
128.91,130,124.941,145.118
128.92,129.068,125.932,149.594
128.93,126.136,125.932,148.272
128.94,124,126,154.2
128.95,124.268,127.268,151.537
128.96,125,126.134,153
128.97,126,124.536,152.732
128.98,127.266,124.266,151
128.99,129,124,148.598
129,128.068,123.068,154.864
129.01,126,126,157.734
129.02,124,126.734,149.266
129.03,124,126.469,156
129.04,124,125.178,153.466
129.05,124,124.121,154.241
129.06,124.266,124.734,159.797
129.07,126.265,123.265,150.735
129.08,128,125.735,156.94
129.09,128,125.47,147.411
129.1,127.469,125.734,147.328
129.11,125.265,126.735,151.796
129.12,125.266,125,154.141
129.13,127.265,124.265,150.12
129.14,129,126.454,150.545
129.15,129,124.265,149.265
129.16,128.265,124.265,151.531
129.17,129,122,148.469
129.18,128,123.735,148.325
129.19,128,124,153.353
129.2,127.735,123.796,149.061
129.21,126,127,151.593
129.22,125,127.735,156.142
129.23,126.265,126.205,146.941
129.24,128.264,127,151
129.25,129,124.735,146.204
129.26,126.735,125.469,149.388
129.27,124,123.273,157.908
129.28,123,124.265,156.059
129.29,124.268,126.536,152.34
129.3,126,124.735,155.94
129.31,127,124,149.799
129.32,127,124.266,153.404
129.33,128.266,124.531,148.266
129.34,128,125.531,147.796
129.35,126.735,127.265,154.531
129.36,124,127.265,151.531
129.37,123,125.724,153
129.38,124.265,125,154.677
129.39,127.566,124.566,150.283
129.4,129,123.281,151.281
129.41,128.281,124.281,151
129.42,130,125.282,152
129.43,129.718,125.282,150.718
129.44,126.438,126,152.281
129.45,122.719,126,151
129.46,122,125,157
129.47,124.563,122.281,151
129.48,128.562,122.562,153
129.49,131.281,124.719,148.437
129.5,130.437,123.844,150.875
129.51,126.718,126.126,153.253
129.52,124.719,127.719,153.157
129.53,123.719,126,152.719
129.54,124.281,126.438,154.438
129.55,126.281,126,151
129.56,128.281,124.281,152.438
129.57,130.283,123.717,145.849
129.58,130.437,122.844,148.156
129.59,127.719,124.562,150.842
129.6,125.719,125.562,152.562
129.61,125,127.723,148.277
129.62,125.265,127.47,152.53
129.63,126.53,126.735,150.676
129.64,128,125,148.265
129.65,127,124.735,152.735
129.66,128,124.735,151.47
129.67,128,124.731,150.077
129.68,127,124.734,150.937
129.69,126,124.53,149.591
129.7,125,125.773,148.454
129.71,125,124.803,154.197
129.72,125.099,124.901,148.901
129.73,125.734,124,156.67
129.74,126.53,123.53,149.12
129.75,127,123.793,151.471
129.76,126.736,123.529,154.322
129.77,126,124.531,148.797
129.78,126,124,154
129.79,125.735,125.206,154.206
129.8,126,125.265,156.471
129.81,125,124,154.734
129.82,125,124.735,154.061
129.83,125.265,123,151.53
129.84,127,123,152.471
129.85,128,124.735,154
129.86,126.735,123.265,151.735
129.87,126,124.266,154.125
129.88,126,124.266,156.609
129.89,128,124.735,151.735
129.9,127.841,124.159,147.797
129.91,127,124.47,154.122
129.92,127,124,154.573
129.93,127.881,123.119,158.477
129.94,127.265,124.265,156.53
129.95,128,126,153.943
129.96,128,125.265,153.941
129.97,128.265,125.471,147.206
129.98,128.76,122.24,146.198
129.99,126.714,123.714,155.854
130,126,123,148.269
130.01,128,124,152.757
130.02,129.279,125,147.397
130.03,129.72,125,151.041
130.04,128.44,124,147.679
130.05,126,124.441,150.839
130.06,127.281,124.439,156.756
130.07,130.28,125.28,144.56
130.08,129.416,125.708,149.416
130.09,126.715,124.715,151.139
130.1,124,125,151.859
130.11,124,125.43,155.57
130.12,125.286,124.286,149.426
130.13,127,124,154.142
130.14,126.715,123.285,149.426
130.15,125,124,156.145
130.16,125,124,150.737
130.17,125,124,153.527
130.18,125,125,151.99
130.19,124,124.727,153.637
130.2,123,125.728,156.817
130.21,124.545,124.727,157.637
130.22,128,125,151.184
130.23,129,125,150.46
130.24,127.735,125.265,153.062
130.25,125.736,125.264,152.264
130.26,124.736,125,156.208
130.27,124.526,123.737,151.789
130.28,126.265,125.471,151.941
130.29,128.265,125.471,153.148
130.3,128.736,124.528,150.113
130.31,128.264,124,150.528
130.32,128.736,124.736,153.944
130.33,128,126,149.321
130.34,127.736,126,153.359
130.35,126.736,127.472,149.056
130.36,125.272,124.272,152.728
130.37,127.264,124.736,150.736
130.38,129,124.264,148.736
130.39,130,124.264,155.472
130.4,129,125.528,144.056
130.41,126.733,125.267,152.267
130.42,126,125.471,148.529
130.43,126.264,126,148.943
130.44,127,126.548,152.774
130.45,127,125.935,147.935
130.46,127,125.124,154.876
130.47,127.272,124.272,148.272
130.48,128,123.548,146.822
130.49,126.727,124.727,151.545
130.5,125.728,123.728,150.456
130.51,124,125,154.272
130.52,125,125.728,156.367
130.53,126,124.546,151.639
130.54,126,124.272,151.638
130.55,126,124.272,151.817
130.56,126,124,151.362
130.57,125.725,125,151.451
130.58,125,126.426,154.566
130.59,126,125.285,153
130.6,124.715,124.569,155.715
130.61,125,125.285,157.854
130.62,126,125.431,150.285
130.63,126,122,153.571
130.64,126.285,124.146,157.861
130.65,128,122.284,149
130.66,128.715,124,155.145
130.67,129,124,147.284
130.68,127.43,125,150.854
130.69,126,126.57,155.141
130.7,125.285,124.715,153
130.71,125.285,125.285,150.854
130.72,128.278,125.166,154.219
130.73,130,124,145.398
130.74,129.721,122.838,152
130.75,128.721,126,156.115
130.76,126,126,147.884
130.77,127.279,125.721,155
130.78,128,125.279,141.279
130.79,127.72,127.602,151.322
130.8,127,125.891,148.891
130.81,125.721,123,155.886
130.82,126,122.442,157
130.83,129.279,119.559,146.721
130.84,129.721,124.279,150.953
130.85,127.814,125.814,152
130.86,125,125.272,149.728
130.87,125,128,157.48
130.88,126,127.197,152.901
130.89,126,127,152.71
130.9,125,126.884,152.116
130.91,125.263,124,151.263
130.92,126,122.737,152.737
130.93,126,122,160.207
130.94,127,123.472,152.264
130.95,128,123.79,154.575
130.96,128.261,125.521,149.564
130.97,127.75,129,146.501
130.98,126.417,128.709,155.543
130.99,124,127.436,152.128
131,125.263,125.263,154.263
131.01,128.263,124,150.211
131.02,129,124.264,149.054
131.03,129,124,151
131.04,128.736,124,151.681
131.05,127.202,124.798,152.787
131.06,127,124,152.914
131.07,126.853,125.294,150.442
131.08,124,127.145,155
131.09,124.157,125.843,151.627
131.1,126.144,125,150.144
131.11,128.145,123.145,155.128
131.12,129,125,148.291
131.13,127.854,125.146,152.146
131.14,126,126,152.725
131.15,125,127.855,153.564
131.16,126,125.146,156.291
131.17,126,126,150.478
131.18,127.433,125,152.433
131.19,128,124.339,147.678
131.2,128.788,125,152.152
131.21,129.265,123.795,152.676
131.22,127.221,124.779,149.443
131.23,127,124.11,152.22
131.24,128,125.945,146.945
131.25,128.055,126,146.22
131.26,128,127,155.507
131.27,126.055,125,149.055
131.28,126.946,125.108,153.838
131.29,129.279,125.279,146.116
131.3,129.722,125.278,148.278
131.31,126.721,126,151.671
131.32,124,125.444,153.053
131.33,124.279,125.721,158.164
131.34,127.559,124.72,146.441
131.35,129.722,124.835,146.722
131.36,127.443,124.278,152.392
131.37,123.722,126,153.278
131.38,124.279,124.837,153.442
131.39,126.278,125.444,153.166
131.4,127.944,125.887,150.056
131.41,127.721,124.721,153.883
131.42,126,126,155.278
131.43,126,123.836,151.836
131.44,127,124,154
131.45,128,124.278,151.331
131.46,127.721,125,151.393
131.47,125.722,125.278,152.722
131.48,126,124,152.888
131.49,127.278,124.722,149.949
131.5,128,125.278,150.609
131.51,126.722,125.278,156.391
131.52,125.238,125.525,155.049
131.53,127,126.112,154.665
131.54,128,125.112,148.335
131.55,127.866,126.866,156.198
131.56,127.279,124,150.228
131.57,128,124,153.208
131.58,127,124.134,155.328
131.59,128,125,153.279
131.6,128,124.278,149.556
131.61,127.19,125.81,152.619
131.62,127.167,125.833,149.5
131.63,128,124.83,151.491
131.64,129,124,149.835
131.65,129,125,150.499
131.66,128.833,126,151.498
131.67,128,126.833,150.334
131.68,128,124.856,149.711
131.69,127.834,123,148.327
131.7,128,124,157.992
131.71,129,124.288,145.433
131.72,127.856,125,150.721
131.73,126.145,127,156
131.74,126.856,126.711,148.711
131.75,126,127.856,153.856
131.76,126,126.145,152.565
131.77,125.884,126.884,148.157
131.78,125.264,124.529,152.207
131.79,126,126.45,156.45
131.8,126.261,125.261,151.305
131.81,127,124,154.212
131.82,126.263,124.737,150.841
131.83,126,124,152.949
131.84,126,125.263,153.051
131.85,126.263,126.473,153.737
131.86,127.737,125,153.16
131.87,126.264,126.472,153.321
131.88,128,126,157.139
131.89,128,125.082,147.082
131.9,127.737,126.737,151.314
131.91,127,125.263,151.526
131.92,127,124.737,153.263
131.93,128,126.738,154
131.94,128,124,150
131.95,127,125.473,158
131.96,126.071,124.929,151.496
131.97,127,125.735,154.676
131.98,128.262,125.738,150.262
131.99,129,125.263,147
132,128.737,127,151.789
132.01,126.737,126.737,151.737
132.02,126,126,150.525
132.03,126.263,127.212,154.95
132.04,127.737,126.737,152
132.05,127,125,152.592
132.06,127.358,124.642,155
132.07,128,123.645,148.711
132.08,129,125.137,147.137
132.09,128.904,126.904,151.904
132.1,126.685,126.685,148.946
132.11,125.857,126,153.143
132.12,125.143,126,154.713
132.13,126,125,151
132.14,127.115,124,151.115
132.15,129,123.144,147.431
132.16,129,123.854,153.708
132.17,128,125,149.905
132.18,127,125,150.287
132.19,125.854,126.854,156.122
132.2,124.856,126.144,149.577
132.21,124.144,125.856,154.144
132.22,125.143,124.143,152.857
132.23,126.143,124,154.573
132.24,128.144,124,154.139
132.25,129,124.288,150.151
132.26,126.858,126,153.145
132.27,124.886,126,151.458
132.28,123,125.737,159.263
132.29,124.268,125,153.121
132.3,126.225,124.775,155.126
132.31,127.191,124.096,155.618
132.32,129.096,124.096,147.191
132.33,129.238,124.238,152.048
132.34,128,123.143,148.57
132.35,127.936,125,157.552
132.36,127,125,149.949
132.37,126.476,126.048,153.952
132.38,127.263,126.737,158.474
132.39,128,126,149.533
132.4,128.263,124.526,151
132.41,130.262,124.738,150.69
132.42,130,123.787,147.573
132.43,129.381,124.761,151.381
132.44,129,126.787,150.68
132.45,125.738,125.475,149.262
132.46,125.157,126,156.217
132.47,126.524,126,150.427
132.48,127.659,126.659,152.956
132.49,128,127,146.168
132.5,128,126.738,152.115
132.51,128,125.795,150.651
132.52,127.071,126.142,150.567
132.53,126.738,126.738,153.428
132.54,124.738,126.738,150.835
132.55,125,126,156.901
132.56,126,124.471,149.265
132.57,127,124,153.523
132.58,128,124.738,150
132.59,127.738,125.262,153
132.6,126,123.526,150.789
132.61,126,125,153
132.62,127,124.143,148.43
132.63,127,123.858,152.146
132.64,127.857,125.286,150.571
132.65,126,125.143,154
132.66,127.143,124.143,155.572
132.67,127.143,124.143,148.429
132.68,128,125,154.142
132.69,127,125,147.716
132.7,127.857,126.714,154.857
132.71,127,124.858,149.426
132.72,125.857,123.857,157.284
132.73,125,124.114,158.341
132.74,125.095,125,153.431
132.75,127,124.228,156.228
132.76,127,124.143,154.286
132.77,128.142,123,150.567
132.78,128.857,123.143,149.857
132.79,128.858,126.573,152.142
132.8,128.856,124.144,152.569
132.81,127.715,125.858,151.858
132.82,126,126,150.854
132.83,126.143,124.857,154.287
132.84,128.143,123,147.571
132.85,131.143,124.857,151.429
132.86,130.858,124,145.142
132.87,129,124.858,154.284
132.88,129.143,125.143,149.714
132.89,129.906,125,147
132.9,127.372,123.942,145.199
132.91,125.142,125.142,154
132.92,125,124.715,155.38
132.93,125.315,122.945,153.111
132.94,128.243,122.919,151.162
132.95,130.738,123.262,145.738
132.96,129.072,124,155.208
132.97,124.737,124,149.788
132.98,123,124.524,154.952
132.99,123.523,124.738,153.262
133,126.264,123.527,148.736
133.01,128,125.524,150.524
133.02,128,125,151.738
133.03,127,125,152.776
133.04,126,124.095,154.38
133.05,127,123.92,153.521
133.06,128,124,148.886
133.07,128,123.051,151.051
133.08,128,124.145,150.29
133.09,127,124.739,152.739
133.1,127.262,125.738,150.738
133.11,128.261,124,149.045
133.12,127.856,123.144,156.569
133.13,126,125.142,152.858
133.14,125,124.919,155.919
133.15,126.262,124,151.214
133.16,129.284,124.858,148
133.17,130.905,124,151
133.18,126.371,124,150.944
133.19,123.858,127,160.575
133.2,124,127,153.72
133.21,125.284,125.716,155.575
133.22,129,124,148.838
133.23,129.263,124,148.05
133.24,130,122.739,149.522
133.25,129,124,149.522
133.26,127,123,150.261
133.27,127,124,151.69
133.28,127,123.071,146.142
133.29,128.796,125.796,150.387
133.3,128.919,123.919,148.081
133.31,126.739,121.784,157.399
133.32,125,124.739,156.651
133.33,126.196,126,151.783
133.34,129.227,123.227,153.204
133.35,131.739,126.739,142.739
133.36,128.714,126,137.003
133.37,125.541,126.729,151.753
133.38,124,126.262,150.786
133.39,124,124.261,153.825
133.4,124,126,159.629
133.41,125,128,155.354
133.42,126.226,124.661,152.452
133.43,129,122.738,151.908
133.44,130,124.523,153.306
133.45,128.739,124.739,149.478
133.46,125.739,125.522,150.261
133.47,124,127.262,158.738
133.48,125,128.775,150.551
133.49,124.239,128,149
133.5,124,125.942,161.474
133.51,126.282,123,150.422
133.52,129,121.427,151.854
133.53,128,123.142,152.567
133.54,129.141,124,157.297
133.55,130.859,124.141,153.577
133.56,127.718,125.141,149.565
133.57,123.906,124.094,155.623
133.58,124.321,123.321,153.606
133.59,127.283,124,153.576
133.6,131.141,122.141,151.859
133.61,130.906,123.812,149.281
133.62,128.686,124.686,152.744
133.63,128,124,152.188
133.64,127,125,149.782
133.65,126.072,124.072,154.289
133.66,128.114,123.886,153
133.67,129,124,149.739
133.68,129.734,124,151.14
133.69,129,125,148.826
133.7,128.478,125,150.694
133.71,126.738,125.262,154
133.72,126,124.858,151.142
133.73,126,123.071,153
133.74,126.256,123.744,153
133.75,127,123.64,153.64
133.76,127.473,124,150.107
133.77,128,124,150.715
133.78,128.919,125.919,151.162
133.79,125.738,125,153.738
133.8,124.261,124,154.218
133.81,125,125.739,150.522
133.82,126.261,124.261,153
133.83,128.259,123,150.962
133.84,128.858,122.142,147.416
133.85,125.719,123,160.578
133.86,124,123.141,154.282
133.87,124.141,126.283,155.141
133.88,127,127.576,157.728
133.89,127.937,124.063,146.251
133.9,127.073,124,155.562
133.91,126,123.227,146.796
133.92,125,124,158.51
133.93,126.144,124,154.711
133.94,127.14,125.86,152.719
133.95,128,122.281,149.281
133.96,127.86,124.14,155.14
133.97,127,125,154.542
133.98,127.928,124.072,150.289
133.99,128.928,125.143,152.928
134,130.927,124.145,152
134.01,129.071,123.929,148
134.02,127,123,148.413
134.03,127.623,123,154.741
134.04,127.269,125.269,149.149
134.05,129.202,126,152.194
134.06,129.878,125,153.143
134.07,128,124.734,149.132
134.08,127,124.78,152.92
134.09,127.794,126.206,145.412
134.1,127.92,124.92,149.92
134.11,127.264,124.264,148.264
134.12,127.742,124.226,150.742
134.13,126.74,124,154.52
134.14,126,126,150.74
134.15,126,126.26,155
134.16,126,125.141,150.141
134.17,126,126,150.188
134.18,125.688,125.312,153.688
134.19,125.14,124,152.419
134.2,127.14,124.281,151.719
134.21,128,125.495,151.516
134.22,127,124.837,148.326
134.23,126.11,123,150.221
134.24,126.927,124.927,155.56
134.25,128,124,150.146
134.26,127.719,125.438,152
134.27,125,125.261,153.522
134.28,125.927,126,154.073
134.29,128,126,150.907
134.3,129,125.223,153.991
134.31,128,125.687,148.567
134.32,126.846,126,154.539
134.33,125.92,124.16,155.92
134.34,126,123.338,153.563
134.35,126,124.764,154.909
134.36,126,124,155.559
134.37,126.26,122.48,153.48
134.38,126.74,123,162.439
134.39,126,122.382,156.147
134.4,127.26,125.52,151.822
134.41,129.198,125.603,147.413
134.42,130.304,124.608,143.432
134.43,130.804,126.393,149.196
134.44,126.576,127.859,158.585
134.45,123.563,126.563,154.811
134.46,123.522,125.478,161
134.47,130.784,123.144,144.072
134.48,132.512,123,149.56
134.49,132,121,147.616
134.5,127.86,123.14,151.117
134.51,127,124.625,158
134.52,127,125.577,158
134.53,127.794,126,150.055
134.54,128.44,127.56,145.96
134.55,124.641,124.719,152.359
134.56,127.277,125.861,149.277
134.57,129.82,123.359,149.359
134.58,130.856,123,146.432
134.59,129.074,126.852,149.852
134.6,125.206,126,154.176
134.61,123.481,126.519,157.442
134.62,124,129,154.927
134.63,126.141,125.717,146.141
134.64,128.139,124.139,149
134.65,130.139,123,147.442
134.66,130.496,122.496,145.008
134.67,128.717,120.565,151.152
134.68,125.814,125.907,153.535
134.69,123,126.093,153.115
134.7,123.093,126,159.071
134.71,125.093,126.186,152.279
134.72,126.38,127.24,153.101
134.73,129.08,123,153.117
134.74,131,123,145.159
134.75,131,123,148.016
134.76,126.811,124,150.905
134.77,123.907,123.186,152.371
134.78,122.747,125.253,156.506
134.79,122.191,125.809,157.617
134.8,124.518,125.482,152.445
134.81,128,125.73,151.905
134.82,128,125,152.419
134.83,129.08,125.08,154.159
134.84,129.109,125.109,151.545
134.85,126.805,122.611,157.027
134.86,125.889,123.111,148.334
134.87,125.261,125.739,155.173
134.88,127.261,124.261,150
134.89,128.794,125,150.794
134.9,129,125,150.317
134.91,128,125.813,149.719
134.92,127,127,155.093
134.93,127.08,126.92,149.761
134.94,127.887,129.661,150.113
134.95,127,126.474,153.526
134.96,128.259,124.741,152.222
134.97,130.259,124.259,147.259
134.98,130.74,125.74,151
134.99,128.74,125.26,147.301
135,125.223,125.741,159.964
135.01,123.259,124,150.296
135.02,125.156,124.844,155.065
135.03,127.042,124.521,151.564
135.04,128.658,124.342,155.634
135.05,127,126,157.324
135.06,126,127.481,153.037
135.07,126.259,126.741,154.963
135.08,128,124.52,148.48
135.09,126.742,124.258,152.324
135.1,124,126,156
135.11,124.259,125.741,156.445
135.12,126.26,125.74,158
135.13,128,123.52,151.74
135.14,127,126.734,155.798
135.15,126.26,127.221,155.962
135.16,127.259,126,151.518
135.17,127.742,128.225,153
135.18,126,125.483,159.708
135.19,126.541,126.27,149.893
135.2,128,125.481,150.183
135.21,129,123,150.296
135.22,129,123.26,148.038
135.23,128.74,124.74,154.441
135.24,127,124.258,150.065
135.25,127,127,158
135.26,128.259,128,149.446
135.27,130.259,127,144.036
135.28,130.741,127.481,147.259
135.29,128.738,125,146.738
135.3,127,123.741,152.778
135.31,126.74,123.26,150
135.32,126.259,124,155.222
135.33,128.259,124,149.481
135.34,128,125,143.741
135.35,128,124.778,152.443
135.36,125.908,126.816,143.461
135.37,125,125.813,161.438
135.38,126.519,125.74,155.481
135.39,127.806,125,145.028
135.4,125.89,125.78,150.102
135.41,125.26,124.26,149.44
135.42,127,123,153.265
135.43,127.265,123.265,151.325
135.44,127.741,123.482,154.15
135.45,126.806,123,148.303
135.46,125,127.78,158.465
135.47,126,126,153.365
135.48,125.074,122.298,153.745
135.49,127.259,122.777,150
135.5,128.259,124.483,153.552
135.51,127.74,124.221,150.441
135.52,127,123.472,154.472
135.53,127.734,124,158.201
135.54,126,125,146.6
135.55,126.267,126.466,157.2
135.56,127.267,124.733,145.267
135.57,127.733,123,152.066
135.58,128.267,124,154
135.59,128.733,125,148.666
135.6,128,126.467,155.066
135.61,128,126,150.664
135.62,127.733,127.466,153.597
135.63,127.267,126,145.011
135.64,128,126.733,152.799
135.65,128,126.771,151.371
135.66,127,124.1,154.8
135.67,127,124.1,153.8
135.68,128.267,125.733,149.733
135.69,129.735,125.471,149.413
135.7,128,123.258,148.775
135.71,127,123.259,153.741
135.72,126,124,148.293
135.73,127,126.741,155.963
135.74,129.518,126,151.189
135.75,129.741,127.259,140.552
135.76,127.482,127.741,154.965
135.77,125,125.259,152.295
135.78,125.259,125.259,153.036
135.79,126.259,123.741,154.224
135.8,128,124,148.776
135.81,127,124.741,154.184
135.82,128,123.259,147.518
135.83,128,123.741,147.777
135.84,126.741,123.259,155.259
135.85,123.742,125,153
135.86,124,123.259,156.776
135.87,125.518,125.259,147.741
135.88,129.52,126.74,150.221
135.89,130,126.223,145.554
135.9,127.222,126.741,156
135.91,123.741,126.481,162
135.92,123,126,154.223
135.93,125.27,125.461,157.27
135.94,128.517,124.742,146.483
135.95,129.481,125,150.703
135.96,127.74,124.74,156.337
135.97,125.741,123.776,154.707
135.98,124.739,126,154.782
135.99,124.258,126,158.937
136,126.443,126.222,147.886
136.01,128.092,126.632,148.816
136.02,128.908,123.908,159.632
136.03,126.739,123,153.261
136.04,126.518,124,158.705
136.05,129.517,126.259,150
136.06,132,128,147.519
136.07,129.724,126,149.897
136.08,125.455,124.455,151.363
136.09,123.286,125,157.429
136.1,126.563,124.437,154.342
136.11,130.269,124.538,148.882
136.12,132,124.73,149.648
136.13,130.733,123,146.534
136.14,127.734,122.799,149.863
136.15,127,125.266,154.871
136.16,126.733,125.534,150.068
136.17,126,125.268,150.338
136.18,126.264,127.472,158.152
136.19,127.266,124.532,145.064
136.2,128.933,126,158.259
136.21,129,124.933,139.806
136.22,128.467,125.201,151.604
136.23,126,122.266,154.863
136.24,125,124.801,150.403
136.25,127,123.936,154.872
136.26,127,123.774,149.194
136.27,126.256,123.512,151.769
136.28,127,126.484,151.742
136.29,127,123.516,147
136.3,127,127.535,159.31
136.31,126.485,125.515,156.363
136.32,126,126.712,148.438
136.33,124.889,126.111,158.223
136.34,124.742,125.742,154.517
136.35,124.516,121.742,152.774
136.36,126.926,121.926,160.553
136.37,131,122,144.033
136.38,130.384,122,148.232
136.39,126.227,126,153.227
136.4,126.075,126.774,150.15
136.41,126,127.207,148.264
136.42,127.258,126,154.227
136.43,129,125.741,149.705
136.44,128.742,126,148.292
136.45,126.091,125,153.454
136.46,129.184,124.092,153.724
136.47,131,124.89,148.548
136.48,128.741,125.483,151.19
136.49,126.741,125,147.294
136.5,125,124.485,149.97
136.51,127.259,125,153.741
136.52,129,125,144.484
136.53,128,125.259,152.037
136.54,127.258,124.516,148.742
136.55,129,125.773,147.258
136.56,128,126.226,148.547
136.57,126.742,126.484,150.226
136.58,126,125.484,160.226
136.59,126.519,125.259,151
136.6,128.259,125.259,151.517
136.61,128.742,125,149.289
136.62,124.742,125.258,151.742
136.63,123,124.259,154.848
136.64,123,126.484,157.421
136.65,124,126.515,157.546
136.66,125.258,127.258,153.258
136.67,127,125.742,148.613
136.68,127,124.076,146.113
136.69,129.864,126,149.271
136.7,126.864,127,156.136
136.71,125,123,151.448
136.72,125.137,127.727,155.41
136.73,126.818,126.818,157.182
136.74,129,125.726,155.137
136.75,129,124.864,151.864
136.76,128.851,122.149,153.745
136.77,128.137,125,160.454
136.78,128.864,125,154.32
136.79,127.864,125.272,150.409
136.8,125,126.863,150.588
136.81,124.14,124,155.559
136.82,125.273,123.137,154.273
136.83,128.136,124.729,152.864
136.84,129.863,123.137,156.453
136.85,129,124,150.728
136.86,129,123.409,149.545
136.87,128,125,150.864
136.88,127.862,125.138,154.275
136.89,126.136,125,157.455
136.9,127.078,125.078,147.156
136.91,129,125.741,153.965
136.92,129,124.258,146
136.93,129,123.416,146.792
136.94,129,125,151.419
136.95,128.243,122.485,148.757
136.96,127,124.091,154.635
136.97,126,124.077,150.077
136.98,126,124.151,149.151
136.99,127,125.924,149.076
137,128,124.152,151
137.01,129,123.922,150.922
137.02,128.075,123.849,149.925
137.03,126.742,124.258,151.803
137.04,125.073,124.073,152.366
137.05,125,124.258,152.742
137.06,126.258,124.515,148.773
137.07,126.742,123.742,151.258
137.08,126,124,150.257
137.09,126,125.227,154.227
137.1,126,123.193,151.387
137.11,126.506,124,153
137.12,127,124.091,151.091
137.13,126.922,124.078,149.233
137.14,126,125,155.548
137.15,126,125,154.692
137.16,126.135,124.405,150.54
137.17,127,124.272,153
137.18,127,124.864,152
137.19,128,123.061,155
137.2,128,124.89,147.441
137.21,128,125.847,153.77
137.22,127,124,152.694
137.23,126.076,126.848,152.381
137.24,127,125.066,151.934
137.25,127,125.923,151.306
137.26,127.257,125,151.772
137.27,128,124.485,153
137.28,128,123.792,149.042
137.29,128,124.886,154.114
137.3,128,124.924,148.305
137.31,129,125.847,150
137.32,129,125.886,151
137.33,128,126.076,151
137.34,127,126,150.257
137.35,128.257,124.514,149.257
137.36,128,125.486,150.772
137.37,128,123.257,150.743
137.38,128,123.692,149.692
137.39,129,124,148.852
137.4,128.865,123.865,150.594
137.41,128,125.45,150.45
137.42,126.865,125.135,154.19
137.43,125,125.271,153.812
137.44,126,125,150.136
137.45,127,125,152.593
137.46,128,123.135,148.539
137.47,126.865,124,151.135
137.48,125,123,157.326
137.49,126.138,124.138,151.862
137.5,128,125.18,151.639
137.51,127.69,127,148.858
137.52,124.865,125.865,155.135
137.53,123.135,124,151.406
137.54,125.272,124.864,161.05
137.55,128.135,123.729,148.729
137.56,129,122.731,153.327
137.57,128.865,123.73,153.27
137.58,127.533,122,154.066
137.59,125.725,124.275,153.373
137.6,125,125.777,160.883
137.61,127,125.884,150.653
137.62,127.076,125.924,148.924
137.63,127,124.923,158.307
137.64,127,123.23,151.23
137.65,127.924,124,152
137.66,128.923,125,150.923
137.67,128,123,150.559
137.68,128,123,150.513
137.69,129,126,148.324
137.7,128.743,125,152.487
137.71,126,125,153
137.72,126.256,124.513,156
137.73,128.257,124.257,147
137.74,128.743,126,152.486
137.75,128,123.257,147.515
137.76,127.829,124.171,149.342
137.77,127,125,152.091
137.78,126.693,126.385,154.235
137.79,127,125.865,151.73
137.8,127,126,150.731
137.81,126,125.135,152.135
137.82,126,124.135,153.675
137.83,126.133,123,154.601
137.84,128.135,122.27,148.135
137.85,128.866,124.268,150.866
137.86,127,125.135,154.135
137.87,126.865,124.865,150.865
137.88,125.866,124.866,152.401
137.89,125.135,124.865,155.73
137.9,126.135,124,151.541
137.91,128,123.865,148.269
137.92,128,124.865,158.057
137.93,128,124,151.133
137.94,127,124,151.462
137.95,127.866,124.268,154.268
137.96,125.743,124.513,154.052
137.97,124,125,157.485
137.98,124.256,126.744,153
137.99,127.256,125.744,154.513
138,128.256,124.744,151.948
138.01,130,123,151.23
138.02,128.744,124.744,149.256
138.03,126.744,124.256,153.513
138.04,125.692,124.615,155
138.05,126,125.85,154.85
138.06,127,123.269,153
138.07,128,124.734,149
138.08,129.135,124.269,154.193
138.09,130.85,124,149.301
138.1,130,124.135,146.673
138.11,128.867,123.4,156.066
138.12,127,124.268,147.803
138.13,126,124.134,153.063
138.14,126.934,125,147.934
138.15,127.924,123.924,149.153
138.16,128.923,122.846,154.306
138.17,129.134,122.134,147.073
138.18,129,122.134,151.465
138.19,128,125,150.714
138.2,127.866,125.866,146.537
138.21,126,125,151.928
138.22,126.134,124.866,149.075
138.23,126,124,153.599
138.24,127,122,155.134
138.25,127,123,150
138.26,128,122.269,149.866
138.27,127,124.964,150.181
138.28,127,124.298,153.512
138.29,125.911,124.732,151.447
138.3,124,124.821,158.553
138.31,124.089,124.089,155.911
138.32,125.089,124.821,156.642
138.33,126.648,123,151.057
138.34,127.923,124.077,151.923
138.35,128,122.265,147.795
138.36,127.078,123.922,152.767
138.37,126,124.744,156.488
138.38,126,125.744,152.744
138.39,126.256,125.256,155.233
138.4,128.256,125.488,149
138.41,128.744,124.744,147.488
138.42,127,123,155.512
138.43,127,123.511,151.744
138.44,127.256,124.256,152.256
138.45,129.255,123.745,153.255
138.46,130,125.51,144.214
138.47,128.744,125.256,150.512
138.48,126.488,126.256,151.023
138.49,125.256,126,152.744
138.5,127.256,126.744,153.512
138.51,129,126,148.49
138.52,128.779,125,153
138.53,127.911,126,147.266
138.54,127,126.91,157.82
138.55,127.131,125.737,153.737
138.56,126.737,122.263,151.737
138.57,126.264,122.791,155.318
138.58,127.264,125.264,146.209
138.59,128.736,125.736,148.318
138.6,127,125.736,149.527
138.61,127.736,125.473,152.363
138.62,126.736,124.791,150.953
138.63,125.263,125,156.156
138.64,127,124,151.528
138.65,128,125,150.055
138.66,128.737,124,151.946
138.67,127.263,124,151.527
138.68,128,124,151.527
138.69,128,124.527,151.263
138.7,125.737,125.263,153
138.71,124.261,124,150.784
138.72,125.256,125.233,151.489
138.73,127,123.744,152.769
138.74,127,122,156.657
138.75,127.108,123.323,150.539
138.76,127,123,153
138.77,127,124.255,154.745
138.78,126.744,124.256,154.233
138.79,127,126.256,149.767
138.8,126.254,126,153
138.81,126.077,125.077,155.768
138.82,127,125,150.744
138.83,128,123,150.487
138.84,128,123.255,151.276
138.85,127.744,123.488,157.488
138.86,127,122.153,151.46
138.87,127,123,155.533
138.88,127,123,152.334
138.89,127.089,123.089,151.268
138.9,129.089,124,150.822
138.91,130,125.089,151.644
138.92,128.745,124.255,149.51
138.93,127,125,150.255
138.94,128,123.255,148.511
138.95,127.744,123.744,151
138.96,126.255,125,153.49
138.97,128.256,124,153.978
138.98,128.745,124.255,153.277
138.99,128,123.255,152.957
139,128,126,156.535
139.01,127,123.51,145.255
139.02,127,124.255,156.979
139.03,126,124,150.788
139.04,126,125,153.425
139.05,127,126.488,153
139.06,126.742,124,151.71
139.07,126,123.078,151.687
139.08,126.266,124.133,154.805
139.09,128.867,123.867,148.398
139.1,128,126.869,149.262
139.11,129.133,123,151.071
139.12,128.866,125,145.205
139.13,128,127.272,156.196
139.14,128,125.745,146.044
139.15,127.255,124.49,148.255
139.16,129,123,153.702
139.17,127.489,125.489,150.79
139.18,125.255,124.255,157.235
139.19,127.255,123,150.745
139.2,128,123.255,149.021
139.21,127,123.255,152.489
139.22,126.078,124.922,148.233
139.23,126,127,152
139.24,125,126.094,152.906
139.25,126,124.924,150.152
139.26,126,124,153.514
139.27,126,123,150.386
139.28,126.306,123.306,153.611
139.29,127,125.66,155
139.3,128.107,123.893,147.214
139.31,129,123.921,152.685
139.32,129,125.912,149
139.33,128.434,125,150.132
139.34,126,122.745,151.019
139.35,126,125.255,158.215
139.36,126.369,125.631,151.525
139.37,127.178,125,148.467
139.38,130,123.067,145.336
139.39,131,125,149.135
139.4,127.734,125.133,149.664
139.41,125.347,125.347,155.307
139.42,126.255,124.255,152.02
139.43,127.117,124.883,144.883
139.44,127.886,124.114,144.114
139.45,128.096,123,145.054
139.46,128.596,122.404,145.191
139.47,129,121.608,146.392
139.48,126.893,125.107,155.893
139.49,125,124.021,149
139.5,125,128.235,153.51
139.51,126.255,125.491,146.491
139.52,127,124.255,152
139.53,127,124.078,152
139.54,127,123.235,155
139.55,125.079,124,153.238
139.56,125,125.062,155.654
139.57,126.532,125,151.278
139.58,128,123.353,149.707
139.59,126.466,124.466,153.872
139.6,124.117,121.469,156.704
139.61,124,123.157,157.235
139.62,126.436,126.218,156.09
139.63,128.07,126.07,151.372
139.64,128.524,126.524,147.283
139.65,128.979,126.979,143.193
139.66,126.388,124.537,156.45
139.67,123.038,125.962,157.85
139.68,123.752,125.248,154.993
139.69,130.107,125,150.573
139.7,130,125,148.255
139.71,128.746,122.254,153.272
139.72,127,123.491,153.745
139.73,127,122.255,155.745
139.74,128.263,124,151.737
139.75,131,126.088,149.737
139.76,130.736,124.868,152.736
139.77,125.868,124,148.583
139.78,125.106,122.211,154.155
139.79,128.255,125,152
139.8,129.255,126,146.745
139.81,131,127.237,154.474
139.82,129.745,126.745,143.273
139.83,127.745,125,157.855
139.84,126.079,125,150.355
139.85,124,123.284,153.851
139.86,125.921,122.236,158.212
139.87,127.614,124,150.771
139.88,129,123.466,152.932
139.89,129,124,152.606
139.9,128,124.131,149.608
139.91,126.736,125.396,147.528
139.92,124,128.607,152.262
139.93,124.132,126.868,154.604
139.94,126,125.605,153
139.95,127.132,122.132,155.209
139.96,129,122,148.527
139.97,127.868,123.132,149.059
139.98,127,123.266,161.274
139.99,128.136,125.864,145.682
140,127.736,128.736,154.868
140.01,125.869,126.737,154.869
140.02,124,125,149.132
140.03,125,125,156.605
140.04,126.264,124,150
140.05,129.088,123.912,149.912
140.06,130,124.809,147.191
140.07,128.854,123.707,154.122
140.08,126.869,122.524,148.835
140.09,124,125,157.472
140.1,126.105,125.895,149.105
140.11,128,126.254,146.526
140.12,129,124.868,155.211
140.13,130,122.033,149.967
140.14,130,122.658,149.342
140.15,129.548,123,148.548
140.16,129,124.508,150.513
140.17,126.917,127.083,148.752
140.18,126,126.885,151.46
140.19,126,126.796,149.426
140.2,126,125.131,165.346
140.21,126,124.895,150.105
140.22,126,122.967,154.901
140.23,126,122.342,153.027
140.24,127.844,124.844,153.311
140.25,129,124.941,149.941
140.26,126.965,126,147.719
140.27,126.298,126,142.385
140.28,125.895,128,151.523
140.29,124.605,128.395,152.449
140.3,124,127.935,151.065
140.31,128,125.492,153.738
140.32,128.505,124.01,148.486
140.33,130,124,153.525
140.34,129,124.933,152.201
140.35,129,124.434,154.214
140.36,129.685,125.629,150.832
140.37,128.774,126.774,155.87
140.38,123.471,124.943,155.115
140.39,123.109,125,157
140.4,123.823,125,157
140.41,124.94,124.06,153.24
140.42,127.158,124,151.737
140.43,128,124,153
140.44,127.434,122.869,149.607
140.45,125,125.528,155.698
140.46,126.304,125.696,155.392
140.47,127,125,150.736
140.48,127.368,124.895,154.842
140.49,128,123.528,154.302
140.5,128.911,125,154.202
140.51,127.498,124.498,151.025
140.52,127,122.302,153.887
140.53,127,122.967,149.229
140.54,128,127,151.339
140.55,128,126.37,156.782
140.56,127.225,124.451,149.704
140.57,128.395,125,153.474
140.58,130.469,126.469,150.593
140.59,129,126,148.819
140.6,129,126,148.419
140.61,129,126,148.019
140.62,126.524,124,146.667
140.63,128,125,150.435
140.64,128,124.808,151.904
140.65,128,123,149.911
140.66,128,123,149.322
140.67,128,126,152.891
140.68,128,126,152.177
140.69,125,125.926,148.223
140.7,125.105,126.79,156.265
140.71,126.345,125,148.965
140.72,126.97,125,147.091
140.73,127,125,153.38
140.74,127,122.948,150.845
140.75,128,124.452,148.548
140.76,128,124.721,149.442
140.77,125.473,125.473,155.473
140.78,124.36,126,153
140.79,126,127,153.63
140.8,128,123.942,148.942
140.81,128,123.761,151.806
140.82,127.914,123.086,148.519
140.83,125.491,124.254,158.473
140.84,125.104,126.104,156.104
140.85,126,124.191,150.809
140.86,126.126,125,150.377
140.87,126.483,125,151.449
140.88,126.84,125,152.52
140.89,127,126,153.896
140.9,126.478,125.478,150.433
140.91,128.63,125.63,149.63
140.92,128.974,126.026,147.974
140.93,128.474,126.526,147.474
140.94,128,127,147.208
140.95,128,127,151.207
140.96,125.344,126,153.197
140.97,126.708,126,150.015
140.98,128.527,124.946,148.054
140.99,130,123,146.104
141,128,126.13,148.649
141.01,128,126.348,153
141.02,127,127.106,147.317
141.03,127,127.387,151.84
141.04,127.905,127.81,153
141.05,126.08,128.76,149.76
141.06,127,125.896,155.478
141.07,128.261,124.479,151.739
141.08,129,124,142.739
141.09,128.935,122.935,151.674
141.1,127,125,149.788
141.11,125.746,124.254,152.237
141.12,125,126.74,153.78
141.13,125.656,125,153.755
141.14,126.303,124,147.21
141.15,128,123.789,149.423
141.16,128,123.104,152
141.17,128,124.218,149.218
141.18,127.695,126,150
141.19,126.832,126,153.841
141.2,125.496,125.496,155.48
141.21,124,125,155.84
141.22,124,126,152.258
141.23,125,125.782,157.258
141.24,127.505,123.981,152.01
141.25,129.92,121.92,147.481
141.26,128.896,124,150.896
141.27,127.387,124.613,153.681
141.28,125.096,127.614,150.904
141.29,124,127.069,158.207
141.3,125,126.895,153.369
141.31,126.253,126.253,150.783
141.32,128,124.115,150.424
141.33,128.759,126,144.796
141.34,129.361,125.721,153.443
141.35,127.497,124.51,151.524
141.36,125,125.044,150.522
141.37,123.242,125.242,153
141.38,124,126.095,147.477
141.39,126,125.217,149.567
141.4,126.565,125.435,149.129
141.41,127,126.613,153.867
141.42,127,125,146.825
141.43,126.783,125,155.701
141.44,126,126.004,146.984
141.45,123.925,126.85,148.525
141.46,122,125.103,154.207
141.47,122.613,124.774,157.839
141.48,124,124.869,152.78
141.49,126,124,154.073
141.5,126,122.913,147.913
141.51,125.248,123.505,150.01
141.52,122.943,125,155.057
141.53,122,125,156
141.54,121,122.457,153.285
141.55,122.218,125.218,152.218
141.56,124.504,124.993,151.468
141.57,125.919,123,150.081
141.58,125,123.895,153.315
141.59,123.774,123.613,156
141.6,123,123.904,156.52
141.61,123,123.556,154.113
141.62,123.913,124.826,151.435
141.63,124,123.206,154.794
141.64,123.897,125,156
141.65,124,124.19,151.706
141.66,125,123,157.558
141.67,126,124.748,149.009
141.68,124.841,123.318,154.364
141.69,123.96,124.08,153.08
141.7,123.246,125.509,154.509
141.71,124,125.859,155.712
141.72,125.913,125.174,145.872
141.73,126.927,125.927,152.636
141.74,127.509,125.509,150.509
141.75,127.59,125.18,149.77
141.76,127,124.568,148.568
141.77,125,126,153
141.78,125.129,124,147.517
141.79,126.293,123.707,151
141.8,126.819,123.181,151
141.81,127.481,125.519,148.15
141.82,124,125.032,148.128
141.83,124,125.657,150.628
141.84,122.497,126.497,154
141.85,123.314,126,153.171
141.86,125,126.895,148.895
141.87,124.783,124.435,154.435
141.88,123.092,125.092,150.552
141.89,122,125.941,156.176
141.9,122,125.557,157.329
141.91,122,125.172,158.483
141.92,122,125,156.242
141.93,122.394,124.606,152.819
141.94,123,124,151.188
141.95,123,124,152.439
141.96,125.076,124.076,149.13
141.97,127,125.388,142.775
141.98,126.697,129,156.91
141.99,123.57,124.785,146.504
142,122.618,124.309,149.837
142.01,121,126.043,160.478
142.02,125.004,122.498,147.009
142.03,128.919,124.54,155.54
142.04,130.483,122.966,145.966
142.05,124.979,122.511,155.021
142.06,123.208,123.792,157.188
142.07,122.375,124.625,158.437
142.08,120,127.009,157.477
142.09,122.13,124.435,152.87
142.1,125.094,124,153.094
142.11,126,124.524,157.262
142.12,125.382,123.529,155.529
142.13,125.08,126,154.16
142.14,126.93,125.07,149.439
142.15,126,126,143.828
142.16,124.088,126.088,153.439
142.17,124,123.073,152.633
142.18,125.112,126,152.336
142.19,126.618,126.618,154.382
142.2,128.912,125.175,146.175
142.21,129,124.596,148.509
142.22,129,125.505,146.237
142.23,126.718,124,149.846
142.24,122.674,125.326,155.957
142.25,122.188,126.188,158.687
142.26,124.564,125.128,153.692
142.27,127.253,124.253,141.014
142.28,127.809,124.809,143.237
142.29,126.935,124.484,149.613
142.3,121.943,124.885,157.714
142.31,121.215,123.431,151.278
142.32,123.003,124.499,147.006
142.33,124,125.033,152.099
142.34,124,126.907,157.722
142.35,124,127,150.531
142.36,123.497,124.989,149.989
142.37,124,125.256,151.884
142.38,125.893,125,150.857
142.39,123,125.216,154.486
142.4,122.098,125.098,153.512
142.41,122.93,126,144.626
142.42,124,125.303,152.605
142.43,124.006,126.006,154.007
