84.26,127.494,126.506,149.506
84.27,127.585,126,149
84.28,127.493,125.985,148.985
84.29,127,126,151.351
84.3,127,126,148.245
84.31,127.858,126.858,152.147
84.32,127.356,127,152.356
84.33,127,127,150.121
84.34,127,126.664,148.68
84.35,127,125.332,154.671
84.36,127.504,127,152.009
84.37,128,126.503,149.492
84.38,128.501,127,149.001
84.39,129,127,150
84.4,128.356,126.356,148.069
84.41,128,125.999,149.003
84.42,128,125.333,151.669
84.43,128,125.596,148.193
84.44,128,125.747,153
84.45,128,125,150.649
84.46,127.504,124.496,151.489
84.47,127.581,124.419,151.256
84.48,126.997,125.003,151.997
84.49,126,124.598,155.803
84.5,126.467,124.467,154.197
84.51,128.016,125,148.064
84.52,129,124.598,152.598
84.53,128,124,152.501
84.54,126,125.336,154.678
84.55,126,126,154.664
84.56,128,126,153.017
84.57,128,124.501,154.502
84.58,128,124.467,153.467
84.59,128,124.714,153.141
84.6,128,124.192,151.577
84.61,128,124.577,152.732
84.62,128,124.962,153.886
84.63,128,126,150.67
84.64,128,126,154.277
84.65,128,126.835,150.835
84.66,129,126.002,150.006
84.67,128.304,126.304,149.519
84.68,129.402,125,151.988
84.69,131.502,125.003,147.006
84.7,131.221,124.442,147.442
84.71,127.494,124,156.026
84.72,126.502,124.502,152.505
84.73,128,124.997,153.488
84.74,128.8,125,148
84.75,128.133,125,148
84.76,128,123.853,156.147
84.77,127,123.67,151.674
84.78,127.859,124.141,153.282
84.79,128.748,125.252,152.742
84.8,127.218,126,149.782
84.81,127,125.191,152.427
84.82,126.044,123.956,148
84.83,127,123.674,153.392
84.84,127.413,124,147.134
84.85,127.414,124.586,153.586
84.86,127.089,124.089,152.354
84.87,128,124,151.487
84.88,127.374,124.626,150.877
84.89,128,125.916,153.833
84.9,128,125.5,153
84.91,128,125.083,152.167
84.92,126,124,157.402
84.93,126.412,123.588,155.94
84.94,127.001,123.002,153.002
84.95,128.626,125,154.374
84.96,126.943,125,155.943
84.97,126.388,125,155.388
84.98,127.204,125,153.796
84.99,129.203,126,150.797
85,128.795,124.898,152.102
85.01,127,124,153.31
85.02,127.064,124,155.552
85.03,127.689,124,151.175
85.04,128.503,124.252,149.252
85.05,129.503,124.752,149.752
85.06,127.698,125,153.472
85.07,129,124,149.435
85.08,129,123.246,149.246
85.09,127.393,124.786,149.821
85.1,127,124.92,154.682
85.11,127,124.657,153.629
85.12,127,124.394,152.577
85.13,127,124.131,151.524
85.14,127.008,124.008,148.025
85.15,127,125,153.32
85.16,126.393,125,149.787
85.17,126,123.995,155.968
85.18,127.213,123,153.247
85.19,127.393,123,149.358
85.2,127.815,123,156.336
85.21,127,123.095,149.095
85.22,126.975,124.025,150.228
85.23,126,124.161,156.484
85.24,126.435,123.435,154.304
85.25,127.746,126,153
85.26,127,126,154.088
85.27,126,125.999,153.003
85.28,127.428,124,151.575
85.29,128.615,124,147.155
85.3,129.999,125.998,150.996
85.31,129.857,125,148.713
85.32,127.401,125,149.802
85.33,128,124.087,148
85.34,128,124.92,148
85.35,129.493,124,151.493
85.36,129,124.828,149.758
85.37,128.964,125.964,148
85.38,128,125,150.496
85.39,128,125,153.253
85.4,128.04,124.96,155.757
85.41,129,124.431,150.431
85.42,129,124.907,150.907
85.43,127.137,124,149.453
85.44,127,125,151.183
85.45,127,125,151.486
85.46,127,125,151.789
85.47,127,124.062,154.877
85.48,127,124.65,153.701
85.49,126.088,124,155
85.5,126.92,124,155
85.51,126.194,124.806,153.985
85.52,125.004,127,156.008
85.53,125.718,127,157.435
85.54,127.746,124.508,149.983
85.55,126.95,125.95,157.15
85.56,126,125,157.415
85.57,126,125,154.559
85.58,126,125,151.703
85.59,125.191,125,154.046
85.6,128,123.255,155.235
85.61,128,124.505,151.485
85.62,127,124,156.987
85.63,127,124,157.648
85.64,127,124.176,154.824
85.65,127,124.611,154.389
85.66,127.208,124.896,154.417
85.67,129,124.209,157.896
85.68,127.993,125.007,157.97
85.69,126.005,125.005,154.014
85.7,127,125.913,157.043
85.71,128.292,124,153.478
85.72,129.265,124.265,151.53
85.73,129.791,124.791,152.583
85.74,129.885,125.885,155
85.75,129.658,125.658,155
85.76,129.431,125.431,155
85.77,129.204,125.204,155
85.78,129,124.008,154.008
85.79,129,124.696,153.174
85.8,129,124,149.64
85.81,129,124,151.745
85.82,130,125.746,149.985
85.83,126,126.956,158.868
85.84,127.217,125,152.565
85.85,127.488,125,152.025
85.86,127.758,125,151.484
85.87,128.104,124.896,150.481
85.88,130,126.991,147.037
85.89,127.254,125,152.971
85.9,128,125.129,147.129
85.91,128,126.379,148.379
85.92,128,126.826,149.521
85.93,128,126.482,150.555
85.94,128,126.137,151.59
85.95,127.004,126,144.039
85.96,127.996,126,152.996
85.97,127,125.997,152.003
85.98,126.998,125.002,152.995
85.99,126.409,125.591,151.819
86,128,125.981,149.943
86.01,126.987,124,152.454
86.02,125.85,123.85,148.85
86.03,125.637,123.637,148.637
86.04,125.425,123.425,148.425
86.05,125.212,123.212,148.212
86.06,125,123.002,148.009
86.07,125,123.573,150.866
86.08,125,124.145,153.724
86.09,125,124.716,156.581
86.1,125.457,125.152,153.305
86.11,126.957,125.652,154.304
86.12,127.951,126,150.098
86.13,126,125.808,155.192
86.14,126,125.332,155.668
86.15,125.998,124.002,150.01
86.16,125.582,124.418,152.092
86.17,125.165,124.835,154.174
86.18,127.979,125,156.856
86.19,127.67,125,147.32
86.2,128.464,125.464,150.179
86.21,130.997,125.005,148.015
86.22,130.409,126.181,151.543
86.23,129.325,127,154
86.24,127.193,127,153.193
86.25,127.565,127.565,154.13
86.26,128.607,126.785,153.178
86.27,129.536,126.536,152
86.28,130,127,150.786
86.29,129,126,147.103
86.3,128,126,151.963
86.31,128.491,126,151.981
86.32,128,126,150.107
86.33,127,127,155
86.34,127,127,153.996
86.35,127.004,126.992,148.996
86.36,128.005,125.01,148.01
86.37,129.969,127,151.99
86.38,125.013,126.961,157.909
86.39,125.725,124.824,152.923
86.4,128,127,150.575
86.41,127.485,126.485,154.029
86.42,126.632,126,155
86.43,124.995,124.01,155.995
86.44,124.625,124.751,155.625
86.45,124.254,125.492,155.254
86.46,126.01,125,155.99
86.47,126.676,125,155.324
86.48,127,127,152.74
86.49,127.713,127,150.427
86.5,126,126,155.007
86.51,127.573,125.287,150.14
86.52,130,124,150.629
86.53,128.762,124,149.19
86.54,127,125.927,154.71
86.55,127.307,125.614,154
86.56,127,126.786,152.786
86.57,127,125.652,156.74
86.58,127.558,124.885,149.769
86.59,128,126.235,153.765
86.6,128,124.482,147.963
86.61,127.242,125.758,153
86.62,127,126.241,153.759
86.63,127,126.76,152.96
86.64,127,126.017,154.017
86.65,128.227,125.453,147.68
86.66,128,126,151.914
86.67,128,125.308,149.729
86.68,128,124.759,151.207
86.69,128,125,153.345
86.7,128.759,125.759,152.554
86.71,129,125.498,152.996
86.72,129,125,150.272
86.73,129,125.013,148.493
86.74,127.566,124.867,149.434
86.75,127,126.673,151.327
86.76,129,126.673,151.655
86.77,128,126.662,149.974
86.78,128,126,153.96
86.79,128,125.33,146.642
86.8,128,125.766,150.298
86.81,128,125.018,148.053
86.82,127,125.655,153.345
86.83,127.217,124.217,154.35
86.84,127.931,124.931,152.207
86.85,129,126,149.494
86.86,127.982,125.018,154
86.87,125.482,126.035,153.07
86.88,125,126.327,150.635
86.89,127.345,126,150.655
86.9,128.758,125.758,149.484
86.91,128,126.241,151.793
86.92,126.494,126,156.011
86.93,126.608,126.392,152.253
86.94,127,126,152.13
86.95,128.993,125.993,150
86.96,127,126,152.041
86.97,127.744,124.744,156.976
86.98,126.616,124.769,152.462
86.99,126,126.731,157.193
87,127.207,126.413,150.62
87.01,128,126,149.122
87.02,128,126,146.949
87.03,128,125.897,145.618
87.04,127.992,124.992,156.958
87.05,125.005,126.005,153.016
87.06,126,127,154.181
87.07,127.003,128,149.018
87.08,128,127.588,154.794
87.09,127.853,126.853,150
87.1,125.792,125.208,155.624
87.11,125,126.862,152.829
87.12,126.122,126,155.878
87.13,127.298,126,154.702
87.14,128,126.288,152.559
87.15,128.005,126.995,149.005
87.16,126.978,125.022,151.044
87.17,126.294,125.294,153.706
87.18,128,127,150.008
87.19,128,126.139,151
87.2,127,126,152
87.21,128,126.807,149.774
87.22,129,126,147.613
87.23,127,125,151.759
87.24,127.607,125.213,148.82
87.25,128,126.606,152.577
87.26,128,126.67,151.33
87.27,128,125.583,152.417
87.28,127,125.392,150.392
87.29,127,125.136,147.136
87.3,127,125.802,147.802
87.31,126.967,125.967,153.067
87.32,125.496,126,154.992
87.33,125,126.302,154.603
87.34,125,126.801,155.603
87.35,127.566,125.132,147.868
87.36,126.536,124.928,152.248
87.37,124,124,152
87.38,125.509,125,155
87.39,126,125,152.079
87.4,127,124.241,152
87.41,128,124.724,150
87.42,128,123.815,150
87.43,127.967,123.067,150.1
87.44,127.644,123.712,151.068
87.45,127.322,124.357,152.035
87.46,126.984,125,152.969
87.47,125.665,125,152.674
87.48,125.249,125,154.756
87.49,127.994,124,153.999
87.5,126.089,124,153.522
87.51,124.183,124,153.046
87.52,124.201,126,153.799
87.53,124.601,126,153.399
87.54,125.004,126,152.993
87.55,126.18,126,150.64
87.56,125.004,124.013,154.008
87.57,126,127,155.801
87.58,127,127,154.774
87.59,127,125.793,151.983
87.6,127,124.93,151.07
87.61,127,124.585,151.415
87.62,127,124.24,151.76
87.63,125.015,125.008,150.03
87.64,127,126,148.001
87.65,127,126,148.359
87.66,127,126,148.718
87.67,127.416,126,151.08
87.68,128,125.648,152.241
87.69,128,125.148,149.74
87.7,124.662,126.324,153.662
87.71,127.03,126,150.03
87.72,128,126,151
87.73,128,126,151
87.74,128,126,151
87.75,127.855,126,151
87.76,127.141,126,151
87.77,125.777,125,151
87.78,126,126,151.95
87.79,126,126,147.666
87.8,126,126,147.249
87.81,126,126,152.815
87.82,126,125.498,152.996
87.83,125.832,125,152
87.84,125.276,125,152
87.85,125.006,125,153.946
87.86,125.992,127.992,151.012
87.87,123.594,126,154
87.88,123.407,125.407,151.593
87.89,124.387,125.387,151
87.9,125.676,125.324,151
87.91,126.121,125.758,152
87.92,125.756,125.512,152.732
87.93,125.486,124.971,153.543
87.94,125.215,124.431,154.354
87.95,124.925,124.15,155
87.96,124.555,124.891,155
87.97,124.184,125.632,155
87.98,125.431,125.431,152.862
87.99,124,127,151.673
88,124,126.181,154.638
88.01,124,125.806,154.03
88.02,124.366,124.634,152.634
88.03,125,125,152.027
88.04,125,123.563,153.125
88.05,125,124.606,152.03
88.06,125.508,125.508,149.016
88.07,126,125.665,151.004
88.08,126,125.249,152.254
88.09,125,125.407,151
88.1,125,125,155.138
88.11,125,125,151.434
88.12,125,125,147.731
88.13,124,125,149.132
88.14,125.129,124.624,154
88.15,126.379,124.207,154
88.16,126,125.374,149.374
88.17,126,126,149.287
88.18,124.488,125.512,151.558
88.19,124,124.594,154
88.2,124.403,124.806,150.597
88.21,125,125.648,150.703
88.22,125,125.149,151.703
88.23,126,126,148.65
88.24,126,126,150.791
88.25,124,126.748,151.748
88.26,124,125.915,150.915
88.27,124,125.081,150.081
88.28,124.026,126,152.895
88.29,125,125.355,147.71
88.3,124.567,126.134,153.669
88.31,124,124.849,152
88.32,124,124.349,152
88.33,123.811,124.189,152.378
88.34,123.186,124.814,153.628
88.35,123,125,154.797
88.36,123.81,125.405,152.38
88.37,123.496,126.504,153.008
88.38,123.507,125.507,153.03
88.39,124,125.174,151.348
88.4,124.112,123,147.112
88.41,124.668,123,147.668
88.42,125.447,123.447,151.131
88.43,124.494,124.506,153.517
88.44,123,126,156.631
88.45,123.865,127.73,154.595
88.46,123.198,126.397,152.595
88.47,123.39,126.39,152
88.48,123.946,126.946,152
88.49,124,126.356,153.932
88.5,125.134,124.732,153.496
88.51,122.862,126,153.862
88.52,122.408,126,153.408
88.53,122,126.026,153.289
88.54,122,126.283,156.109
88.55,122,126.539,158.929
88.56,122,126.795,161.749
88.57,122,126.192,160.362
88.58,123.989,128.022,150.022
88.59,123,129,153
88.6,123.422,128.578,152.155
88.61,123.948,128.052,151.103
88.62,126.146,126.854,150.28
88.63,126.784,124,151.811
88.64,124.22,123.22,153
88.65,123.585,125.171,153.585
88.66,125.606,124,150.788
88.67,126.187,124.373,151.12
88.68,126.419,124.838,152.515
88.69,126.652,125.303,153.91
88.7,126.884,125.769,155.306
88.71,128,125,154.884
88.72,125.178,125.564,146.614
88.73,123.001,125.001,152.004
88.74,123.436,125.436,153.309
88.75,123.872,125.872,154.615
88.76,124.387,126,152.84
88.77,125.156,126,150.531
88.78,125.926,126,148.223
88.79,126,124.366,150.451
88.8,125.203,124.797,152.594
88.81,125,124.003,149.509
88.82,125,124,154.921
88.83,124.439,125.122,150.756
88.84,124,125.992,153.968
88.85,122.607,124.607,152.787
88.86,122.496,125,152.496
88.87,123,125.581,155.323
88.88,124,125.149,152.596
88.89,124,125.649,154.595
88.9,124.27,126,155.189
88.91,125,126,148.053
88.92,125,126.665,149.995
88.93,124,124.729,150.729
88.94,124,124,151.98
88.95,123,125.45,153
88.96,123,125.004,155.988
88.97,125.497,124.993,151.974
88.98,126,125,151.509
88.99,125.4,124.4,152.8
89,125,124.841,148.159
89.01,125,124.441,148.559
89.02,125,124.041,148.959
89.03,125,125.297,150.297
89.04,123.605,125.605,161.605
89.05,124,126.339,152.339
89.06,124.596,123.809,152.427
89.07,125.725,123.725,150
89.08,128,124.35,143.299
89.09,128,125.526,140.948
89.1,127,125.729,152.707
89.11,126.011,125.989,152.084
89.12,125.003,126,145.02
89.13,123.993,127.993,158.947
89.14,124,126.465,148.258
89.15,125.395,126.697,144.303
89.16,126.405,125.19,151.329
89.17,125.108,126,148.971
89.18,123.34,125.68,152.701
89.19,123,126.683,149.878
89.2,123,128,153.952
89.21,124.997,125.009,156.021
89.22,126,126.003,151.985
89.23,126,126,150.197
89.24,125.01,125.01,151.99
89.25,121.015,124.992,155.923
89.26,120.324,126,155.352
89.27,122.139,125.139,154.139
89.28,123.794,126,155
89.29,125.795,125,146.23
89.3,125.433,124.866,152.134
89.31,123.881,124.881,154
89.32,123.481,124.481,154
89.33,123.081,124.081,154
89.34,123,125.994,149.017
89.35,124.394,126,148
89.36,126,126,148.028
89.37,125.205,127.41,155.156
89.38,122.804,124.196,162.609
89.39,122.561,124.439,162.122
89.4,122.318,124.682,161.635
89.41,122.074,124.926,161.148
89.42,120.009,126.991,149.052
89.43,121.99,126.293,158.141
89.44,126.986,122.724,158.855
89.45,121.869,126.421,159.656
89.46,121.496,126,151.025
89.47,122.697,126.697,149.394
89.48,124.787,124.607,156.46
89.49,126.348,124.348,148.561
89.5,126.848,124.848,145.061
89.51,125.575,126,145.751
89.52,124.752,129,151.474
89.53,123.676,128.352,159.083
89.54,127.263,124.868,153.737
89.55,128.596,124.202,152.404
89.56,131,125,140.44
89.57,126.386,123,147.643
89.58,122.257,126.743,151.228
89.59,119.658,124.685,159.425
89.6,120.054,125.027,154.865
89.61,120.609,125.305,153.477
89.62,121.165,125.582,152.088
89.63,121.72,125.86,150.699
89.64,124.215,124.81,156.621
89.65,119.677,126.338,153.354
89.66,118,126.648,160.929
89.67,118,125.826,164.551
89.68,119.394,125.697,159.122
89.69,120.605,126,154.578
89.7,121.474,126,151.103
89.71,124.802,125.802,154.616
89.72,122.023,127.965,151.965
89.73,120.329,126.341,157.695
89.74,123,125.282,151.422
89.75,123,126.71,153.565
89.76,127.711,124.43,153.007
89.77,131.497,124,148.497
89.78,128.298,124.433,147.567
89.79,123.025,124.025,155.013
89.8,122.051,124.949,152.152
89.81,121.099,125.901,149.298
89.82,121,124.007,146.011
89.83,121.297,126.297,160.517
89.84,128.493,127.753,151.986
89.85,126.817,127,148.394
89.86,123.576,126.576,154
89.87,122.148,125.148,154
89.88,123,126,148
89.89,124.401,126,150.993
89.9,124.906,126,148.472
89.91,126.982,126,150.982
89.92,127,125.602,150.602
89.93,127,125.202,150.202
89.94,126.008,125,147.024
89.95,125,124.37,146.445
89.96,125,124.834,145.75
89.97,125,125.297,145.054
89.98,125,125.761,144.358
89.99,125,124.167,147.446
90,125,127.197,153.623
90.01,125,127.414,152.105
90.02,125,127.631,150.586
90.03,125,127.847,149.068
90.04,124.703,127.407,148.89
90.05,123.594,126,149.783
90.06,125.603,124.699,146.699
90.07,126.842,124.158,146.791
90.08,126.614,124.386,147.928
90.09,126.387,124.613,149.064
90.1,126.16,124.84,150.2
90.11,123.032,125.984,152
90.12,124.994,125.335,151.335
90.13,125.007,125,151
90.14,124.234,125,148.701
90.15,122.503,126,153.018
90.16,124.134,125.622,149.488
90.17,126.496,125.496,149.481
90.18,127.709,126,147.745
90.19,126.014,123.056,146.084
90.2,123.026,125.974,153.909
90.21,122.004,124.008,154.996
90.22,122,124.996,155
90.23,122.37,124.63,154.37
90.24,128.187,124.813,150
90.25,131,125.439,142.878
90.26,131,124.709,143.545
90.27,127.214,127,151.786
90.28,124.845,126.845,148.31
90.29,124.532,126.532,148.935
90.3,124.22,126.22,149.56
90.31,123,126.606,151.818
90.32,129.505,123.505,144.495
90.33,128.506,122.494,147.011
90.34,126.259,123.741,148
90.35,124.259,125.741,149.446
90.36,124,125.741,153.777
90.37,126.741,126.741,153.223
90.38,127.741,125,150.741
90.39,129.755,124.49,151.224
90.4,128.259,124.259,141.482
90.41,124.775,124.742,157.225
90.42,121.259,125,150.778
90.43,119.259,126,161.185
90.44,119.74,125.26,155.781
90.45,121.982,125,157.018
90.46,125.981,124,158.49
90.47,127.508,124.508,150.523
90.48,126.259,125,156.962
90.49,124,126.739,152.306
90.5,122.259,126.482,153.187
90.51,121,128,159.742
90.52,122.741,127.259,151.294
90.53,124,127.259,158.704
90.54,125,126,151.114
90.55,126,126.482,152.223
90.56,126.742,126.742,152.742
90.57,125.26,126,149
90.58,125,127,157.254
90.59,126.765,126.53,153.704
90.6,127.766,126.766,156.832
90.61,130.531,125.234,154.406
90.62,129.235,125,149.47
90.63,128,125,152.529
90.64,127,124.764,148.708
90.65,126,126.235,151.825
90.66,127,126.765,152.647
90.67,127,127,149.471
90.68,127,126.766,153.062
90.69,127.764,126.764,145.707
90.7,128.764,126.472,142.472
90.71,131,126,151.753
90.72,128.518,125,145.482
90.73,124.521,125.26,152.781
90.74,123.259,126.741,156.964
90.75,124,126.741,149.294
90.76,126.485,125.258,149.742
90.77,128.741,124,144
90.78,130.407,124.407,149.407
90.79,127.675,124.663,154.314
90.8,123.689,125,153.655
90.81,122.258,126.742,152.775
90.82,122,129.241,151.962
90.83,123.661,127.339,149.339
90.84,126.659,125.659,150
90.85,128.66,123.681,148.021
90.86,127.01,123.486,148.961
90.87,122.224,124.592,152.408
90.88,119.34,124.981,155.302
90.89,119,129.314,156.372
90.9,122.32,127.34,156.32
90.91,125.966,125.034,154.585
90.92,130.32,121.66,145.058
90.93,132.34,122.66,140.936
90.94,127.679,123.34,149.076
90.95,122.68,125.66,156.898
90.96,119.344,127.969,156.062
90.97,120,128.345,157.345
90.98,124.328,131,149.319
90.99,129.98,129,153.1
91,132.44,126.56,136.76
91.01,129.517,125,145.967
91.02,124.52,127.74,149.74
91.03,121.259,128,158.962
91.04,120,128,162.481
91.05,122.219,127.52,158
91.06,128.223,124.518,154.33
91.07,133.184,121.816,150.592
91.08,133.011,121.011,145
91.09,127.526,121,150
91.1,120.779,123.481,155.144
91.11,119.741,126,161.776
91.12,121.74,127.74,157.74
91.13,125.481,129,156.74
91.14,130.217,126.522,157.044
91.15,132,124.52,144.26
91.16,129.518,124,150.518
91.17,125.521,122.739,147
91.18,121.471,126.293,154.057
91.19,121.735,126.47,158.265
91.2,123.741,126.741,155
91.21,127.216,126.478,155.955
91.22,132.219,125.26,152.822
91.23,135,124,144.781
91.24,129.043,123,148.478
91.25,123.518,123.741,151.482
91.26,121,125.482,158.223
91.27,122.48,126.74,156.52
91.28,125.739,127,152
91.29,128.74,128,152.26
91.3,131,125.52,148.78
91.31,129.261,124.261,148.261
91.32,127.72,124.64,149.919
91.33,124.912,124.912,154.561
91.34,124.005,124.005,150.023
91.35,125.24,126,152.76
91.36,127.24,127.76,151.041
91.37,128.32,124.68,149
91.38,129,124,149
91.39,127.511,124.511,146.489
91.4,126.021,124.511,151.979
91.41,124.5,124.5,150.5
91.42,124.66,125.66,150.68
91.43,126,126,154.32
91.44,127.659,127,148
91.45,129.66,127,151.34
91.46,129.34,126.34,145.34
91.47,127.34,126.34,148
91.48,125,125.341,151.341
91.49,124,126.321,152.981
91.5,123.658,125.658,155.316
91.51,124.657,125.343,152.685
91.52,127,124.34,148.34
91.53,127,125.319,152.703
91.54,127,125.314,150.627
91.55,125.341,125.659,152.341
91.56,124,126,155.66
91.57,123,126,153
91.58,124,127,156.022
91.59,125.66,127.34,151.34
91.6,126.659,127.659,150.319
91.61,128,127,152.66
91.62,127.34,125,146.68
91.63,126,125,155.296
91.64,124.341,124.659,152.341
91.65,124.659,125.659,153.659
91.66,125.565,125.435,154.435
91.67,126.493,126.507,153.986
91.68,128.479,125.042,152
91.69,130,124.682,151.41
91.7,128.34,124.34,152.617
91.71,126.34,125,152.701
91.72,125,125.659,151.659
91.73,125,126.659,156.638
91.74,126.659,126,153.046
91.75,129.66,127.34,152.681
91.76,130,126.681,152.362
91.77,128.341,125,148.319
91.78,126.344,124.344,153.968
91.79,125.625,124,152.501
91.8,126.682,124,155.094
91.81,128,125,147.905
91.82,129.682,127.318,153.318
91.83,130,126,149.683
91.84,128.318,126.364,150.272
91.85,127,125.636,154.776
91.86,127,124.638,149.234
91.87,127,126,153
91.88,128,126,151.637
91.89,128,126,148.364
91.9,128.682,125,149.045
91.91,129,125.318,151.911
91.92,127.318,125.365,147.729
91.93,127,124,153.953
91.94,127,125,146.682
91.95,127,126.682,151
91.96,127,126,152.315
91.97,127,126.682,149.318
91.98,127,126.341,153.317
91.99,127,126,146.022
92,127,125.341,150.318
92.01,126.342,126,151
92.02,125.345,125,153.311
92.03,125.659,125,154
92.04,127,124,147.706
92.05,128,124.341,153.611
92.06,127,123.344,149.719
92.07,125.341,124.341,155.341
92.08,125,124.435,152.129
92.09,124.493,124.987,151.52
92.1,125,124.492,151.97
92.11,125,126,152.659
92.12,125,126,153
92.13,125.659,127.659,154.023
92.14,126.659,126.341,150.365
92.15,127,126,151.658
92.16,127,126.318,151
92.17,126,124.659,153
92.18,124.341,125,157.611
92.19,124.659,124,154.705
92.2,126.328,126.328,152.008
92.21,127.659,127,148.341
92.22,128,126.342,154.974
92.23,127.349,125.349,151.047
92.24,125.263,125.737,156.949
92.25,125,125.261,154.784
92.26,126,125.261,151.523
92.27,127.738,126,152.69
92.28,129,126,149.808
92.29,129,125.341,152.977
92.3,128,126,151.342
92.31,127.341,125.341,154.023
92.32,126,125.315,150.972
92.33,126.659,126,152.682
92.34,127.659,126.659,150.341
92.35,128.657,126,153.657
92.36,130,125.658,150
92.37,129.436,125.564,149.564
92.38,128,127,151.366
92.39,127,127,149.366
92.4,126.812,126,154.623
92.41,127,125.262,154.738
92.42,128.739,124.261,148
92.43,129,125,155.213
92.44,128,124.262,148.787
92.45,127.262,125,151.048
92.46,126,125.262,152.688
92.47,126,125,149.525
92.48,126,125.523,154.477
92.49,127,126,150.262
92.5,127.263,126,150.789
92.51,127,125,150.211
92.52,127,125,148.976
92.53,127,125.739,152.217
92.54,126,125.744,150.511
92.55,126,125,151.742
92.56,126.738,124.524,150.262
92.57,127,125,150.263
92.58,127,125.738,151.476
92.59,126.261,126,152.261
92.6,125.36,126.64,152
92.61,126,126,152.674
92.62,126,126,151.008
92.63,126,124.511,152.489
92.64,126,125.512,152.512
92.65,126,125.512,152.488
92.66,126.487,125,153.026
92.67,127,124.487,148.974
92.68,127,124,150.513
92.69,126.35,124,153.65
92.7,126,124.659,154.293
92.71,126,124.659,153.024
92.72,126.657,124.686,151.314
92.73,127,125,149.334
92.74,127.342,125.658,149.684
92.75,127,125,149.975
92.76,126,124.659,154
92.77,127,126,152.974
92.78,127,126,154
92.79,127,125,151.342
92.8,127,125.342,151.658
92.81,127,125,152.683
92.82,127,124.657,151.971
92.83,126.658,125.658,155
92.84,126,125,152.342
92.85,125.436,125.564,152.128
92.86,125.492,125.492,158.525
92.87,127,125.492,152.476
92.88,127,125.344,153.968
92.89,127.658,125,153.712
92.9,127.342,125,154.291
92.91,126.342,125,153.975
92.92,125.341,125.683,153.707
92.93,125.658,126,153.605
92.94,126.658,126,151.369
92.95,128.658,124.684,150.684
92.96,129,125.306,151.958
92.97,129,124,151
92.98,127.344,125.656,151.312
92.99,126.358,125,153
93,127,124.669,149.334
93.01,127.666,125,151.334
93.02,129.667,125,152.667
93.03,129.334,125,147.334
93.04,128.334,125.332,153.329
93.05,128,126,150.334
93.06,126.334,126.666,149.668
93.07,126,127,157.332
93.08,127,127,151.33
93.09,127.333,126.667,154.334
93.1,127.334,125.334,152.664
93.11,127,123.334,151
93.12,127,123.334,152.666
93.13,127,124,146.68
93.14,127,126,149.48
93.15,128,125.169,152.169
93.16,128,125.74,152.74
93.17,126,126.004,154.008
93.18,126,126.774,155.548
93.19,126,125,151.482
93.2,127,124.659,148.341
93.21,127,124,150.628
93.22,126,125,152.691
93.23,127,125.512,149.953
93.24,127,126.709,149.872
93.25,127,126,152
93.26,127,126,152
93.27,127,126,152
93.28,127,126,152
93.29,127,124,151.721
93.3,127.691,124.691,152.382
93.31,127,124.672,147.31
93.32,126,125.414,152.311
93.33,126,125.411,155.822
93.34,126,124.438,153.315
93.35,126.614,126,153.772
93.36,127,125,152.704
93.37,127,124.966,151.171
93.38,128.009,123.496,154.487
93.39,129,123.69,148.172
93.4,127,125.483,153.551
93.41,126,126,151.93
93.42,125.517,125.483,153.067
93.43,126.517,126.483,152.449
93.44,127,124.512,150.537
93.45,127.518,124.035,153.588
93.46,128,125.551,155
93.47,127.483,124.517,153.035
93.48,127,124.277,151.106
93.49,126,125.675,149.325
93.5,126,127,155.624
93.51,126,126,152.649
93.52,126,126.452,152.262
93.53,127.765,126.235,153.173
93.54,128,125.989,147.989
93.55,128,126,154
93.56,127.233,126,150.931
93.57,126,126,151.495
93.58,126.479,125.521,153.042
93.59,127,124,150.982
93.6,127,125,154.356
93.61,127,125.983,152.965
93.62,128,125.019,145.112
93.63,129,126.973,155.932
93.64,129,125,149.007
93.65,126.99,126.99,152.02
93.66,126,124,155.999
93.67,126.998,126.996,146.01
93.68,127.998,127,151.998
93.69,128,124.986,151.986
93.7,127.002,124,148.006
93.71,127.999,124.001,158.992
93.72,127,124,141.04
93.73,127,125,151.883
93.74,128,125,151.058
93.75,127,126.977,147.977
93.76,127,124.991,157.962
93.77,127,126,149.99
93.78,127,126,154.022
93.79,127,125.494,153.444
93.8,127,125.995,149.005
93.81,128,125,153.994
93.82,128,125,148.981
93.83,127.027,124.027,151.864
93.84,126,125.963,155.094
93.85,126,126.976,151.952
93.86,126,124.98,152.02
93.87,128.983,123.966,150.051
93.88,129.667,124,146.665
93.89,127.829,123.829,155
93.9,127.005,123.005,155
93.91,125,126.515,155
93.92,125,125.485,156
93.93,125,127,152.514
93.94,126.485,125.515,158
93.95,127.517,124.483,150.483
93.96,129,124,150.97
93.97,128.352,124,153.461
93.98,126.449,124.449,152.305
93.99,125.411,125.589,155.411
94,126,125.382,153
94.01,126,125.485,154.03
94.02,127,124.502,155.003
94.03,128,124.277,151.277
94.04,129,124.998,153
94.05,128,124.999,150
94.06,127,126.997,154.988
94.07,127,126,150.006
94.08,127.008,126.008,152.008
94.09,128,125.042,153.979
94.1,129,124.021,150.124
94.11,129,124.018,155.853
94.12,129,124.686,153.8
94.13,128.016,125.984,150.016
94.14,127.011,125.989,153.011
94.15,128,125.982,151.054
94.16,128,126,149.941
94.17,128,125.019,153.056
94.18,128,126,151.04
94.19,128,127.026,154.869
94.2,128.012,126,148.012
94.21,129.005,124.995,146.99
94.22,129.003,124,152.979
94.23,128.003,125,152.003
94.24,127,124.989,153.989
94.25,126.998,126,157.99
94.26,127,126,149.516
94.27,128.52,126.52,147
94.28,129,125,150.477
94.29,127.005,125.005,149.018
94.3,126.001,126,155
94.31,126.598,127,156
94.32,127.554,126,147.446
94.33,128.545,126.455,152.09
94.34,128.276,126.276,148.828
94.35,127,124,150.722
94.36,127,124,156.575
94.37,128,123.713,148.574
94.38,128,125.114,151.59
94.39,127.287,126,150.138
94.4,126,125,149.286
94.41,127.713,125.287,153.575
94.42,128,124,147.287
94.43,128,126.713,153.287
94.44,128.715,126,150.57
94.45,125.574,126.713,150.139
94.46,125,126.287,156.287
94.47,126.713,126,150.148
94.48,127.713,125.287,149.138
94.49,129,125.287,156.287
94.5,128.287,124.287,149.862
94.51,126.287,125,156
94.52,125.713,124,152.575
94.53,126,125.713,151.564
94.54,127.697,124.606,152.213
94.55,128,123.288,151.288
94.56,128,124,152.424
94.57,127.287,123.287,154.009
94.58,126,125.137,154.562
94.59,126.713,126.427,153.433
94.6,128,127,150.501
94.61,128,126,151.993
94.62,128.996,124,153
94.63,129.997,125,151.997
94.64,129,125.002,150.994
94.65,128.002,126.002,149.007
94.66,127,127,152.004
94.67,127,125.002,156.991
94.68,127.996,123.996,150.004
94.69,128.995,125,155
94.7,129,123,153.979
94.71,128.012,124.988,149.058
94.72,127,124.004,155.988
94.73,127,126.597,151
94.74,127.492,127,154.508
94.75,128,126,155.401
94.76,128,125.597,149.403
94.77,129,124.575,155.287
94.78,128,125.712,151
94.79,127,125,150.889
94.8,127,125,150.889
94.81,127,126,150.724
94.82,128,125,151.446
94.83,128.723,124.723,148.554
94.84,130,125,150.168
94.85,129,125.446,150.339
94.86,128,125.277,150.832
94.87,128,124.554,151.893
94.88,127.277,125,153.109
94.89,127.723,125,152.723
94.9,128,123.554,152.169
94.91,128,124.723,150.554
94.92,128,125,153
94.93,128.277,124.723,152
94.94,126.277,126.168,153.723
94.95,126,126,156.723
94.96,127,126,148.556
94.97,128,126.276,151.553
94.98,128.723,126,153.277
94.99,128,125.722,148
95,127.277,124.555,149.723
95.01,125.277,126.277,154.554
95.02,125,126.277,152.554
95.03,126,127,153.554
95.04,127.723,125.555,152
95.05,129.687,123.313,150.374
95.06,129.555,123.277,149.942
95.07,128.277,124,149.17
95.08,128,126,153.168
95.09,127,125,149.384
95.1,127.632,125,154.161
95.11,127.382,124.765,153
95.12,128,126,155
95.13,129,125,150
95.14,128,124,146.008
95.15,128.002,124.002,152
95.16,128.67,124.67,152
95.17,127.828,126,150.344
95.18,127,126.026,152.051
95.19,128,127,152.431
95.2,128,126.486,151.543
95.21,129,125,151.486
95.22,129,124,150
95.23,127.486,124,154.543
95.24,126.278,124,151.388
95.25,127,125.446,151.446
95.26,128,125,151.555
95.27,128.277,125,151.554
95.28,128,125,152.613
95.29,128,125,154.107
95.3,129,126.445,152.167
95.31,128,126,150.445
95.32,128,126,151.555
95.33,126.277,125.277,150.723
95.34,126,126.719,155.597
95.35,126.723,125.277,151.385
95.36,128.722,125.278,151.722
95.37,129,126,150.831
95.38,129,124.722,148
95.39,127.278,125,154.61
95.4,127,123.722,152
95.41,127,124,153
95.42,127.632,125.368,153.368
95.43,128,124.51,151.019
95.44,128,125.509,152.547
95.45,127.388,124.388,151.104
95.46,126.277,124.723,152.17
95.47,127,127.722,152.278
95.48,128,126.445,148.388
95.49,128.722,126,150.776
95.5,128,126,151.111
95.51,128,126.444,148.556
95.52,128,126.722,154.054
95.53,128,124.277,149.665
95.54,127.506,125.494,153.022
95.55,127.51,125,152.98
95.56,127.008,126.992,148.024
95.57,128,125.991,154.983
95.58,128,125.992,148.016
95.59,127.997,126.003,153.003
95.6,127,126.006,154.994
95.61,127,125.004,150.013
95.62,127.994,126.006,154.982
95.63,128,126.008,150.054
95.64,128,125.992,154.98
95.65,127,125,152.012
95.66,127,125.993,148.993
95.67,127.996,126.991,152.991
95.68,127,125,150.02
95.69,126,125.991,153.986
95.7,127.992,126,155.023
95.71,128,125.006,149.025
95.72,128,125.987,155.975
95.73,128.995,126.985,151.005
95.74,127.005,125.995,152.98
95.75,127,126,154.014
95.76,127,126,152.006
95.77,127.995,126,150.991
95.78,128.006,125.006,153.019
95.79,127.006,125.006,152.989
95.8,127,125.008,153.054
95.81,128,125,154.972
95.82,128,125.992,151.975
95.83,128.006,126,151.024
95.84,127.007,126.993,151.98
95.85,126.994,126.994,155
95.86,127.992,126,150.008
95.87,128,127.99,153.98
95.88,128.994,128,154.006
95.89,129,126.994,148.018
95.9,128,127.008,152.992
95.91,127.007,124.022,152.015
95.92,127.008,125.008,150
95.93,128.994,126.006,151.011
95.94,128.009,127.991,149.036
95.95,128,128.987,152.956
95.96,128,127,153.029
95.97,127.006,126.006,151.972
95.98,127,126.015,153.029
95.99,128,126.008,151.04
96,129,125.993,149.98
96.01,128,126.007,156.979
96.02,127,125.007,148.028
96.03,126,127.991,155.991
96.04,127.008,126.992,152.967
96.05,128,127.99,150.99
96.06,128.994,126,149.994
96.07,129,126,149.01
96.08,128,126.993,149.007
96.09,128,125.971,154.853
96.1,127,126.008,150.992
96.11,126.992,127,153
96.12,127,127,150.016
96.13,127,127,153.013
96.14,127,125.596,155.169
96.15,128,127,150.055
96.16,129,126.504,152.964
96.17,127,125.989,150.006
96.18,126.007,126,158.978
96.19,126.992,125.008,154
96.2,126.993,125.993,152.042
96.21,127.995,126.995,155.985
96.22,129,127.986,146.035
96.23,128.005,126,149.965
96.24,126.009,127,150.036
96.25,126,127,150.015
96.26,125,126.011,154.977
96.27,126.995,126,155.011
96.28,128.992,125.023,149.038
96.29,130,124.007,154.971
96.3,128.008,124.992,153.023
96.31,128,125.989,155.968
96.32,128,125,153.023
96.33,126.006,125,154.983
96.34,126,126,155.984
96.35,127,126.994,151.04
96.36,127,125.005,157.967
96.37,128.994,125,152.04
96.38,129.008,126,149.023
96.39,128.009,126.983,152.974
96.4,126.009,127.983,152.017
96.41,125,127.993,157.967
96.42,125.991,126,153.018
96.43,127.993,127,151.007
96.44,128.712,126.288,151.712
96.45,131,124.331,151.331
96.46,131,125.997,152.997
96.47,128,124.488,153.732
96.48,128,127,151.78
96.49,128,126.652,151.305
96.5,128.494,127.494,151.494
96.51,129.498,127,149
96.52,128.289,125.578,153
96.53,128.711,125.711,150.868
96.54,130,126,149.267
96.55,128.289,126,153.289
96.56,127.289,126.711,153
96.57,126,127.289,151.578
96.58,127.711,126.711,152.132
96.59,129.711,127.711,150.866
96.6,129.29,127,151.552
96.61,127.289,127,150.157
96.62,126.289,126.578,157.133
96.63,126,126,150.86
96.64,126.711,126.711,153.289
96.65,129.711,126.289,147.711
96.66,129.289,127.711,150.157
96.67,128.29,126.71,153.263
96.68,126,126.424,150.576
96.69,125.71,127,154.42
96.7,127.711,126.289,146.445
96.71,128,126,151
96.72,129,125,151.131
96.73,129.289,126,150.155
96.74,127.378,127,149.487
96.75,126.496,127,153.025
96.76,127.496,127.496,148.993
96.77,128,126.289,149.289
96.78,128,125.71,152.421
96.79,127.717,125.717,150.717
96.8,129,124,152
96.81,128,126.711,153.133
96.82,127,125.579,153.711
96.83,126.289,126.289,148.023
96.84,127,127.289,150.711
96.85,128,126,153.711
96.86,127,125.712,151.288
96.87,126.289,126,156.422
96.88,126,125.71,152.579
96.89,127,126.71,153.841
96.9,127.71,125.29,151.74
96.91,127.289,126.711,154.843
96.92,126.29,126,155.58
96.93,125.289,124.711,154.289
96.94,125,125,158.421
96.95,126.71,125.71,153
96.96,127.711,126,151
96.97,128.711,125.289,152
96.98,129,125.288,148.85
96.99,128.29,126,154.16
97,127.29,126.29,150.84
97.01,127,127,154
97.02,127.712,126.288,150.576
97.03,128,126,151.421
97.04,129.71,125.29,152.421
97.05,130,124.289,147.579
97.06,129.288,125.712,154.56
97.07,129,126.289,150.868
97.08,127.29,126.71,152.71
97.09,127.711,127.711,154.266
97.1,129,126.29,150.61
97.11,130,126.71,152.683
97.12,130,126.58,153.87
97.13,128.289,126.711,150
97.14,127,125.579,154.421
97.15,126.297,126.297,153.407
97.16,126,126.287,151.574
97.17,127.71,126,155.71
97.18,128,126,150.492
97.19,128,125.495,155
97.2,128,126,153
97.21,127.289,126.711,151.289
97.22,127,126,151.869
97.23,127.711,126.711,150.845
97.24,128.71,125.71,150.58
97.25,128,125.289,151.289
97.26,128,126,150.708
97.27,128,126.71,151.29
97.28,127.71,126,150.42
97.29,127.71,126.71,150.87
97.3,128.712,126,149.712
97.31,129.498,124.995,148.005
97.32,129.504,125.496,151.982
97.33,128.028,125,146.028
97.34,127,127,154.079
97.35,126.976,127,150.905
97.36,127.981,127.981,152.057
97.37,129,127,149.949
97.38,128.025,125.975,149.025
97.39,128,125,153.051
97.4,127,124.974,149.974
97.41,127,125.976,149.048
97.42,127.973,126,150
97.43,128,126,152.952
97.44,127,125.026,151
97.45,126.48,125.48,155.08
97.46,127.48,124.48,152
97.47,128,124.48,152.52
97.48,126.026,124.974,152
97.49,125.973,125.973,156.867
97.5,126,125.053,152.105
97.51,126,126.975,148.125
97.52,127,127,158.919
97.53,128,126.952,149
97.54,127.027,125.027,151.08
97.55,127,125,156.905
97.56,126,125,149.105
97.57,127.973,125.973,156.918
97.58,128,126,152
97.59,127.028,126,152.056
97.6,127.973,125.053,154.893
97.61,128,126.051,149.025
97.62,128,126.028,153.028
97.63,128,125.975,149.025
97.64,128.973,126.027,152.919
97.65,129,127,151.952
97.66,129,127.026,146.132
97.67,129,127.974,154.896
97.68,129,126,148.109
97.69,129.954,126.907,151.768
97.7,130,126,148.025
97.71,129.025,126.949,149.898
97.72,128.291,126.291,152.834
97.73,128,125.167,153.333
97.74,128,125.993,154.986
97.75,128.961,127.039,154
97.76,130.52,126.04,146.08
97.77,128.516,126.516,147.936
97.78,127,126,154.085
97.79,127,126.479,148.521
97.8,127,127.521,154.917
97.81,126.296,128.704,151.186
97.82,126,128,152.702
97.83,126,126.703,157.703
97.84,125.702,126.702,150.298
97.85,126.706,127,159.413
97.86,127.702,125,145.087
97.87,127.453,125.547,147.453
97.88,127,126.585,150.512
97.89,125.297,126.703,154.297
97.9,125,126,157.702
97.91,126.703,126,156.297
97.92,128,125,151.702
97.93,128,125.028,153.055
97.94,128,123.514,148
97.95,126.416,123.416,151.584
97.96,126,123,155.146
97.97,127.704,125.408,149.887
97.98,128,125,156.513
97.99,127,127.703,153.892
98,126,126.298,159.81
98.01,129.402,124.598,154.897
98.02,131,124.702,148.786
98.03,129.297,124,154.811
98.04,126.298,124.702,149.595
98.05,124,125.703,158.514
98.06,125.7,126.7,153.6
98.07,127.703,127,151.188
98.08,129.703,126,152.406
98.09,131,125,150.891
98.1,129.297,125.703,152.513
98.11,127.3,123.3,152.4
98.12,127,123.298,150.19
98.13,128,126,150.189
98.14,129,126,151.808
98.15,129,126,150.043
98.16,129.026,125.052,151.104
98.17,128.028,126,150
98.18,128.974,125.947,153.947
98.19,129.975,125.975,150.975
98.2,128.028,125.028,149.028
98.21,129,126,151.079
98.22,128,126,151.858
98.23,128,127,152.076
98.24,128,126,149.113
98.25,128,127,150.944
98.26,127.028,127,151.917
98.27,127,126.027,150.027
98.28,127.974,126.974,148.051
98.29,127.974,127,152
98.3,128.971,125.971,150.057
98.31,128,127.974,152.846
98.32,127,126.028,148.142
98.33,127,126.031,150.939
98.34,127.972,125.056,146.112
98.35,128,125.028,152.028
98.36,127,125.056,148.944
98.37,128,126.026,151.158
98.38,127,126.971,149.912
98.39,127,126.973,150.947
98.4,127,127,151.063
98.41,127.973,127,148
98.42,127,127.944,153.944
98.43,127,125.993,148.03
98.44,127,127,153.884
98.45,126.027,126,151.027
98.46,126.028,127,154
98.47,127,126.026,153
98.48,127,125.022,152.111
98.49,128,125.974,152.949
98.5,128,125,152.944
98.51,126.026,125.026,150.026
98.52,125.029,125,156.943
98.53,126.971,126.942,154.913
98.54,127,126.972,151.028
98.55,127.969,126,155.969
98.56,128,126,148.059
98.57,127.027,126.947,153.973
98.58,126,126,154.038
98.59,126.964,126.928,150.964
98.6,128,126,151.029
98.61,129,126.028,151.055
98.62,128.029,126,150
98.63,128.026,125.974,153
98.64,128,126.943,152.914
98.65,128,125.362,153.447
98.66,128,125.36,152.64
98.67,128,125,150.96
98.68,128.972,125.028,154
98.69,128.026,125.026,149.078
98.7,128,125,154.913
98.71,128,126.973,154.027
98.72,128,126,152.03
98.73,128.027,126.973,153.973
98.74,128,126.027,152.027
98.75,128.973,126,154.89
98.76,128.03,125.03,148.148
98.77,127.027,124.027,153.973
98.78,127.976,125,153
98.79,129,126,148.117
98.8,127,126.939,153.785
98.81,128.973,127.027,151.137
98.82,128.03,125.97,148.97
98.83,128,125.027,153.919
98.84,128,125.971,150.971
98.85,128,125,149.028
98.86,129,125.029,152.855
98.87,127.028,126.028,147.224
98.88,127.03,126,156.848
98.89,127.973,125.027,152.054
98.9,128,124.059,149.118
98.91,128,124.027,152.973
98.92,128,126,150.086
98.93,127.027,125.973,153.89
98.94,127.97,125.059,154.941
98.95,128,124.059,145.208
98.96,128,126,156.794
98.97,127,126,149.075
98.98,127,125.029,152.971
98.99,127,126.028,150.943
99,127.708,126,153.831
99.01,128,125.84,147.479
99.02,128,125.007,149.978
99.03,127.52,126,149
99.04,127,126,154
99.05,127,125,153.458
99.06,127,125,153
99.07,128,124,152.522
99.08,128,124,149.579
99.09,127.307,124,156.465
99.1,126.294,125,153.294
99.11,126,124,153.723
99.12,127.715,126,154.43
99.13,128,126,147.133
99.14,128.291,125.291,152.544
99.15,127.291,126,151.291
99.16,126.298,126,153.403
99.17,127,125.702,152.298
99.18,128,124.708,148.875
99.19,128.298,126.403,151.21
99.2,128,126.299,151.896
99.21,127.298,124.597,152.403
99.22,127,124.598,150.896
99.23,129,123,152
99.24,129,123,152.103
99.25,129,124,155.403
99.26,127,124,153.805
99.27,127.702,125,154.491
99.28,129,124,151.704
99.29,128,126,152.121
99.3,127,125.597,155
99.31,126,126,153.298
99.32,126,125.298,155.403
99.33,128.404,125,151.491
99.34,129,126.701,149.402
99.35,128,127,153.402
99.36,127.299,126,150.796
99.37,127.702,126,153.808
99.38,128,125.299,152.494
99.39,128,124.701,148.196
99.4,128,125.701,154.806
99.41,128,125,147.299
99.42,129,125,151.227
99.43,129,124.883,150.883
99.44,128.442,125.558,151
99.45,128,126.298,152.702
99.46,128,127,150.299
99.47,128.298,126.298,149.702
99.48,129,126,152
99.49,129,125.548,150
99.5,128,126,153.583
99.51,128,126.701,151.701
99.52,127,126.701,149
99.53,127.701,126.701,151
99.54,128,126,147.598
99.55,128,126,152.805
99.56,128,124.598,152.598
99.57,128,125.701,146
99.58,128,126,153.299
99.59,127,125.298,151.403
99.6,127,125.298,153.403
99.61,127,124.597,153.298
99.62,127,125,150.598
99.63,128,125.403,154.806
99.64,126.299,126,151.598
99.65,125.299,125.701,154.805
99.66,126,126.299,154.898
99.67,127,125,151.598
99.68,127.7,127.4,154.4
99.69,128,125.596,151.192
99.7,127,125,152.105
99.71,127,126.299,154.299
99.72,126,126,152.103
99.73,126.701,125.701,151.597
99.74,128,126,152.402
99.75,128,125.701,148.897
99.76,128.701,125.701,152.402
99.77,128,125,151
99.78,127.387,125,153.547
99.79,128,125,152.796
99.8,127.441,125,151.322
99.81,128,125,152.298
99.82,128,124.299,153.598
99.83,127,124,154.103
99.84,128,125.701,156
99.85,128,126,152.598
99.86,128,125.7,150.7
99.87,127.299,126.299,150.197
99.88,128,126,151.503
99.89,128,126.702,152.894
99.9,128,125.297,152
99.91,128,126.299,154.299
99.92,128,126,150.598
99.93,128,125.299,151.206
99.94,127,125.701,154.299
99.95,128,124.299,153.597
99.96,128,124.7,154.401
99.97,128,126.106,154.702
99.98,128,125.701,152.402
99.99,127.298,126,151.597
100,128,125.296,155
100.01,128,126.299,152
100.02,128,126.7,153.899
100.03,128,126,151.701
100.04,127.299,127,150.599
100.05,127,126.299,150.402
100.06,127.701,126.701,150
100.07,128,126.403,152.701
100.08,129,125.401,149.3
100.09,128.298,126.298,151.702
100.1,128,126.3,150.3
100.11,129,126,150.299
100.12,128,125.701,148.401
100.13,129,126.299,150.898
100.14,129,124.899,149.101
100.15,128.299,127,151.299
100.16,127,126.701,153.803
100.17,127,127,151.197
100.18,127.704,127.407,152.704
100.19,128.704,126.409,148.113
100.2,129,126.703,150.594
100.21,127.442,126,152.788
100.22,126.566,125,152.398
100.23,126,127,152.742
100.24,127,127,151
100.25,128,126.7,149.3
100.26,128,126,151.202
100.27,128,124.701,151.197
100.28,127,125.39,151.39
100.29,126.853,125,152.442
100.3,126.084,125,154.747
100.31,127,125.837,152.419
100.32,127.7,126.7,152.502
100.33,128.701,127,148.495
100.34,128,126,151.503
100.35,128,126.7,152.7
100.36,126.3,127,151.6
100.37,126,126,153.599
100.38,127.7,126.7,150.401
100.39,129.701,125.299,151
100.4,128.312,124.312,151
100.41,127,125,155.7
100.42,126.7,125.7,154
100.43,127,125.701,151
100.44,128,125.3,151.7
100.45,128,126,151.198
100.46,127.297,125.703,155.406
100.47,127,124.701,154.701
100.48,127.7,126.7,153.7
100.49,128,126,150.498
100.5,127.297,127,151.297
100.51,126,127,156.607
100.52,126.7,124.7,151.797
100.53,128,124.701,153.299
100.54,129,125,151.3
100.55,128.3,124.7,153
100.56,128,125.7,151.4
100.57,127,125,152.342
100.58,128,126,151.581
100.59,129,126.295,149.591
100.6,129,126.406,153.623
100.61,128,126.3,148.097
100.62,128,126,152.7
100.63,128,127.701,149.701
100.64,129,127.613,149.387
100.65,129,126.443,149.113
100.66,129,126.557,149.557
100.67,128.3,125,153.201
100.68,127,124,155.099
100.69,127.7,124.7,151.7
100.7,129,124.29,149.159
100.71,129,124.585,154.83
100.72,128,125.293,148.879
100.73,127,125,157.122
100.74,127,126.293,154.828
100.75,127.293,126.707,148.585
100.76,127,127.293,153.465
100.77,127,128,150.829
100.78,127,127,152
100.79,128,126.293,151.585
100.8,128,126,151.114
100.81,127,125.708,153.292
100.82,126.293,126.293,151.293
100.83,126,125,154.414
100.84,126.707,124,152.414
100.85,130,125.293,148.757
100.86,128.293,125.293,153.534
100.87,128,124.293,153
100.88,128,125,150.414
100.89,127.293,126.586,150.879
100.9,128,126.706,151
100.91,128,127,149.829
100.92,128,126.293,153.293
100.93,127,126.293,152
100.94,127.707,126.293,153
100.95,128,126,150.251
100.96,128,126,149.376
100.97,127,125.707,153.707
100.98,127,125.293,151.586
100.99,127.293,126.293,153
101,127,126.294,153.881
101.01,128,126,151.414
101.02,127.294,125.706,152
101.03,127,127,152.88
101.04,127,126,151
101.05,127,126.707,154.828
101.06,128,126.707,151.587
101.07,127.293,126.707,152.293
101.08,127,126.722,153.166
101.09,127,127,149.152
101.1,129,127,153
101.11,128.295,127.295,150
101.12,127.294,125.706,152
101.13,127,126.293,156.121
101.14,127.707,125.293,150.467
101.15,128,125.707,152.121
101.16,129,126,150.707
101.17,128.301,126,148.503
101.18,128,125.3,154.898
101.19,127.3,125.7,152.3
101.2,127,125.301,154.398
101.21,127.699,126,151.397
101.22,128.3,126,149.202
101.23,128.3,125.7,152.903
101.24,127.3,126,150.704
101.25,128,126,152.4
101.26,128,128.7,150.7
101.27,128,128.3,150.6
101.28,126.3,127,152.399
101.29,126,126.699,153.301
101.3,127,126.398,155.097
101.31,128.7,125.3,148.2
101.32,130,125,150.504
101.33,129,125.7,150.101
101.34,127.6,126.4,148.6
101.35,126.3,126.4,154.1
101.36,127,125.603,151
101.37,127,125.3,151.201
101.38,127.699,125,155
101.39,128,124.7,152.8
101.4,128,124,151.399
101.41,128,124.7,150.899
101.42,127.3,126.7,151.898
101.43,127,126.399,153.3
101.44,126,127,152.699
101.45,126,128,154.3
101.46,127,127.699,153.203
101.47,128,126.397,151.192
101.48,128.3,126,154.502
101.49,128,124.3,147.3
101.5,127,124.699,153.797
101.51,127,126.7,149.599
101.52,126,126,153.493
101.53,126,125.3,153.3
101.54,128,126,149.803
101.55,129,125,154.227
101.56,129.39,124.39,148.831
101.57,128.854,125,150.146
101.58,128.085,125,150.915
101.59,127.516,126.484,151.516
101.6,126,127.649,154.894
101.61,126.7,127.3,152.901
101.62,128,127.299,147.897
101.63,128,128,155.399
101.64,128,127,150.902
101.65,128,127,150.098
101.66,128,126,153.806
101.67,127.3,126.3,151.498
101.68,127,125.699,150.301
101.69,128,126.4,156.4
101.7,128,124,150.096
101.71,128,124.3,154.3
101.72,128,125.602,149.301
101.73,128,126.301,153.301
101.74,128,127.699,150.097
101.75,127.301,126.301,151.601
101.76,127.699,126.699,155.891
101.77,128.7,127.3,150.601
101.78,128.301,127.699,152.699
101.79,127.301,126.602,153.096
101.8,127,126.301,149.203
101.81,127,126.598,151
101.82,128,126.301,148
101.83,128.7,126.399,153.3
101.84,129,126,149.397
101.85,127.3,125.7,150.901
101.86,126.699,125.301,154.496
101.87,127.699,126.699,150.804
101.88,129,126,148
101.89,128.3,127.7,151
101.9,128,127.397,153.301
101.91,127.7,127.399,148.198
101.92,127,126.699,153.903
101.93,127.699,126,149.699
101.94,128,125,149.699
101.95,128.3,125.7,152.7
101.96,127.292,124.585,154.708
101.97,127,124.3,155.1
101.98,126.444,124.556,150.774
101.99,127,125.443,154.887
102,127,126,150.946
102.01,127,126,153
102.02,127,125.295,151.178
102.03,127,126.706,153.294
102.04,128,127.705,154.411
102.05,127,127.706,152
102.06,126,127.411,154.706
102.07,126.706,126.294,152.588
102.08,127,124.589,149.768
102.09,128,126.707,154.12
102.1,128,125.706,147.883
102.11,127,126,152
102.12,126.705,126.295,154.526
102.13,128.706,126.706,149.882
102.14,129,126.706,151.118
102.15,128.706,126.294,153.588
102.16,128,126.411,152
102.17,128,127,153.529
102.18,128,125.295,149.884
102.19,129,126,148.529
102.2,127.295,126.59,152.181
102.21,127,126,155.102
102.22,127.699,126.699,151
102.23,128,127,154.301
102.24,128,126,151.698
102.25,129,127.224,152.388
102.26,127.444,126.444,153.112
102.27,126.444,126,153.888
102.28,127,126,151.397
102.29,128,126.699,151.301
102.3,128,127,151
102.31,127,127,151.699
102.32,127.699,126.699,152.301
102.33,128,127.699,150
102.34,127.301,127.699,153.398
102.35,127.699,126,149.603
102.36,128,126,152.301
102.37,128,125.602,152.097
102.38,128.301,125.301,147.712
102.39,127.301,127,152.097
102.4,128,127.603,151.508
102.41,128,126,150.205
102.42,128,127,150.508
102.43,128,126.699,151.106
102.44,128,126.302,150.491
102.45,128,126.699,149.398
102.46,128,126.698,150.604
102.47,127.301,127.699,150.699
102.48,127,127,153
102.49,127.699,126.301,148.399
102.5,127.302,126.302,151.509
102.51,127.699,125.603,152.603
102.52,127.3,124.601,149.3
102.53,128,127,153
102.54,127,126.301,154.096
102.55,127,126,150
102.56,127,126.699,154.603
102.57,127.699,127,153.194
102.58,127.302,126,150.698
102.59,127,125.301,154.301
102.6,126.302,126,152.396
102.61,126,126,153.699
102.62,126.696,124.696,152
102.63,127,126.699,152.493
102.64,128,125.603,152.111
102.65,127.302,125,153.397
102.66,126.302,125.698,153.793
102.67,127,126.301,155.205
102.68,127.389,126.389,149.611
102.69,127.556,126.556,154.668
102.7,128,126,150.445
102.71,128,126.301,150.096
102.72,128,126,153.509
102.73,128.699,126.398,149.398
102.74,128,126.303,152.394
102.75,128,125,153.594
102.76,127,126,152.187
102.77,128,125.699,151.903
102.78,128.301,125.699,152.603
102.79,128.698,126.302,153.396
102.8,128.302,125,152.207
102.81,127.302,125.302,153.095
102.82,127.702,126,150.894
102.83,129,126,150.603
102.84,128,127.611,148.944
102.85,128,127,157.271
102.86,128,127,153.427
102.87,128,127.157,152.578
102.88,128,126,149.906
102.89,128,127,151.89
102.9,127.704,124.889,152.186
102.91,127.302,126,149.603
102.92,128,126,154.697
102.93,129,126,152.301
102.94,128.302,128,149.793
102.95,128.698,126.698,151.698
102.96,129,126.7,150.3
102.97,129.699,125.301,145
102.98,128.302,124.905,155.095
102.99,126.302,124,148.509
103,125.709,127.417,159.96
103.01,125.698,126.302,151.302
103.02,127.702,127.298,148.893
103.03,130.396,129,153.094
103.04,128.605,127.698,146.814
103.05,125.302,126.698,157.191
103.06,125.701,125.701,153.898
103.07,127,127.698,149.698
103.08,128,127,155.698
103.09,128,126.555,152.11
103.1,127,127,151.11
103.11,127,126.648,155
103.12,126,126.297,153.405
103.13,125.302,127.302,153.604
103.14,125,125.302,152.907
103.15,125.698,125.698,153.492
103.16,128.698,127,149.51
103.17,129,127,150.094
103.18,128,127,154.094
103.19,128.302,128,151.809
103.2,127.302,126.604,149.396
103.21,127.698,126,154.302
103.22,128,125.703,147.297
103.23,128.698,126,147.491
103.24,129,124.605,151.814
103.25,129,125,148.586
103.26,129,125.605,152.722
103.27,128.302,126.698,149.396
103.28,127,128.302,151.885
103.29,128.698,126.302,149.81
103.3,129.302,126.302,149.094
103.31,128.302,125.302,153.396
103.32,128,125.297,155.595
103.33,127,125.698,148.491
103.34,127.698,127.698,154.815
103.35,128,127.302,149.793
103.36,127,125.395,152
103.37,128,124.302,153.302
103.38,127,125.698,151.093
103.39,128,126.302,155.112
103.4,127.302,125.698,147.792
103.41,126,126,154.49
103.42,126.712,125.576,152.44
103.43,127,125.3,150.6
103.44,128,126,155.489
103.45,128,124.698,150.906
103.46,127,126,151.791
103.47,126,126.698,150.511
103.48,127,127.395,152
103.49,128.698,127.698,150.889
103.5,129,126.297,151.486
103.51,128,126,151.395
103.52,128,126.29,150.58
103.53,128.295,127,149
103.54,127.296,126.296,149.409
103.55,127,126.562,154.562
103.56,126.562,125,152.562
103.57,127.562,125.562,156
103.58,129.409,123.591,148.704
103.59,130,124,147.883
103.6,130.295,126,148.591
103.61,127.296,127,151.818
103.62,126,128,154.887
103.63,127,128.295,149.295
103.64,127,127.296,155.818
103.65,128,127,151.476
103.66,128,127.296,153.409
103.67,127,124.885,151.295
103.68,128.705,125,148.295
103.69,129,125,149.399
103.7,126.604,126,154.792
103.71,124,127.698,159.698
103.72,124.698,125,156.21
103.73,126.698,126.395,156.79
103.74,130.395,124.302,149.42
103.75,132,123.697,146.091
103.76,128.606,126.697,149.303
103.77,124.604,126,156.396
103.78,123,128.697,157.303
103.79,123,128,156.395
103.8,124.697,127.697,156.606
103.81,128.395,126.302,153.302
103.82,131.697,124,150.303
103.83,131.301,124.699,147.398
103.84,129.303,123.303,151.485
103.85,126.303,125.697,150.514
103.86,125,128,153.089
103.87,126.396,128,154.604
103.88,128.697,127,151.697
103.89,129.697,127,149.697
103.9,131.697,126,150.606
103.91,132,125.697,145.393
103.92,128.605,125,150.698
103.93,125.3,126,150.7
103.94,124.303,128.393,156.303
103.95,125.698,128,156.79
103.96,128.706,126.294,155.294
103.97,130.699,126,155.398
103.98,131,124.605,151.513
103.99,128.605,125.698,151.093
104,126.303,125.606,148.514
104.01,126,126,150.786
104.02,126,126,152.697
104.03,127,125.697,158
104.04,127,127,152
104.05,127.697,126.303,155
104.06,129,125.697,147.819
104.07,129,124.303,143.79
104.08,127.303,123.697,151.697
104.09,127,124.396,150.302
104.1,127,126.697,154.485
104.11,127,127.697,153.514
104.12,127.389,128.389,150.389
104.13,128.145,127.855,150.855
104.14,128.914,127.086,150.086
104.15,130.424,127,148.729
104.16,127.606,126,152.697
104.17,125,124.698,154.093
104.18,125,126,151.606
104.19,126.697,127,153.303
104.2,128,126,153
104.21,129.702,125.702,152
104.22,130,124.303,150.697
104.23,128.302,123.302,147.604
104.24,128,124.697,149.303
104.25,127.303,126,149.394
104.26,126,125.303,149.303
104.27,127,126.303,154.697
104.28,127.696,126.696,152.089
104.29,129,127,150.515
104.3,129.303,126.303,147.394
104.31,127.447,126,148.106
104.32,126.446,126.446,151.892
104.33,126,125,151.109
104.34,127,126.394,155.697
104.35,127.697,127,153.303
104.36,128,126.303,153.606
104.37,128.697,126,152.697
104.38,129,125.303,149.212
104.39,127.606,125.697,150.091
104.4,126.303,125.303,150.303
104.41,126,125,150
104.42,126,126,153.697
104.43,126,126.302,152.698
104.44,127,127.394,152.606
104.45,129.697,127,151.605
104.46,129,126,148.394
104.47,127.303,125,152.909
104.48,127,125,154.788
104.49,125.303,125.697,154.303
104.5,125.7,127,156.3
104.51,126.697,127,153.607
104.52,128.697,126.697,153.394
104.53,130,126,153
104.54,128.303,124.303,154.09
104.55,126,125.697,154.303
104.56,125,126.304,152.911
104.57,126.697,126,150
104.58,128,126.303,150.303
104.59,129,125,153.093
104.6,128,125.696,154.696
104.61,127,126,156
104.62,126.697,127.394,154
104.63,128,128,151.302
104.64,129,127.303,149.303
104.65,128,127,150.697
104.66,127,128,155.697
104.67,128,126.304,153.696
104.68,129,127,151.172
104.69,130,126.892,149.892
104.7,129,126.554,151.554
104.71,128,127,150.607
104.72,129,124.696,150.786
104.73,129,125.697,150.605
104.74,129,124.303,150.697
104.75,128,126.697,150.606
104.76,127.697,126,150.09
104.77,128.697,126.303,150.303
104.78,130,126.304,147.304
104.79,129.303,126.606,151
104.8,128.303,125.606,152
104.81,127,126.697,153.303
104.82,126.304,126.304,154.607
104.83,125.302,125.698,153.191
104.84,126,125.596,156
104.85,127.697,125.607,150.91
104.86,128,125,153.697
104.87,128,123.304,152.696
104.88,126.608,125,150
104.89,124.304,126,157.478
104.9,123.696,126.304,153.912
104.91,125.392,127.696,151.608
104.92,128.392,126.304,152.608
104.93,131,125,144.303
104.94,128.298,126.405,153.512
104.95,124.607,126.304,154.304
104.96,124,126.696,152.696
104.97,125.393,126,154.303
104.98,128.696,125.304,148.304
104.99,130,125.607,149.697
105,130,125,153.696
105.01,129.303,125.697,151.303
105.02,127.447,125.553,156.214
105.03,128.108,125.446,148.231
105.04,129,126,145.661
105.05,129,126,153.393
105.06,128,125,150.304
105.07,128,126,153.089
105.08,129,126.305,151.527
105.09,129,126,148.394
105.1,127.304,126,150.392
105.11,127,125.303,152
105.12,128,125.304,151.304
105.13,128,125.696,154.392
105.14,129,126.702,154.893
105.15,129,125.697,150.607
105.16,128,126,151.696
105.17,127.303,126,149.214
105.18,126,125,156.171
105.19,126.697,125.303,156.214
105.2,128.696,124,147.912
105.21,126.458,125.458,153.625
105.22,126.839,125.839,154.161
105.23,127.641,126.359,150.563
105.24,127,125.624,151.629
105.25,127,125.042,152.647
105.26,128,125,151.479
105.27,128.479,125.479,152.479
105.28,128.032,126,147.129
105.29,128,126,150.297
105.3,128,125.957,150.173
105.31,128.959,124.959,151.713
105.32,129,125.957,150.216
105.33,128.04,126.96,152.919
105.34,126.043,127.957,153.871
105.35,127,126.957,149.298
105.36,127,127.027,151.89
105.37,128.956,126.956,152.869
105.38,129,124.044,148.218
105.39,128,124,158.636
105.4,128,124.705,156.179
105.41,127,125.341,153.659
105.42,127,126.709,152.582
105.43,128,126,148.467
105.44,128.696,124,152.696
105.45,127.444,124.444,153.226
105.46,126.447,124.447,151.341
105.47,126.646,126,156.354
105.48,127.695,126,147.305
105.49,128,127,150.696
105.5,128.695,127,152.695
105.51,128,127.696,151.392
105.52,127,126.696,153.696
105.53,128.696,126,153.088
105.54,128.304,125.608,145.128
105.55,128,126,151.698
105.56,128,127,150.304
105.57,128,126.696,150.088
105.58,128.696,126.304,153.696
105.59,129,127,148.215
105.6,127.304,126.304,153.696
105.61,125.304,126.696,154.608
105.62,125.696,126,153.782
105.63,127.696,125,152.912
105.64,129,124.304,151.608
105.65,128.304,124.696,157.482
105.66,127,125,154.304
105.67,126,126,153.521
105.68,126,126.304,154.609
105.69,127.696,126.304,149.216
105.7,128,126.696,154.783
105.71,127.696,126,155.087
105.72,127.305,126,150.914
105.73,126.304,126,152
105.74,127.696,127,151.913
105.75,127,126,147
105.76,128,126,155.304
105.77,128.696,125.696,148
105.78,129,125.391,153.478
105.79,129,125.696,153
105.8,128.305,126.305,148.61
105.81,128.696,124.608,153.392
105.82,129.696,126,149.131
105.83,129.304,125.696,152.088
105.84,128,125.696,156.087
105.85,127.304,126.696,148.43
105.86,128,125.696,151.478
105.87,129,127,147.52
105.88,128.304,127,150.696
105.89,128,126.609,153.391
105.9,128,125.608,150.566
105.91,128,126,152.105
105.92,129,126,149.448
105.93,129,126.645,149.645
105.94,127.3,127,153
105.95,126,126,152.392
105.96,126.705,126,151.59
105.97,128.696,125.304,149.696
105.98,129.305,127,147.695
105.99,128,126,150.607
106,127.305,127,153.695
106.01,127,126.695,148.914
106.02,127,127,154.086
106.03,127,127,148.304
106.04,127,127.305,154.781
106.05,127,125.608,149.217
106.06,127,126,149.389
106.07,128.695,125.305,151
106.08,128,128,149
106.09,127,128,152.784
106.1,126,127,152
106.11,126,127.696,154
106.12,127.695,126.305,153
106.13,128,126,150
106.14,127,126.695,154.475
106.15,127,126,151.608
106.16,126,125.305,150.695
106.17,126.696,126.304,155.392
106.18,127,126.695,151.61
106.19,127,127,152.474
106.2,127.695,126,154
106.21,128,126,149.61
106.22,128,126.39,156
106.23,127,125.392,151.696
106.24,126,126.695,153.779
106.25,126.695,126.305,155.61
106.26,127,126,149.695
106.27,127,125.304,156.913
106.28,128.695,124.305,153.084
106.29,128,126.695,152
106.3,128,126.694,153.918
106.31,128,126.812,153.436
106.32,128,126.552,151.895
106.33,128,125.447,154.658
106.34,127,126.773,151.682
106.35,127.708,125.708,152.708
106.36,129,127.704,149.185
106.37,128.287,127.287,150.425
106.38,128,127,151
106.39,127,127,150.467
106.4,128.717,126,154.585
106.41,129,125.287,148.436
106.42,129,125.287,152.426
106.43,129,124.713,153.148
106.44,128,125.831,151.494
106.45,128,126.715,157.146
106.46,128,125.175,147.7
106.47,128.826,126,153.479
106.48,128,126,152.708
106.49,128,125.292,148.584
106.5,128,127.706,152.412
106.51,127.834,127.223,151.389
106.52,126,127.49,153.96
106.53,127.459,126.541,150.245
106.54,129,128,148.886
106.55,129,127.518,149.555
106.56,127.52,126.52,151
106.57,124.517,126.483,151.449
106.58,125.977,126.511,155.046
106.59,128.479,126.521,143
106.6,130.479,126.563,149.605
106.61,131,125.479,147.394
106.62,128.514,124.972,147.458
106.63,126.521,125.958,157.395
106.64,127,127,151.615
106.65,128.479,127.521,154
106.66,129.48,126.52,146.08
106.67,129.522,126.478,146.389
106.68,129,126.043,155.521
106.69,127.521,124.479,149
106.7,126,126.521,155.393
106.71,126,124,152.604
106.72,127.41,125.41,146.279
106.73,129.267,126.465,151.396
106.74,130.732,126.197,149.803
106.75,127.625,125.375,148.75
106.76,126.522,125.522,155.088
106.77,126,126,147.392
106.78,126,127.521,153.607
