121.25 125.547
121.26 125.55
121.27 126
121.28 125.273
121.29 125.274
121.3 125.273
121.31 125.453
121.32 125.273
121.33 125
121.34 125.727
121.35 125.547
121.36 125.726
121.37 126
121.38 125.726
121.39 126.162
121.4 124
121.41 123.718
121.42 125.563
121.43 124
121.44 123.718
121.45 125
121.46 125.437
121.47 125.281
121.48 126
121.49 125.263
121.5 123.561
121.51 124.438
121.52 124.562
121.53 125.438
121.54 125.281
121.55 125.284
121.56 125
121.57 125.291
121.58 125.281
121.59 125.719
121.6 126
121.61 125.719
121.62 125.282
121.63 126.719
121.64 125.719
121.65 125.281
121.66 125
121.67 124.885
121.68 124.886
121.69 125.137
121.7 125.436
121.71 124.561
121.72 126.718
121.73 125.854
121.74 126
121.75 126.439
121.76 124.281
121.77 124
121.78 125.719
121.79 125
121.8 126
121.81 124.829
121.82 124.828
121.83 125.829
121.84 124.172
121.85 125.171
121.86 125.829
121.87 126
121.88 126.828
121.89 125
121.9 125.828
121.91 125.829
121.92 124.172
121.93 123.342
121.94 124.342
121.95 125.829
121.96 125
121.97 126
121.98 124.829
121.99 125.175
122 127.585
122.01 125.948
122.02 125.948
122.03 126
122.04 126.828
122.05 126
122.06 126.828
122.07 125.831
122.08 125.657
122.09 124.829
122.1 124.19
122.11 125
122.12 125.17
122.13 125
122.14 126.172
122.15 125.829
122.16 125.626
122.17 125
122.18 125.658
122.19 124.158
122.2 124.174
122.21 125.682
122.22 124.474
122.23 126.757
122.24 125.43
122.25 127
122.26 125
122.27 124.939
122.28 125.939
122.29 124
122.3 124.061
122.31 125.878
122.32 126.06
122.33 126.272
122.34 125.544
122.35 125.545
122.36 125
122.37 124.272
122.38 123.728
122.39 125.727
122.4 124.546
122.41 125.728
122.42 126.272
122.43 126
122.44 126
122.45 124
122.46 123
122.47 124
122.48 125
122.49 126.453
122.5 125.728
122.51 124.727
122.52 124.728
122.53 123.272
122.54 122.713
122.55 123.455
122.56 124
122.57 125.272
122.58 125
122.59 126.455
122.6 125.455
122.61 124
122.62 124.272
122.63 126
122.64 125
122.65 125.273
122.66 126.272
122.67 125.728
122.68 125.272
122.69 124.273
122.7 124.726
122.71 123.272
122.72 124.272
122.73 124
122.74 126.272
122.75 127
122.76 127.287
122.77 124.728
122.78 123.456
122.79 123.272
122.8 124.531
122.81 124
122.82 125.105
122.83 126
122.84 126.728
122.85 126.729
122.86 125.457
122.87 125.454
122.88 124
122.89 123.273
122.9 125
122.91 125.726
122.92 126.728
122.93 126
122.94 126.455
122.95 123.549
122.96 125
122.97 124.543
122.98 125.272
122.99 126.273
123 127.272
123.01 126.727
123.02 124.272
123.03 124.272
123.04 125
123.05 123.545
123.06 125.271
123.07 126
123.08 126
123.09 126.458
123.1 127
123.11 127
123.12 125.184
123.13 123.458
123.14 124
123.15 124.822
123.16 124.271
123.17 127.767
123.18 127.79
123.19 127
123.2 124.875
123.21 124
123.22 123.729
123.23 124.084
123.24 124.27
123.25 126
123.26 125.813
123.27 126.729
123.28 126
123.29 123.452
123.3 121
123.31 121.836
123.32 124
123.33 126
123.34 125.271
123.35 127
123.36 127.765
123.37 125
123.38 124.457
123.39 125
123.4 124.458
123.41 125
123.42 124.815
123.43 125.543
123.44 125
123.45 125
123.46 125.729
123.47 124.187
123.48 124
123.49 125.729
123.5 125
123.51 125.535
123.52 126.664
123.53 125.374
123.54 123.883
123.55 124.125
123.56 124
123.57 123.544
123.58 126.271
123.59 126.458
123.6 124
123.61 126.272
123.62 125
123.63 124.729
123.64 123.729
123.65 123.271
123.66 126
123.67 127
123.68 127.271
123.69 125.541
123.7 124
123.71 122.185
123.72 122.729
123.73 123
123.74 124.729
123.75 126.271
123.76 130
123.77 129.729
123.78 127.729
123.79 127
123.8 125.458
123.81 123.457
123.82 123
123.83 124.458
123.84 124
123.85 125.271
123.86 125.543
123.87 128
123.88 126.457
123.89 124.729
123.9 124
123.91 124.545
123.92 123
123.93 125
123.94 126
123.95 125
123.96 125.308
123.97 126
123.98 124.729
123.99 123.729
124 124.27
124.01 126.729
124.02 125.73
124.03 125.271
124.04 126.458
124.05 125.729
124.06 124.272
124.07 124.542
124.08 126
124.09 126
124.1 124.271
124.11 124.271
124.12 125.275
124.13 126
124.14 126.728
124.15 126.73
124.16 126.186
124.17 123.27
124.18 125.27
124.19 124
124.2 124.271
124.21 126.272
124.22 127.768
124.23 126
124.24 126.689
124.25 123.125
124.26 124.459
124.27 124
124.28 123.54
124.29 127.27
124.3 126.73
124.31 125.461
124.32 125.27
124.33 125
124.34 124.278
124.35 125
124.36 126.286
124.37 125
124.38 123.835
124.39 126.722
124.4 124
124.41 124.719
124.42 124
124.43 124.557
124.44 125.721
124.45 124.443
124.46 124.559
124.47 126.54
124.48 125.27
124.49 125.73
124.5 125
124.51 125.896
124.52 123.875
124.53 123
124.54 123.271
124.55 123
124.56 124.276
124.57 123.279
124.58 125.557
124.59 125.278
124.6 126
124.61 125.722
124.62 123.722
124.63 124.28
124.64 125.721
124.65 126.164
124.66 124.555
124.67 124.557
124.68 124.722
124.69 123
124.7 123
124.71 124.54
124.72 125
124.73 126
124.74 124.73
124.75 125.73
124.76 124.46
124.77 124.19
124.78 125.838
124.79 123.92
124.8 124.326
124.81 125
124.82 124.27
124.83 123.542
124.84 121.73
124.85 123
124.86 122.271
124.87 124.271
124.88 127
124.89 126.461
124.9 127
124.91 126.46
124.92 123.73
124.93 122.729
124.94 120.541
124.95 122
124.96 121.27
124.97 123.27
124.98 127.192
124.99 126
125 126
125.01 125.794
125.02 124.27
125.03 124
125.04 122.722
125.05 122.278
125.06 124
125.07 126
125.08 124
125.09 125.166
125.1 124.555
125.11 124.278
125.12 124.19
125.13 124.167
125.14 124.168
125.15 125
125.16 125.171
125.17 125.816
125.18 126
125.19 125.846
125.2 126.691
125.21 125.691
125.22 123.846
125.23 123
125.24 123.154
125.25 124.154
125.26 125
125.27 126
125.28 126
125.29 125.095
125.3 125.873
125.31 125.872
125.32 123.128
125.33 123.376
125.34 125.154
125.35 125
125.36 123.696
125.37 123.154
125.38 125
125.39 123.846
125.4 124
125.41 124
125.42 124
125.43 125.924
125.44 124
125.45 126
125.46 126.533
125.47 124
125.48 124
125.49 124
125.5 123
125.51 122.153
125.52 123.46
125.53 125.691
125.54 125
125.55 125
125.56 125.49
125.57 124
125.58 124
125.59 124
125.6 124.936
125.61 123.845
125.62 125.898
125.63 124.231
125.64 125.874
125.65 123.376
125.66 124
125.67 125.106
125.68 124
125.69 125.47
125.7 124
125.71 125.693
125.72 124.413
125.73 125.413
125.74 125.432
125.75 124
125.76 124
125.77 124
125.78 123.128
125.79 124
125.8 124.74
125.81 125.638
125.82 124.223
125.83 125.482
125.84 125.067
125.85 124.777
125.86 124.887
125.87 124
125.88 124.537
125.89 124.064
125.9 124.204
125.91 125.191
125.92 123.948
125.93 122.072
125.94 125
125.95 123.496
125.96 124.197
125.97 123.902
125.98 124.935
125.99 124.896
126 123
126.01 123
126.02 123.175
126.03 123.539
126.04 127
126.05 127.309
126.06 126.637
126.07 126.072
126.08 125.566
126.09 122.098
126.1 124.064
126.11 124.935
126.12 124.935
126.13 128.872
126.14 126.935
126.15 127.935
126.16 126.202
126.17 125.768
126.18 123.877
126.19 121.268
126.2 122.732
126.21 124.806
126.22 125.463
126.23 125.268
126.24 128
126.25 125.731
126.26 124.537
126.27 123.537
126.28 122.268
126.29 123.269
126.3 124.268
126.31 127.196
126.32 125.195
126.33 123.731
126.34 124
126.35 123.539
126.36 123.547
126.37 125.713
126.38 124.569
126.39 125.434
126.4 124.568
126.41 125
126.42 125.567
126.43 123.283
126.44 123.713
126.45 123.574
126.46 123.717
126.47 124.716
126.48 124.717
126.49 124.284
126.5 124.284
126.51 124.567
126.52 124
126.53 124.717
126.54 124
126.55 124.716
126.56 123
126.57 124
126.58 125.717
126.59 123
126.6 124.731
126.61 125
126.62 123.535
126.63 126
126.64 123.732
126.65 124
126.66 123.466
126.67 123.732
126.68 125
126.69 126
126.7 124.268
126.71 124.268
126.72 125
126.73 124.153
126.74 123.154
126.75 124.164
126.76 123.455
126.77 125.849
126.78 127
126.79 125.696
126.8 126.847
126.81 124.879
126.82 124
126.83 123.802
126.84 125
126.85 124.263
126.86 126.268
126.87 127
126.88 125.731
126.89 125.822
126.9 124.878
126.91 124
126.92 125
126.93 124
126.94 124
126.95 125.27
126.96 124.911
126.97 124
126.98 125
126.99 123.176
127 123.351
127.01 124.825
127.02 124.172
127.03 125
127.04 125.849
127.05 125
127.06 124.849
127.07 124
127.08 124
127.09 124.848
127.1 124
127.11 124
127.12 125
127.13 125.268
127.14 124.536
127.15 123.535
127.16 123.535
127.17 125
127.18 125
127.19 126.267
127.2 126.267
127.21 126.465
127.22 126
127.23 124.267
127.24 122.466
127.25 121.535
127.26 123.267
127.27 122.536
127.28 124
127.29 124.732
127.3 125.267
127.31 126.537
127.32 126.849
127.33 125.847
127.34 125.474
127.35 124.304
127.36 123.436
127.37 123.099
127.38 123.066
127.39 122.132
127.4 126
127.41 125
127.42 124.934
127.43 125.868
127.44 124.233
127.45 124
127.46 125.121
127.47 126.732
127.48 125.732
127.49 125.178
127.5 124.878
127.51 124
127.52 124.733
127.53 124.733
127.54 124.267
127.55 125.267
127.56 126.733
127.57 125.534
127.58 126.457
127.59 125.267
127.6 125.732
127.61 124.734
127.62 125.267
127.63 125.267
127.64 125.267
127.65 125
127.66 123.731
127.67 124.733
127.68 123.733
127.69 123.267
127.7 123.801
127.71 124.733
127.72 125.267
127.73 126
127.74 126.467
127.75 126
127.76 125.461
127.77 124
127.78 122.266
127.79 123.266
127.8 125
127.81 127
127.82 128
127.83 126.735
127.84 126.266
127.85 126.821
127.86 125
127.87 124.267
127.88 124.465
127.89 123.535
127.9 126.268
127.91 126.731
127.92 126.734
127.93 127.543
127.94 124.199
127.95 124.9
127.96 124.136
127.97 125.724
127.98 125.266
127.99 126.261
128 126
128.01 125.725
128.02 126.275
128.03 126
128.04 125
128.05 124.549
128.06 124.733
128.07 126
128.08 125.733
128.09 126.198
128.1 124.733
128.11 125
128.12 124.737
128.13 123.267
128.14 125
128.15 125.267
128.16 125.268
128.17 125.715
128.18 125.724
128.19 126.452
128.2 126
128.21 124.817
128.22 124.129
128.23 125
128.24 124
128.25 125.274
128.26 126.2
128.27 124.733
128.28 123.733
128.29 124
128.3 126.9
128.31 125.889
128.32 125.392
128.33 127.266
128.34 127
128.35 126.734
128.36 125.43
128.37 123.548
128.38 123
128.39 123
128.4 125.726
128.41 123.274
128.42 125.823
128.43 129.548
128.44 126.274
128.45 127.726
128.46 124.282
128.47 124.726
128.48 125
128.49 125.725
128.5 125
128.51 126.266
128.52 126.266
128.53 126.266
128.54 126.266
128.55 125
128.56 125
128.57 123.199
128.58 123.734
128.59 124.533
128.6 126
128.61 124.799
128.62 124.319
128.63 126
128.64 126
128.65 125.88
128.66 125.2
128.67 125.734
128.68 126.266
128.69 126.733
128.7 124.8
128.71 125.735
128.72 124.266
128.73 124.734
128.74 124
128.75 123.533
128.76 125.533
128.77 127
128.78 126.275
128.79 126.549
128.8 127.179
128.81 125.818
128.82 123.87
128.83 124.234
128.84 123.216
128.85 124.213
128.86 127
128.87 126.103
128.88 126.728
128.89 125.871
128.9 125
128.91 124.941
128.92 125.932
128.93 125.932
128.94 126
128.95 127.268
128.96 126.134
128.97 124.536
128.98 124.266
128.99 124
129 123.068
129.01 126
129.02 126.734
129.03 126.469
129.04 125.178
129.05 124.121
129.06 124.734
129.07 123.265
129.08 125.735
129.09 125.47
129.1 125.734
129.11 126.735
129.12 125
129.13 124.265
129.14 126.454
129.15 124.265
129.16 124.265
129.17 122
129.18 123.735
129.19 124
129.2 123.796
129.21 127
129.22 127.735
129.23 126.205
129.24 127
129.25 124.735
129.26 125.469
129.27 123.273
129.28 124.265
129.29 126.536
129.3 124.735
129.31 124
129.32 124.266
129.33 124.531
129.34 125.531
129.35 127.265
129.36 127.265
129.37 125.724
129.38 125
129.39 124.566
129.4 123.281
129.41 124.281
129.42 125.282
129.43 125.282
129.44 126
129.45 126
129.46 125
129.47 122.281
129.48 122.562
129.49 124.719
129.5 123.844
129.51 126.126
129.52 127.719
129.53 126
129.54 126.438
129.55 126
129.56 124.281
129.57 123.717
129.58 122.844
129.59 124.562
129.6 125.562
129.61 127.723
129.62 127.47
129.63 126.735
129.64 125
129.65 124.735
129.66 124.735
129.67 124.731
129.68 124.734
129.69 124.53
129.7 125.773
129.71 124.803
129.72 124.901
129.73 124
129.74 123.53
129.75 123.793
129.76 123.529
129.77 124.531
129.78 124
129.79 125.206
129.8 125.265
129.81 124
129.82 124.735
129.83 123
129.84 123
129.85 124.735
129.86 123.265
129.87 124.266
129.88 124.266
129.89 124.735
129.9 124.159
129.91 124.47
129.92 124
129.93 123.119
129.94 124.265
129.95 126
129.96 125.265
129.97 125.471
129.98 122.24
129.99 123.714
130 123
130.01 124
130.02 125
130.03 125
130.04 124
130.05 124.441
130.06 124.439
130.07 125.28
130.08 125.708
130.09 124.715
130.1 125
130.11 125.43
130.12 124.286
130.13 124
130.14 123.285
130.15 124
130.16 124
130.17 124
130.18 125
130.19 124.727
130.2 125.728
130.21 124.727
130.22 125
130.23 125
130.24 125.265
130.25 125.264
130.26 125
130.27 123.737
130.28 125.471
130.29 125.471
130.3 124.528
130.31 124
130.32 124.736
130.33 126
130.34 126
130.35 127.472
130.36 124.272
130.37 124.736
130.38 124.264
130.39 124.264
130.4 125.528
130.41 125.267
130.42 125.471
130.43 126
130.44 126.548
130.45 125.935
130.46 125.124
130.47 124.272
130.48 123.548
130.49 124.727
130.5 123.728
130.51 125
130.52 125.728
130.53 124.546
130.54 124.272
130.55 124.272
130.56 124
130.57 125
130.58 126.426
130.59 125.285
130.6 124.569
130.61 125.285
130.62 125.431
130.63 122
130.64 124.146
130.65 122.284
130.66 124
130.67 124
130.68 125
130.69 126.57
130.7 124.715
130.71 125.285
130.72 125.166
130.73 124
130.74 122.838
130.75 126
130.76 126
130.77 125.721
130.78 125.279
130.79 127.602
130.8 125.891
130.81 123
130.82 122.442
130.83 119.559
130.84 124.279
130.85 125.814
130.86 125.272
130.87 128
130.88 127.197
130.89 127
130.9 126.884
130.91 124
130.92 122.737
130.93 122
130.94 123.472
130.95 123.79
130.96 125.521
130.97 129
130.98 128.709
130.99 127.436
131 125.263
131.01 124
131.02 124.264
131.03 124
131.04 124
131.05 124.798
131.06 124
131.07 125.294
131.08 127.145
131.09 125.843
131.1 125
131.11 123.145
131.12 125
131.13 125.146
131.14 126
131.15 127.855
131.16 125.146
131.17 126
131.18 125
131.19 124.339
131.2 125
131.21 123.795
131.22 124.779
131.23 124.11
131.24 125.945
131.25 126
131.26 127
131.27 125
131.28 125.108
131.29 125.279
131.3 125.278
131.31 126
131.32 125.444
131.33 125.721
131.34 124.72
131.35 124.835
131.36 124.278
131.37 126
131.38 124.837
131.39 125.444
131.4 125.887
131.41 124.721
131.42 126
131.43 123.836
131.44 124
131.45 124.278
131.46 125
131.47 125.278
131.48 124
131.49 124.722
131.5 125.278
131.51 125.278
131.52 125.525
131.53 126.112
131.54 125.112
131.55 126.866
131.56 124
131.57 124
131.58 124.134
131.59 125
131.6 124.278
131.61 125.81
131.62 125.833
131.63 124.83
131.64 124
131.65 125
131.66 126
131.67 126.833
131.68 124.856
131.69 123
131.7 124
131.71 124.288
131.72 125
131.73 127
131.74 126.711
131.75 127.856
131.76 126.145
131.77 126.884
131.78 124.529
131.79 126.45
131.8 125.261
131.81 124
131.82 124.737
131.83 124
131.84 125.263
131.85 126.473
131.86 125
131.87 126.472
131.88 126
131.89 125.082
131.9 126.737
131.91 125.263
131.92 124.737
131.93 126.738
131.94 124
131.95 125.473
131.96 124.929
131.97 125.735
131.98 125.738
131.99 125.263
132 127
132.01 126.737
132.02 126
132.03 127.212
132.04 126.737
132.05 125
132.06 124.642
132.07 123.645
132.08 125.137
132.09 126.904
132.1 126.685
132.11 126
132.12 126
132.13 125
132.14 124
132.15 123.144
132.16 123.854
132.17 125
132.18 125
132.19 126.854
132.2 126.144
132.21 125.856
132.22 124.143
132.23 124
132.24 124
132.25 124.288
132.26 126
132.27 126
132.28 125.737
132.29 125
132.3 124.775
132.31 124.096
132.32 124.096
132.33 124.238
132.34 123.143
132.35 125
132.36 125
132.37 126.048
132.38 126.737
132.39 126
132.4 124.526
132.41 124.738
132.42 123.787
132.43 124.761
132.44 126.787
132.45 125.475
132.46 126
132.47 126
132.48 126.659
132.49 127
132.5 126.738
132.51 125.795
132.52 126.142
132.53 126.738
132.54 126.738
132.55 126
132.56 124.471
132.57 124
132.58 124.738
132.59 125.262
132.6 123.526
132.61 125
132.62 124.143
132.63 123.858
132.64 125.286
132.65 125.143
132.66 124.143
132.67 124.143
132.68 125
132.69 125
132.7 126.714
132.71 124.858
132.72 123.857
132.73 124.114
132.74 125
132.75 124.228
132.76 124.143
132.77 123
132.78 123.143
132.79 126.573
132.8 124.144
132.81 125.858
132.82 126
132.83 124.857
132.84 123
132.85 124.857
132.86 124
132.87 124.858
132.88 125.143
132.89 125
132.9 123.942
132.91 125.142
132.92 124.715
132.93 122.945
132.94 122.919
132.95 123.262
132.96 124
132.97 124
132.98 124.524
132.99 124.738
133 123.527
133.01 125.524
133.02 125
133.03 125
133.04 124.095
133.05 123.92
133.06 124
133.07 123.051
133.08 124.145
133.09 124.739
133.1 125.738
133.11 124
133.12 123.144
133.13 125.142
133.14 124.919
133.15 124
133.16 124.858
133.17 124
133.18 124
133.19 127
133.2 127
133.21 125.716
133.22 124
133.23 124
133.24 122.739
133.25 124
133.26 123
133.27 124
133.28 123.071
133.29 125.796
133.3 123.919
133.31 121.784
133.32 124.739
133.33 126
133.34 123.227
133.35 126.739
133.36 126
133.37 126.729
133.38 126.262
133.39 124.261
133.4 126
133.41 128
133.42 124.661
133.43 122.738
133.44 124.523
133.45 124.739
133.46 125.522
133.47 127.262
133.48 128.775
133.49 128
133.5 125.942
133.51 123
133.52 121.427
133.53 123.142
133.54 124
133.55 124.141
133.56 125.141
133.57 124.094
133.58 123.321
133.59 124
133.6 122.141
133.61 123.812
133.62 124.686
133.63 124
133.64 125
133.65 124.072
133.66 123.886
133.67 124
133.68 124
133.69 125
133.7 125
133.71 125.262
133.72 124.858
133.73 123.071
133.74 123.744
133.75 123.64
133.76 124
133.77 124
133.78 125.919
133.79 125
133.8 124
133.81 125.739
133.82 124.261
133.83 123
133.84 122.142
133.85 123
133.86 123.141
133.87 126.283
133.88 127.576
133.89 124.063
133.9 124
133.91 123.227
133.92 124
133.93 124
133.94 125.86
133.95 122.281
133.96 124.14
133.97 125
133.98 124.072
133.99 125.143
134 124.145
134.01 123.929
134.02 123
134.03 123
134.04 125.269
134.05 126
134.06 125
134.07 124.734
134.08 124.78
134.09 126.206
134.1 124.92
134.11 124.264
134.12 124.226
134.13 124
134.14 126
134.15 126.26
134.16 125.141
134.17 126
134.18 125.312
134.19 124
134.2 124.281
134.21 125.495
134.22 124.837
134.23 123
134.24 124.927
134.25 124
134.26 125.438
134.27 125.261
134.28 126
134.29 126
134.3 125.223
134.31 125.687
134.32 126
134.33 124.16
134.34 123.338
134.35 124.764
134.36 124
134.37 122.48
134.38 123
134.39 122.382
134.4 125.52
134.41 125.603
134.42 124.608
134.43 126.393
134.44 127.859
134.45 126.563
134.46 125.478
134.47 123.144
134.48 123
134.49 121
134.5 123.14
134.51 124.625
134.52 125.577
134.53 126
134.54 127.56
134.55 124.719
134.56 125.861
134.57 123.359
134.58 123
134.59 126.852
134.6 126
134.61 126.519
134.62 129
134.63 125.717
134.64 124.139
134.65 123
134.66 122.496
134.67 120.565
134.68 125.907
134.69 126.093
134.7 126
134.71 126.186
134.72 127.24
134.73 123
134.74 123
134.75 123
134.76 124
134.77 123.186
134.78 125.253
134.79 125.809
134.8 125.482
134.81 125.73
134.82 125
134.83 125.08
134.84 125.109
134.85 122.611
134.86 123.111
134.87 125.739
134.88 124.261
134.89 125
134.9 125
134.91 125.813
134.92 127
134.93 126.92
134.94 129.661
134.95 126.474
134.96 124.741
134.97 124.259
134.98 125.74
134.99 125.26
135 125.741
135.01 124
135.02 124.844
135.03 124.521
135.04 124.342
135.05 126
135.06 127.481
135.07 126.741
135.08 124.52
135.09 124.258
135.1 126
135.11 125.741
135.12 125.74
135.13 123.52
135.14 126.734
135.15 127.221
135.16 126
135.17 128.225
135.18 125.483
135.19 126.27
135.2 125.481
135.21 123
135.22 123.26
135.23 124.74
135.24 124.258
135.25 127
135.26 128
135.27 127
135.28 127.481
135.29 125
135.3 123.741
135.31 123.26
135.32 124
135.33 124
135.34 125
135.35 124.778
135.36 126.816
135.37 125.813
135.38 125.74
135.39 125
135.4 125.78
135.41 124.26
135.42 123
135.43 123.265
135.44 123.482
135.45 123
135.46 127.78
135.47 126
135.48 122.298
135.49 122.777
135.5 124.483
135.51 124.221
135.52 123.472
135.53 124
135.54 125
135.55 126.466
135.56 124.733
135.57 123
135.58 124
135.59 125
135.6 126.467
135.61 126
135.62 127.466
135.63 126
135.64 126.733
135.65 126.771
135.66 124.1
135.67 124.1
135.68 125.733
135.69 125.471
135.7 123.258
135.71 123.259
135.72 124
135.73 126.741
135.74 126
135.75 127.259
135.76 127.741
135.77 125.259
135.78 125.259
135.79 123.741
135.8 124
135.81 124.741
135.82 123.259
135.83 123.741
135.84 123.259
135.85 125
135.86 123.259
135.87 125.259
135.88 126.74
135.89 126.223
135.9 126.741
135.91 126.481
135.92 126
135.93 125.461
135.94 124.742
135.95 125
135.96 124.74
135.97 123.776
135.98 126
135.99 126
136 126.222
136.01 126.632
136.02 123.908
136.03 123
136.04 124
136.05 126.259
136.06 128
136.07 126
136.08 124.455
136.09 125
136.1 124.437
136.11 124.538
136.12 124.73
136.13 123
136.14 122.799
136.15 125.266
136.16 125.534
136.17 125.268
136.18 127.472
136.19 124.532
136.2 126
136.21 124.933
136.22 125.201
136.23 122.266
136.24 124.801
136.25 123.936
136.26 123.774
136.27 123.512
136.28 126.484
136.29 123.516
136.3 127.535
136.31 125.515
136.32 126.712
136.33 126.111
136.34 125.742
136.35 121.742
136.36 121.926
136.37 122
136.38 122
136.39 126
136.4 126.774
136.41 127.207
136.42 126
136.43 125.741
136.44 126
136.45 125
136.46 124.092
136.47 124.89
136.48 125.483
136.49 125
136.5 124.485
136.51 125
136.52 125
136.53 125.259
136.54 124.516
136.55 125.773
136.56 126.226
136.57 126.484
136.58 125.484
136.59 125.259
136.6 125.259
136.61 125
136.62 125.258
136.63 124.259
136.64 126.484
136.65 126.515
136.66 127.258
136.67 125.742
136.68 124.076
136.69 126
136.7 127
136.71 123
136.72 127.727
136.73 126.818
136.74 125.726
136.75 124.864
136.76 122.149
136.77 125
136.78 125
136.79 125.272
136.8 126.863
136.81 124
136.82 123.137
136.83 124.729
136.84 123.137
136.85 124
136.86 123.409
136.87 125
136.88 125.138
136.89 125
136.9 125.078
136.91 125.741
136.92 124.258
136.93 123.416
136.94 125
136.95 122.485
136.96 124.091
136.97 124.077
136.98 124.151
136.99 125.924
137 124.152
137.01 123.922
137.02 123.849
137.03 124.258
137.04 124.073
137.05 124.258
137.06 124.515
137.07 123.742
137.08 124
137.09 125.227
137.1 123.193
137.11 124
137.12 124.091
137.13 124.078
137.14 125
137.15 125
137.16 124.405
137.17 124.272
137.18 124.864
137.19 123.061
137.2 124.89
137.21 125.847
137.22 124
137.23 126.848
137.24 125.066
137.25 125.923
137.26 125
137.27 124.485
137.28 123.792
137.29 124.886
137.3 124.924
137.31 125.847
137.32 125.886
137.33 126.076
137.34 126
137.35 124.514
137.36 125.486
137.37 123.257
137.38 123.692
137.39 124
137.4 123.865
137.41 125.45
137.42 125.135
137.43 125.271
137.44 125
137.45 125
137.46 123.135
137.47 124
137.48 123
137.49 124.138
137.5 125.18
137.51 127
137.52 125.865
137.53 124
137.54 124.864
137.55 123.729
137.56 122.731
137.57 123.73
137.58 122
137.59 124.275
137.6 125.777
137.61 125.884
137.62 125.924
137.63 124.923
137.64 123.23
137.65 124
137.66 125
137.67 123
137.68 123
137.69 126
137.7 125
137.71 125
137.72 124.513
137.73 124.257
137.74 126
137.75 123.257
137.76 124.171
137.77 125
137.78 126.385
137.79 125.865
137.8 126
137.81 125.135
137.82 124.135
137.83 123
137.84 122.27
137.85 124.268
137.86 125.135
137.87 124.865
137.88 124.866
137.89 124.865
137.9 124
137.91 123.865
137.92 124.865
137.93 124
137.94 124
137.95 124.268
137.96 124.513
137.97 125
137.98 126.744
137.99 125.744
138 124.744
138.01 123
138.02 124.744
138.03 124.256
138.04 124.615
138.05 125.85
138.06 123.269
138.07 124.734
138.08 124.269
138.09 124
138.1 124.135
138.11 123.4
138.12 124.268
138.13 124.134
138.14 125
138.15 123.924
138.16 122.846
138.17 122.134
138.18 122.134
138.19 125
138.2 125.866
138.21 125
138.22 124.866
138.23 124
138.24 122
138.25 123
138.26 122.269
138.27 124.964
138.28 124.298
138.29 124.732
138.3 124.821
138.31 124.089
138.32 124.821
138.33 123
138.34 124.077
138.35 122.265
138.36 123.922
138.37 124.744
138.38 125.744
138.39 125.256
138.4 125.488
138.41 124.744
138.42 123
138.43 123.511
138.44 124.256
138.45 123.745
138.46 125.51
138.47 125.256
138.48 126.256
138.49 126
138.5 126.744
138.51 126
138.52 125
138.53 126
138.54 126.91
138.55 125.737
138.56 122.263
138.57 122.791
138.58 125.264
138.59 125.736
138.6 125.736
138.61 125.473
138.62 124.791
138.63 125
138.64 124
138.65 125
138.66 124
138.67 124
138.68 124
138.69 124.527
138.7 125.263
138.71 124
138.72 125.233
138.73 123.744
138.74 122
138.75 123.323
138.76 123
138.77 124.255
138.78 124.256
138.79 126.256
138.8 126
138.81 125.077
138.82 125
138.83 123
138.84 123.255
138.85 123.488
138.86 122.153
138.87 123
138.88 123
138.89 123.089
138.9 124
138.91 125.089
138.92 124.255
138.93 125
138.94 123.255
138.95 123.744
138.96 125
138.97 124
138.98 124.255
138.99 123.255
139 126
139.01 123.51
139.02 124.255
139.03 124
139.04 125
139.05 126.488
139.06 124
139.07 123.078
139.08 124.133
139.09 123.867
139.1 126.869
139.11 123
139.12 125
139.13 127.272
139.14 125.745
139.15 124.49
139.16 123
139.17 125.489
139.18 124.255
139.19 123
139.2 123.255
139.21 123.255
139.22 124.922
139.23 127
139.24 126.094
139.25 124.924
139.26 124
139.27 123
139.28 123.306
139.29 125.66
139.3 123.893
139.31 123.921
139.32 125.912
139.33 125
139.34 122.745
139.35 125.255
139.36 125.631
139.37 125
139.38 123.067
139.39 125
139.4 125.133
139.41 125.347
139.42 124.255
139.43 124.883
139.44 124.114
139.45 123
139.46 122.404
139.47 121.608
139.48 125.107
139.49 124.021
139.5 128.235
139.51 125.491
139.52 124.255
139.53 124.078
139.54 123.235
139.55 124
139.56 125.062
139.57 125
139.58 123.353
139.59 124.466
139.6 121.469
139.61 123.157
139.62 126.218
139.63 126.07
139.64 126.524
139.65 126.979
139.66 124.537
139.67 125.962
139.68 125.248
139.69 125
139.7 125
139.71 122.254
139.72 123.491
139.73 122.255
139.74 124
139.75 126.088
139.76 124.868
139.77 124
139.78 122.211
139.79 125
139.8 126
139.81 127.237
139.82 126.745
139.83 125
139.84 125
139.85 123.284
139.86 122.236
139.87 124
139.88 123.466
139.89 124
139.9 124.131
139.91 125.396
139.92 128.607
139.93 126.868
139.94 125.605
139.95 122.132
139.96 122
139.97 123.132
139.98 123.266
139.99 125.864
140 128.736
140.01 126.737
140.02 125
140.03 125
140.04 124
140.05 123.912
140.06 124.809
140.07 123.707
140.08 122.524
140.09 125
140.1 125.895
140.11 126.254
140.12 124.868
140.13 122.033
140.14 122.658
140.15 123
140.16 124.508
140.17 127.083
140.18 126.885
140.19 126.796
140.2 125.131
140.21 124.895
140.22 122.967
140.23 122.342
140.24 124.844
140.25 124.941
140.26 126
140.27 126
140.28 128
140.29 128.395
140.3 127.935
140.31 125.492
140.32 124.01
140.33 124
140.34 124.933
140.35 124.434
140.36 125.629
140.37 126.774
140.38 124.943
140.39 125
140.4 125
140.41 124.06
140.42 124
140.43 124
140.44 122.869
140.45 125.528
140.46 125.696
140.47 125
140.48 124.895
140.49 123.528
140.5 125
140.51 124.498
140.52 122.302
140.53 122.967
140.54 127
140.55 126.37
140.56 124.451
140.57 125
140.58 126.469
140.59 126
140.6 126
140.61 126
140.62 124
140.63 125
140.64 124.808
140.65 123
140.66 123
140.67 126
140.68 126
140.69 125.926
140.7 126.79
140.71 125
140.72 125
140.73 125
140.74 122.948
140.75 124.452
140.76 124.721
140.77 125.473
140.78 126
140.79 127
140.8 123.942
140.81 123.761
140.82 123.086
140.83 124.254
140.84 126.104
140.85 124.191
140.86 125
140.87 125
140.88 125
140.89 126
140.9 125.478
140.91 125.63
140.92 126.026
140.93 126.526
140.94 127
140.95 127
140.96 126
140.97 126
140.98 124.946
140.99 123
141 126.13
141.01 126.348
141.02 127.106
141.03 127.387
141.04 127.81
141.05 128.76
141.06 125.896
141.07 124.479
141.08 124
141.09 122.935
141.1 125
141.11 124.254
141.12 126.74
141.13 125
141.14 124
141.15 123.789
141.16 123.104
141.17 124.218
141.18 126
141.19 126
141.2 125.496
141.21 125
141.22 126
141.23 125.782
141.24 123.981
141.25 121.92
141.26 124
141.27 124.613
141.28 127.614
141.29 127.069
141.3 126.895
141.31 126.253
141.32 124.115
141.33 126
141.34 125.721
141.35 124.51
141.36 125.044
141.37 125.242
141.38 126.095
141.39 125.217
141.4 125.435
141.41 126.613
141.42 125
141.43 125
141.44 126.004
141.45 126.85
141.46 125.103
141.47 124.774
141.48 124.869
141.49 124
141.5 122.913
141.51 123.505
141.52 125
141.53 125
141.54 122.457
141.55 125.218
141.56 124.993
141.57 123
141.58 123.895
141.59 123.613
141.6 123.904
141.61 123.556
141.62 124.826
141.63 123.206
141.64 125
141.65 124.19
141.66 123
141.67 124.748
141.68 123.318
141.69 124.08
141.7 125.509
141.71 125.859
141.72 125.174
141.73 125.927
141.74 125.509
141.75 125.18
141.76 124.568
141.77 126
141.78 124
141.79 123.707
141.8 123.181
141.81 125.519
141.82 125.032
141.83 125.657
141.84 126.497
141.85 126
141.86 126.895
141.87 124.435
141.88 125.092
141.89 125.941
141.9 125.557
141.91 125.172
141.92 125
141.93 124.606
141.94 124
141.95 124
141.96 124.076
141.97 125.388
141.98 129
141.99 124.785
142 124.309
142.01 126.043
142.02 122.498
142.03 124.54
142.04 122.966
142.05 122.511
142.06 123.792
142.07 124.625
142.08 127.009
142.09 124.435
142.1 124
142.11 124.524
142.12 123.529
142.13 126
142.14 125.07
142.15 126
142.16 126.088
142.17 123.073
142.18 126
142.19 126.618
142.2 125.175
142.21 124.596
142.22 125.505
142.23 124
142.24 125.326
142.25 126.188
142.26 125.128
142.27 124.253
142.28 124.809
142.29 124.484
142.3 124.885
142.31 123.431
142.32 124.499
142.33 125.033
142.34 126.907
142.35 127
142.36 124.989
142.37 125.256
142.38 125
142.39 125.216
142.4 125.098
142.41 126
142.42 125.303
142.43 126.006
