106.79 153.521
106.8 150.872
106.81 155.041
106.82 153.043
106.83 154.436
106.84 151.643
106.85 154.348
106.86 155.487
106.87 153.042
106.88 157.436
106.89 153.65
106.9 146.478
106.91 155.478
106.92 152.521
106.93 151.35
106.94 160.084
106.95 150.521
106.96 154.908
106.97 153.564
106.98 149.87
106.99 155.564
107 152.924
107.01 150.361
107.02 156.931
107.03 149.748
107.04 150.042
107.05 153.956
107.06 150.479
107.07 155.562
107.08 149.087
107.09 151.959
107.1 151.438
107.11 149.505
107.12 168.494
107.13 134.143
107.14 159.338
107.15 145.977
107.16 156.117
107.17 144.376
107.18 154.292
107.19 162.246
107.2 146.139
107.21 146.114
107.22 139.388
107.23 169.159
107.24 136.411
107.25 149.677
107.26 167.901
107.27 140.062
107.28 154.04
107.29 139.873
107.3 158.922
107.31 128.388
107.32 166.462
107.33 173.523
107.34 125.785
107.35 154.083
107.36 174.021
107.37 138.441
107.38 137.759
107.39 161.886
107.4 168.948
107.41 145.239
107.42 156.281
107.43 160.334
107.44 150.945
107.45 135.129
107.46 168.132
107.47 151.665
107.48 146.133
107.49 166.837
107.5 138.266
107.51 156.47
107.52 147.739
107.53 144.862
107.54 163.66
107.55 150.667
107.56 154.265
107.57 150.136
107.58 150.398
107.59 149.634
107.6 154.264
107.61 149.932
107.62 156.665
107.63 150.067
107.64 151.399
107.65 152.526
107.66 151
107.67 152.963
107.68 149.228
107.69 152.932
107.7 151.146
107.71 153.457
107.72 151.347
107.73 151.045
107.74 153.043
107.75 151.872
107.76 154.564
107.77 150.047
107.78 153.834
107.79 153.522
107.8 154.564
107.81 150.478
107.82 152.085
107.83 152.437
107.84 151.528
107.85 153.865
107.86 151.601
107.87 154.533
107.88 152.401
107.89 152.668
107.9 154.256
107.91 153.206
107.92 149.601
107.93 152
107.94 150.401
107.95 151.068
107.96 155.934
107.97 150.49
107.98 151.533
107.99 155.92
108 150.601
108.01 152.932
108.02 151.601
108.03 145.601
108.04 154.863
108.05 150.069
108.06 153.136
108.07 155.32
108.08 147.333
108.09 155.264
108.1 147.142
108.11 153
108.12 148.398
108.13 150.205
108.14 153.324
108.15 150
108.16 151.962
108.17 151.003
108.18 152.22
108.19 146.343
108.2 150.13
108.21 152.818
108.22 151.454
108.23 149.598
108.24 152.971
108.25 151.514
108.26 149.514
108.27 151.429
108.28 148.514
108.29 153.971
108.3 151.691
108.31 153.015
108.32 151.492
108.33 150.508
108.34 150
108.35 152
108.36 151.462
108.37 153
108.38 148.015
108.39 151.984
108.4 153.032
108.41 150.492
108.42 154.016
108.43 151.445
108.44 150.016
108.45 151.522
108.46 151.293
108.47 150.564
108.48 149.954
108.49 151.508
108.5 153.032
108.51 151.446
108.52 151
108.53 151.492
108.54 153.524
108.55 154.492
108.56 152.508
108.57 153.997
108.58 154.487
108.59 154.011
108.6 153
108.61 152.503
108.62 151.007
108.63 151.98
108.64 152.814
108.65 152.014
108.66 148.927
108.67 148.737
108.68 153.995
108.69 152.491
108.7 150.524
108.71 152.524
108.72 150
108.73 153.951
108.74 150.558
108.75 153.016
108.76 149.969
108.77 150.484
108.78 154.907
108.79 154.664
108.8 148.957
108.81 148.138
108.82 150.429
108.83 150.408
108.84 154.266
108.85 151
108.86 152.372
108.87 154.094
108.88 149.138
108.89 150.288
108.9 149.539
108.91 153.998
108.92 153.966
108.93 155.064
108.94 153.677
108.95 149.095
108.96 150.968
108.97 150.937
108.98 147.636
108.99 153.384
109 150.476
109.01 148.55
109.02 151.572
109.03 148.379
109.04 146.952
109.05 151.141
109.06 150.901
109.07 151.048
109.08 151.445
109.09 150.952
109.1 151.14
109.11 146.949
109.12 149.952
109.13 147.906
109.14 152.049
109.15 154
109.16 152.469
109.17 151.229
109.18 151.564
109.19 153.048
109.2 149.904
109.21 155.049
109.22 152.952
109.23 154.144
109.24 152.683
109.25 148.878
109.26 151.396
109.27 148.464
109.28 154.064
109.29 151.901
109.3 154.283
109.31 150.17
109.32 153.465
109.33 153.145
109.34 148.321
109.35 154.214
109.36 151.856
109.37 152.464
109.38 152.677
109.39 147.474
109.4 150.139
109.41 147.854
109.42 152
109.43 155.609
109.44 152.928
109.45 150.927
109.46 150.463
109.47 151.61
109.48 150.928
109.49 154
109.5 150.448
109.51 154.73
109.52 151.932
109.53 146.927
109.54 152.927
109.55 151.926
109.56 157.071
109.57 152.927
109.58 151.68
109.59 150.908
109.6 154.065
109.61 152.901
109.62 156.098
109.63 149.525
109.64 151.061
109.65 151.965
109.66 151.02
109.67 150.042
109.68 152.073
109.69 150.357
109.7 151.924
109.71 152.074
109.72 153
109.73 156
109.74 147.537
109.75 152.379
109.76 151.074
109.77 152.463
109.78 153
109.79 151.109
109.8 149.39
109.81 148.925
109.82 152.926
109.83 148
109.84 152.149
109.85 145.463
109.86 147.745
109.87 151.537
109.88 150
109.89 150
109.9 146.31
109.91 152.925
109.92 153.439
109.93 150.842
109.94 145.522
109.95 147.11
109.96 152.049
109.97 153.377
109.98 153.574
109.99 150.317
110 148.1
110.01 150.95
110.02 151.903
110.03 153.476
110.04 154
110.05 151.941
110.06 152.265
110.07 153.629
110.08 148.427
110.09 150.049
110.1 153.914
110.11 156.43
110.12 153.955
110.13 155.525
110.14 147.201
110.15 148.276
110.16 155.525
110.17 153.951
110.18 156.6
110.19 155.376
110.2 149.099
110.21 147.625
110.22 151.853
110.23 153
110.24 158.476
110.25 152.575
110.26 149.575
110.27 146.951
110.28 146.525
110.29 150.429
110.3 152.571
110.31 155.475
110.32 147.561
110.33 147.477
110.34 149.575
110.35 146.951
110.36 154.849
110.37 150.121
110.38 152.375
110.39 149.95
110.4 153.503
110.41 150.058
110.42 148.205
110.43 153.378
110.44 151.898
110.45 150.677
110.46 155.899
110.47 146.657
110.48 150.748
110.49 150.05
110.5 154.476
110.51 151.425
110.52 153.153
110.53 151.846
110.54 154.735
110.55 152.265
110.56 149.462
110.57 157.076
110.58 149.323
110.59 157.1
110.6 157.097
110.61 148.899
110.62 152.475
110.63 153.318
110.64 150.629
110.65 155.051
110.66 148.203
110.67 150.47
110.68 153.736
110.69 150.376
110.7 151.509
110.71 150.486
110.72 151
110.73 149.151
110.74 153
110.75 151.628
110.76 148.68
110.77 153.722
110.78 150.474
110.79 148.05
110.8 155.573
110.81 145.727
110.82 148.099
110.83 151.322
110.84 149.627
110.85 150.845
110.86 155.526
110.87 147.679
110.88 148.373
110.89 155.25
110.9 149.469
110.91 159.424
110.92 148.152
110.93 150.899
110.94 149.371
110.95 147.949
110.96 157.373
110.97 149.31
110.98 154.797
110.99 155.95
111 148.475
111.01 156
111.02 152.577
111.03 153.949
111.04 156.051
111.05 149.526
111.06 152.052
111.07 150.948
111.08 153.526
111.09 151.424
111.1 151.624
111.11 151.374
111.12 148.577
111.13 151.05
111.14 152.474
111.15 150.733
111.16 150.316
111.17 149.526
111.18 150.052
111.19 150.424
111.2 152.156
111.21 145
111.22 153.329
111.23 153.512
111.24 148.463
111.25 155.786
111.26 148.315
111.27 152.474
111.28 150.735
111.29 154.577
111.3 149.423
111.31 156.383
111.32 146.491
111.33 160.041
111.34 151.548
111.35 150.49
111.36 156.061
111.37 149.941
111.38 155.53
111.39 147.483
111.4 150.521
111.41 154
111.42 153.052
111.43 155.474
111.44 146.628
111.45 150.525
111.46 147.42
111.47 154.158
111.48 153.58
111.49 152.474
111.5 150.039
111.51 150.577
111.52 152.526
111.53 150.156
111.54 151
111.55 149.298
111.56 148.578
111.57 153.526
111.58 149.312
111.59 150.687
111.6 152
111.61 150.693
111.62 153.693
111.63 146.896
111.64 150.041
111.65 152.947
111.66 152.579
111.67 149.947
111.68 150.102
111.69 149.611
111.7 147.896
111.71 154.629
111.72 150.372
111.73 152.526
111.74 153
111.75 151.527
111.76 151.216
111.77 150.421
111.78 151
111.79 152.172
111.8 155.42
111.81 154
111.82 151.526
111.83 154.369
111.84 153.688
111.85 157
111.86 150.473
111.87 153.106
111.88 154.579
111.89 152.313
111.9 154.691
111.91 153.45
111.92 154.45
111.93 156.109
111.94 155.979
111.95 148.578
111.96 150.935
111.97 150
111.98 154.288
111.99 154.034
112 147.839
112.01 150.021
112.02 147.51
112.03 149.447
112.04 150.022
112.05 148.489
112.06 152.489
112.07 151.014
112.08 150.043
112.09 148.978
112.1 145.464
112.11 153.504
112.12 153.99
112.13 152.495
112.14 147.495
112.15 152.033
112.16 147.956
112.17 152.505
112.18 154.483
112.19 146.483
112.2 151.505
112.21 149.937
112.22 151.085
112.23 155.94
112.24 148.065
112.25 158.467
112.26 149.367
112.27 154.741
112.28 152.838
112.29 148.837
112.3 158.688
112.31 151
112.32 156.306
112.33 153.777
112.34 153.164
112.35 151.893
112.36 150.364
112.37 154.474
112.38 152.056
112.39 155.109
112.4 147.898
112.41 151.159
112.42 148.891
112.43 151.65
112.44 151.89
112.45 146.416
112.46 151.636
112.47 152.364
112.48 149.433
112.49 149.898
112.5 150.757
112.51 148.578
112.52 152.495
112.53 146.997
112.54 148.007
112.55 151.498
112.56 148.999
112.57 154.008
112.58 147.998
112.59 153.006
112.6 151.002
112.61 153
112.62 153.485
112.63 150.983
112.64 157.504
112.65 154.982
112.66 151.496
112.67 152.525
112.68 149.027
112.69 152.982
112.7 156.991
112.71 151.329
112.72 153.96
112.73 148.606
112.74 151.035
112.75 157.963
112.76 152.544
112.77 151.477
112.78 154.532
112.79 153.495
112.8 147.972
112.81 154.542
112.82 153.951
112.83 147.147
112.84 149.417
112.85 150.612
112.86 153.044
112.87 156.411
112.88 145.639
112.89 154.387
112.9 148.051
112.91 154.493
112.92 145
112.93 151.433
112.94 157.049
112.95 149
112.96 156.437
112.97 153.975
112.98 148
112.99 154.538
113 151.923
113.01 150
113.02 153.438
113.03 150.61
113.04 155
113.05 151.462
113.06 154.077
113.07 153.564
113.08 154.386
113.09 150.051
113.1 150
113.11 151.443
113.12 151.534
113.13 151.955
113.14 155
113.15 149
113.16 148.577
113.17 152.666
113.18 149
113.19 151.558
113.2 151.537
113.21 149.463
113.22 150.488
113.23 142.976
113.24 152
113.25 152.097
113.26 150.024
113.27 149.951
113.28 153.463
113.29 148.44
113.3 152.097
113.31 154.463
113.32 148.946
113.33 150.585
113.34 150.472
113.35 148.944
113.36 152.943
113.37 149.055
113.38 152.528
113.39 152.943
113.4 150.114
113.41 156
113.42 152.477
113.43 150.113
113.44 151.306
113.45 151.586
113.46 151.824
113.47 154.584
113.48 154
113.49 151.528
113.5 153.415
113.51 154.115
113.52 153.886
113.53 154.641
113.54 156.057
113.55 148.057
113.56 151.417
113.57 149.585
113.58 150.829
113.59 153.585
113.6 148.172
113.61 150.361
113.62 150.527
113.63 149.416
113.64 153.944
113.65 153.586
113.66 152.115
113.67 154.414
113.68 147
113.69 151.583
113.7 149.416
113.71 150.52
113.72 153.983
113.73 148.596
113.74 152.384
113.75 152.1
113.76 152.292
113.77 148.133
113.78 153.344
113.79 145.542
113.8 156.098
113.81 151.974
113.82 153.513
113.83 154.591
113.84 150.919
113.85 153.436
113.86 154.487
113.87 155.487
113.88 149.562
113.89 153
113.9 154.461
113.91 153.974
113.92 151.975
113.93 150.487
113.94 153.026
113.95 149.538
113.96 151
113.97 151.488
113.98 148
113.99 154.472
114 152.771
114.01 149.232
114.02 149.471
114.03 149.32
114.04 153.435
114.05 152.087
114.06 148.17
114.07 151.705
114.08 151.139
114.09 153.644
114.1 154.307
114.11 153.471
114.12 148.943
114.13 153.176
114.14 153.471
114.15 154.058
114.16 148.185
114.17 151.762
114.18 155.784
114.19 149.232
114.2 153.414
114.21 148.529
114.22 155.114
114.23 151.606
114.24 149.873
114.25 157.886
114.26 149.117
114.27 156.058
114.28 154.352
114.29 150.297
114.3 147.004
114.31 152.287
114.32 151.905
114.33 151.473
114.34 151.644
114.35 150.774
114.36 148.883
114.37 149.585
114.38 149.943
114.39 153
114.4 148.783
114.41 146.392
114.42 149.551
114.43 148.707
114.44 149.353
114.45 150.943
114.46 151.059
114.47 151.822
114.48 152.415
114.49 149.354
114.5 153.059
114.51 148.471
114.52 154.355
114.53 153.116
114.54 152.059
114.55 148.942
114.56 151.057
114.57 155.296
114.58 159.589
114.59 155.353
114.6 156.059
114.61 153.119
114.62 147.822
114.63 149
114.64 152.948
114.65 156.648
114.66 151.53
114.67 151.47
114.68 150.588
114.69 151.471
114.7 149.82
114.71 154.588
114.72 150.648
114.73 149.303
114.74 152.059
114.75 149.883
114.76 148.826
114.77 155.358
114.78 149.237
114.79 151.71
114.8 152.232
114.81 149.217
114.82 155.089
114.83 152.517
114.84 155.179
114.85 149.529
114.86 149.88
114.87 147.47
114.88 156.589
114.89 153.819
114.9 152.647
114.91 154.745
114.92 148.954
114.93 153
114.94 154.472
114.95 152
114.96 152.53
114.97 151
114.98 153.651
114.99 154
115 146.94
115.01 150.951
115.02 152.941
115.03 151.641
115.04 152.717
115.05 147.3
115.06 145.489
115.07 149.818
115.08 154.06
115.09 151.711
115.1 149.646
115.11 146.531
115.12 151.939
115.13 152.399
115.14 152
115.15 158.099
115.16 148.533
115.17 149.94
115.18 148.524
115.19 150.181
115.2 154.348
115.21 152.59
115.22 157.06
115.23 149.409
115.24 152
115.25 151.416
115.26 152.612
115.27 154.068
115.28 146.244
115.29 155.134
115.3 157.799
115.31 152.478
115.32 158.09
115.33 151.388
115.34 149.677
115.35 146.868
115.36 154.135
115.37 151.913
115.38 151.295
115.39 158.18
115.4 149.739
115.41 154.12
115.42 151.47
115.43 150.53
115.44 152.591
115.45 146.348
115.46 150.47
115.47 153.881
115.48 152.47
115.49 151.47
115.5 151.245
115.51 150.418
115.52 147.961
115.53 150.941
115.54 152.879
115.55 153.53
115.56 151.122
115.57 153.059
115.58 148
115.59 150.531
115.6 151.753
115.61 149.391
115.62 155.303
115.63 152
115.64 152.121
115.65 154.592
115.66 150
115.67 150.65
115.68 154.817
115.69 145.876
115.7 153.777
115.71 151.408
115.72 149.652
115.73 155.815
115.74 146.177
115.75 150.53
115.76 145.408
115.77 147.94
115.78 150
115.79 155
115.8 155.123
115.81 149.531
115.82 153.593
115.83 152.531
115.84 150.47
115.85 150
115.86 152.653
115.87 150.76
115.88 154.182
115.89 158.871
115.9 150.19
115.91 151.123
115.92 150.876
115.93 157.148
115.94 145.089
115.95 155.216
115.96 155.389
115.97 153.186
115.98 154.087
115.99 151.938
116 151.635
116.01 156.117
116.02 148.861
116.03 154.466
116.04 153.087
116.05 155.14
116.06 158
116.07 152.141
116.08 151.572
116.09 145.465
116.1 154
116.11 152.255
116.12 155.724
116.13 156.921
116.14 146.643
116.15 155
116.16 149.453
116.17 154.186
116.18 152.718
116.19 149.187
116.2 147
116.21 151.094
116.22 155.907
116.23 155.095
116.24 152.736
116.25 147.77
116.26 153.359
116.27 149.094
116.28 152.643
116.29 150.95
116.3 152.351
116.31 149.789
116.32 152.563
116.33 152.008
116.34 151.296
116.35 151.065
116.36 149.243
116.37 154.787
116.38 149.218
116.39 151.592
116.4 150.877
116.41 149.183
116.42 153.526
116.43 151.487
116.44 153.593
116.45 155.469
116.46 151.938
116.47 150.048
116.48 151.218
116.49 149.771
116.5 152.124
116.51 150
116.52 155.131
116.53 145.747
116.54 151.718
116.55 151.29
116.56 151.439
116.57 153.392
116.58 147.937
116.59 153.124
116.6 151.406
116.61 153.595
116.62 153.469
116.63 155.25
116.64 149.811
116.65 153.724
116.66 155.279
116.67 151.468
116.68 155.19
116.69 149.215
116.7 157.792
116.71 152.3
116.72 151.643
116.73 153.173
116.74 148.894
116.75 148.613
116.76 153.34
116.77 153
116.78 157.597
116.79 153
116.8 150.532
116.81 150.064
116.82 144.873
116.83 152.658
116.84 149.855
116.85 151.722
116.86 150.811
116.87 149.063
116.88 152.468
116.89 151.469
116.9 149
116.91 147.064
116.92 149.468
116.93 148.532
116.94 153.871
116.95 153.127
116.96 149.405
116.97 147.063
116.98 150.064
116.99 149.875
117 153.531
117.01 153.403
117.02 153.404
117.03 151.596
117.04 151.468
117.05 153.532
117.06 154.404
117.07 149.468
117.08 151
117.09 152.697
117.1 156.695
117.11 156.925
117.12 151
117.13 154.532
117.14 148.468
117.15 149.468
117.16 153.532
117.17 149.936
117.18 154.468
117.19 154.532
117.2 155.532
117.21 154.405
117.22 151.532
117.23 153.468
117.24 148.587
117.25 151.873
117.26 153.936
117.27 151
117.28 152
117.29 150.936
117.3 150.663
117.31 150.402
117.32 149.523
117.33 156.656
117.34 148.404
117.35 150.19
117.36 154.279
117.37 149.657
117.38 151.594
117.39 147.276
117.4 150.582
117.41 153.74
117.42 152.13
117.43 149.532
117.44 151
117.45 152.055
117.46 150.871
117.47 149.532
117.48 149.934
117.49 148.341
117.5 154.266
117.51 152.532
117.52 156.342
117.53 153.263
117.54 149.34
117.55 148.46
117.56 152.127
117.57 151.935
117.58 152.199
117.59 151.804
117.6 158.758
117.61 150.196
117.62 153.018
117.63 151.031
117.64 155.368
117.65 150.196
117.66 150.468
117.67 155.605
117.68 148.861
117.69 149.782
117.7 149.467
117.71 154.328
117.72 146.34
117.73 152.688
117.74 154.259
117.75 153.352
117.76 153.646
117.77 149
117.78 153.647
117.79 147.353
117.8 148.249
117.81 156
117.82 152.452
117.83 155.549
117.84 154.452
117.85 149.451
117.86 156.194
117.87 152.35
117.88 149.55
117.89 152
117.9 151.151
117.91 156.099
117.92 153.743
117.93 151.152
117.94 150.407
117.95 152.599
117.96 152.548
117.97 153.099
117.98 149.352
117.99 152.728
118 147.351
118.01 153.902
118.02 151.548
118.03 146.55
118.04 152.678
118.05 149.399
118.06 151.309
118.07 151.261
118.08 148.94
118.09 152.276
118.1 153.021
118.11 147.463
118.12 150.925
118.13 148.386
118.14 152.456
118.15 154
118.16 151
118.17 153.921
118.18 149.538
118.19 152.229
118.2 151.848
118.21 153
118.22 149
118.23 151.801
118.24 153.514
118.25 152.13
118.26 155.401
118.27 153.663
118.28 154.202
118.29 152.8
118.3 146.802
118.31 155.066
118.32 152.599
118.33 150.6
118.34 150.402
118.35 151
118.36 155.872
118.37 151.935
118.38 153.934
118.39 150.196
118.4 151.533
118.41 147.533
118.42 150.533
118.43 149.999
118.44 149.299
118.45 153.501
118.46 149.36
118.47 151.598
118.48 152.601
118.49 149.867
118.5 154.134
118.51 148.868
118.52 153
118.53 151.202
118.54 153.802
118.55 148.665
118.56 151.936
118.57 155.33
118.58 154.067
118.59 154.868
118.6 151.136
118.61 152.533
118.62 153
118.63 154.067
118.64 156.27
118.65 154.337
118.66 153
118.67 151.667
118.68 147.534
118.69 153.865
118.7 153.068
118.71 152.534
118.72 153.393
118.73 147.803
118.74 149
118.75 148.497
118.76 152
118.77 149
118.78 154.578
118.79 148.526
118.8 154.948
118.81 150.526
118.82 152.052
118.83 154.842
118.84 150.578
118.85 148.79
118.86 150.605
118.87 152.772
118.88 151.882
118.89 154.546
118.9 157.259
118.91 152.807
118.92 148.331
118.93 152.825
118.94 152.254
118.95 150.448
118.96 153.755
118.97 151.48
118.98 155.859
118.99 151.914
119 149.346
119.01 150.654
119.02 152.345
119.03 149.551
119.04 154
119.05 153.244
119.06 154.55
119.07 153.544
119.08 152.205
119.09 151.744
119.1 148.246
119.11 152.34
119.12 152.245
119.13 154.413
119.14 150.363
119.15 149.515
119.16 149.241
119.17 151.461
119.18 154.656
119.19 149
119.2 148.449
119.21 146.914
119.22 147.103
119.23 153.299
119.24 151.336
119.25 152.243
119.26 150.097
119.27 152.457
119.28 147.448
119.29 154.896
119.3 152.552
119.31 153.659
119.32 152.897
119.33 150.102
119.34 151.897
119.35 154.344
119.36 156.669
119.37 156.442
119.38 152.076
119.39 151
119.4 152.05
119.41 154
119.42 151.92
119.43 148.698
119.44 155.532
119.45 153.378
119.46 154.921
119.47 155.92
119.48 153.461
119.49 155.708
119.5 147.552
119.51 150
119.52 150
119.53 149.448
119.54 148.342
119.55 151.552
119.56 149.552
119.57 148.552
119.58 155.551
119.59 148.899
119.6 145.103
119.61 153.552
119.62 142.241
119.63 153.654
119.64 151.792
119.65 147.925
119.66 152.588
119.67 149.592
119.68 155.103
119.69 153
119.7 156.313
119.71 149.447
119.72 153.344
119.73 152
119.74 150.515
119.75 156.864
119.76 153.106
119.77 153.239
119.78 152.304
119.79 149.409
119.8 156.139
119.81 150.465
119.82 152.674
119.83 148.931
119.84 147.47
119.85 155.606
119.86 149.93
119.87 151.069
119.88 153.864
119.89 148.911
119.9 151.209
119.91 152.396
119.92 151.605
119.93 148.465
119.94 153
119.95 151.329
119.96 150.604
119.97 155.604
119.98 149.394
119.99 156.138
120 149.93
120.01 145.465
120.02 151.07
120.03 151.409
120.04 152.535
120.05 149.327
120.06 153.275
120.07 153.773
120.08 152
120.09 157.108
120.1 152.643
120.11 150.143
120.12 150.929
120.13 152
120.14 154.394
120.15 153.535
120.16 154.558
120.17 156
120.18 152.235
120.19 152
120.2 151.071
120.21 148.394
120.22 154
120.23 149.465
120.24 151
120.25 153.535
120.26 145.535
120.27 153.536
120.28 147.396
120.29 151
120.3 151.254
120.31 152.213
120.32 154.931
120.33 145.679
120.34 148.071
120.35 144.327
120.36 145
120.37 151.068
120.38 144.857
120.39 153.041
120.4 151.277
120.41 148.14
120.42 154.778
120.43 157.387
120.44 150.195
120.45 159.603
120.46 144.562
120.47 138.917
120.48 154.171
120.49 154.787
120.5 168.165
120.51 153.583
120.52 150.056
120.53 152
120.54 144
120.55 155.083
120.56 164.619
120.57 147.81
120.58 157.783
120.59 150.93
120.6 153.678
120.61 155.929
120.62 153.788
120.63 156.678
120.64 152
120.65 151.535
120.66 153.606
120.67 153.787
120.68 154.684
120.69 154.139
120.7 155.464
120.71 150.748
120.72 149.25
120.73 153.143
120.74 151.393
120.75 156.677
120.76 154.741
120.77 152.574
120.78 150.144
120.79 149.536
120.8 148.928
120.81 152.288
120.82 151.038
120.83 151.043
120.84 153.434
120.85 151.542
120.86 153.605
120.87 150.721
120.88 149.681
120.89 152
120.9 148.071
120.91 153.929
120.92 149.849
120.93 153.68
120.94 148.783
120.95 150.536
120.96 151
120.97 153.626
120.98 152.162
120.99 149.917
121 159
121.01 155.557
121.02 153.152
121.03 157.051
121.04 152
121.05 152.59
121.06 147.847
121.07 150.453
121.08 152.086
121.09 151.821
121.1 152.184
121.11 151.908
121.12 152.82
121.13 146.907
121.14 153.093
121.15 151.726
121.16 151.358
121.17 155.097
121.18 153.633
121.19 149.821
121.2 150.726
121.21 151.547
121.22 152
121.23 150.905
121.24 148.454
