29.58 124.538
29.59 124
29.6 124.439
29.61 125.116
29.62 122.454
29.63 125
29.64 125.1
29.65 123.549
29.66 124.445
29.67 122.101
29.68 121.902
29.69 122.742
29.7 122
29.71 123.447
29.72 126.55
29.73 126
29.74 127.451
29.75 128
29.76 127
29.77 128
29.78 126
29.79 126.4
29.8 124.201
29.81 123.451
29.82 125.733
29.83 125.451
29.84 125.55
29.85 127.451
29.86 127.9
29.87 128
29.88 128.451
29.89 128.098
29.9 128
29.91 124.55
29.92 125.465
29.93 124.078
29.94 123.923
29.95 124.538
29.96 125
29.97 125.462
29.98 127.054
29.99 126
30 126
30.01 125.077
30.02 122.923
30.03 126.085
30.04 126.717
30.05 127.064
30.06 126.636
30.07 125
30.08 123.699
30.09 123.467
30.1 123.534
30.11 123
30.12 123.932
30.13 125.533
30.14 126.068
30.15 124
30.16 125
30.17 124.475
30.18 123.506
30.19 123.951
30.2 125.438
30.21 125.526
30.22 125
30.23 123.526
30.24 122.948
30.25 123.475
30.26 122.316
30.27 128
30.28 127.474
30.29 125.577
30.3 126.41
30.31 126.051
30.32 123.522
30.33 124.47
30.34 126.932
30.35 126
30.36 127.068
30.37 124.534
30.38 123.466
30.39 124
30.4 124.466
30.41 125.937
30.42 127.933
30.43 127.466
30.44 127.534
30.45 126.933
30.46 126.466
30.47 125.466
30.48 127.932
30.49 128.601
30.5 126
30.51 124.068
30.52 123.534
30.53 124
30.54 124.466
30.55 125.466
30.56 125
30.57 127.533
30.58 129.932
30.59 131
30.6 129.466
30.61 126.534
30.62 124
30.63 124.467
30.64 125
30.65 126.534
30.66 126.535
30.67 128.067
30.68 126.534
30.69 127.477
30.7 131
30.71 131
30.72 130.453
30.73 130.605
30.74 129.441
30.75 128.679
30.76 128
30.77 129
30.78 129
30.79 127.49
30.8 129
30.81 128.482
30.82 131.481
30.83 132.641
30.84 133.221
30.85 131.481
30.86 132.481
30.87 132.519
30.88 131
30.89 132.703
30.9 131
30.91 131.519
30.92 132.038
30.93 130.481
30.94 131.52
30.95 132.519
30.96 131.519
30.97 133.519
30.98 133.963
30.99 135
31 132
31.01 132.481
31.02 131
31.03 131
31.04 131.519
31.05 132.52
31.06 133.961
31.07 133
31.08 133.825
31.09 133.686
31.1 132
31.11 132.481
31.12 132.52
31.13 133.965
31.14 134.481
31.15 133
31.16 130.52
31.17 129.519
31.18 130.52
31.19 130.445
31.2 133
31.21 133.52
31.22 133.679
31.23 135
31.24 133.04
31.25 132
31.26 131.519
31.27 131.48
31.28 131.48
31.29 132
31.3 131.039
31.31 130
31.32 130
31.33 130.308
31.34 131.998
31.35 132
31.36 132
31.37 129.629
31.38 127
31.39 125.411
31.4 123.893
31.41 127
31.42 129
31.43 131.552
31.44 130.895
31.45 127
31.46 126.803
31.47 125
31.48 124.263
31.49 126.106
31.5 125.551
31.51 124.448
31.52 124.448
31.53 124
31.54 124.553
31.55 125.883
31.56 124.552
31.57 124.552
31.58 125.105
31.59 124
31.6 122.448
31.61 123.105
31.62 122.657
31.63 121.895
31.64 122.894
31.65 123
31.66 122.894
31.67 124.893
31.68 123.552
31.69 121
31.7 120
31.71 119.447
31.72 122.369
31.73 122
31.74 123.447
31.75 122
31.76 120.801
31.77 120.264
31.78 122.553
31.79 123.103
31.8 121
31.81 121.092
31.82 117.555
31.83 115.447
31.84 116.894
31.85 119.344
31.86 121.341
31.87 121.45
31.88 120.106
31.89 120
31.9 119.894
31.91 121.345
31.92 121.105
31.93 120
31.94 120
31.95 118.455
31.96 117
31.97 118
31.98 118.45
31.99 118
32 119
32.01 120.196
32.02 119.804
32.03 120.446
32.04 121
32.05 122
32.06 122.446
32.07 120.104
32.08 119.553
32.09 118.106
32.1 119.449
32.11 119.553
32.12 121
32.13 119.894
32.14 120.106
32.15 119.893
32.16 120.557
32.17 120.105
32.18 120.447
32.19 118.893
32.2 119.446
32.21 119.448
32.22 120.554
32.23 121.554
32.24 120.446
32.25 119.554
32.26 119
32.27 119
32.28 117.661
32.29 118.447
32.3 118.445
32.31 118.448
32.32 116.892
32.33 118.107
32.34 115.553
32.35 116.554
32.36 119.446
32.37 119
32.38 118.554
32.39 120.447
32.4 119.644
32.41 120
32.42 119.2
32.43 118.555
32.44 119.447
32.45 118
32.46 120
32.47 118.269
32.48 120
32.49 119.53
32.5 119.074
32.51 119.06
32.52 119.464
32.53 118
32.54 119
32.55 118.928
32.56 119
32.57 119
32.58 119.463
32.59 121
32.6 121
32.61 117.446
32.62 118.913
32.63 118.625
32.64 118.542
32.65 120
32.66 120.87
32.67 120.046
32.68 119.393
32.69 120.466
32.7 119.537
32.71 118
32.72 116.536
32.73 117.524
32.74 118.464
32.75 118.536
32.76 117.464
32.77 118.536
32.78 118.536
32.79 118.464
32.8 119.07
32.81 117.535
32.82 119.535
32.83 119.536
32.84 119.537
32.85 119.536
32.86 122.784
32.87 117.142
32.88 114.931
32.89 127.961
32.9 116.041
32.91 117.041
32.92 123.138
32.93 109.981
32.94 121.019
32.95 127.49
32.96 113.844
32.97 119.808
32.98 120
32.99 119.452
33 126.903
33.01 121.588
33.02 117.529
33.03 123.981
33.04 124.981
33.05 116.68
33.06 125
33.07 124.706
33.08 117.961
33.09 128.039
33.1 123.608
33.11 124.98
33.12 122.034
33.13 124.031
33.14 124
33.15 124.978
33.16 119.456
33.17 123.476
33.18 126.521
33.19 125.01
33.2 126.973
33.21 124.373
33.22 124.488
33.23 124.485
33.24 127.485
33.25 127.485
33.26 127.061
33.27 126.453
33.28 126.518
33.29 125.471
33.3 126.529
33.31 128.533
33.32 127.609
33.33 127.537
33.34 127
33.35 127.564
33.36 127.958
33.37 129.48
33.38 129.958
33.39 131
33.4 131.522
33.41 132.489
33.42 132.471
33.43 130.942
33.44 132.314
33.45 131.793
33.46 131.942
33.47 132.957
33.48 133.52
33.49 131.304
33.5 131.304
33.51 134.207
33.52 132.646
33.53 135
33.54 136
33.55 135.226
33.56 134.888
33.57 135
33.58 134
33.59 134.537
33.6 135.514
33.61 135.942
33.62 136.529
33.63 135.529
33.64 136
33.65 135.471
33.66 134.575
33.67 134
33.68 136
33.69 137.471
33.7 137
33.71 136.104
33.72 137.413
33.73 135.483
33.74 135.69
33.75 135.15
33.76 137
33.77 137.147
33.78 133.588
33.79 134.021
33.8 135.781
33.81 134.065
33.82 135.469
33.83 136.874
33.84 135.533
33.85 138
33.86 135.949
33.87 135
33.88 136.333
33.89 137.037
33.9 136.782
33.91 139.349
33.92 137
33.93 137.556
33.94 135
33.95 135.444
33.96 136.444
33.97 138.331
33.98 136.633
33.99 137.383
34 135
34.01 135.11
34.02 135
34.03 136.557
34.04 135.336
34.05 136.429
34.06 136
34.07 134.222
34.08 135
34.09 134.888
34.1 134.112
34.11 135.453
34.12 134
34.13 133.889
34.14 135.075
34.15 133
34.16 135
34.17 134.462
34.18 132.538
34.19 132.308
34.2 134.194
34.21 133
34.22 132.537
34.23 132.81
34.24 131.296
34.25 130
34.26 129.463
34.27 129.463
34.28 130.538
34.29 130.537
34.3 128.462
34.31 128
34.32 128.387
34.33 127.462
34.34 126
34.35 125.924
34.36 128.538
34.37 129.935
34.38 127.593
34.39 127
34.4 124
34.41 125.394
34.42 123.565
34.43 127
34.44 126.09
34.45 124.091
34.46 124.908
34.47 125.545
34.48 126
34.49 128
34.5 127.94
34.51 129
34.52 125.53
34.53 124.94
34.54 125
34.55 123.53
34.56 123.874
34.57 126
34.58 125.546
34.59 124.3
34.6 124.436
34.61 125.544
34.62 124.093
34.63 123.455
34.64 123.544
34.65 123
34.66 124
34.67 123
34.68 125.91
34.69 125.545
34.7 124
34.71 124
34.72 123.795
34.73 122.193
34.74 123.197
34.75 123.116
34.76 121.442
34.77 121.233
34.78 120.443
34.79 121.558
34.8 120.114
34.81 119.444
34.82 121.328
34.83 121
34.84 120.558
34.85 120.116
34.86 118
34.87 118.884
34.88 119.442
34.89 119
34.9 119
34.91 119
34.92 117.461
34.93 119.463
34.94 120.077
34.95 118.257
34.96 119.462
34.97 121
34.98 119.541
34.99 121
35 121
35.01 119.515
35.02 117.585
35.03 118.682
35.04 118.682
35.05 120
35.06 120.515
35.07 120
35.08 121
35.09 117.484
35.1 119
35.11 118.485
35.12 118.484
35.13 120.488
35.14 120.484
35.15 119
35.16 119
35.17 118.108
35.18 119.733
35.19 121.428
35.2 121.571
35.21 118.571
35.22 118
35.23 116.571
35.24 115.476
35.25 118.094
35.26 118.431
35.27 119.524
35.28 117.048
35.29 118.476
35.3 118.048
35.31 118.757
35.32 121
35.33 119
35.34 116.481
35.35 116.518
35.36 116.037
35.37 117.481
35.38 117.519
35.39 116.481
35.4 116.519
35.41 117.481
35.42 120
35.43 119
35.44 118.468
35.45 117.465
35.46 118.07
35.47 117.464
35.48 116.535
35.49 117.464
35.5 120.464
35.51 121
35.52 121
35.53 123
35.54 121.536
35.55 119.465
35.56 120.929
35.57 119.536
35.58 119.438
35.59 117
35.6 120
35.61 121.951
35.62 121.944
35.63 123.946
35.64 126
35.65 124.527
35.66 123.873
35.67 122
35.68 120.528
35.69 119.064
35.7 120.464
35.71 120.464
35.72 121.464
35.73 121.929
35.74 123.391
35.75 124.536
35.76 125
35.77 126
35.78 127.464
35.79 127.536
35.8 124
35.81 124.071
35.82 121.536
35.83 120.465
35.84 122
35.85 122.536
35.86 123
35.87 126.928
35.88 126.464
35.89 127.536
35.9 124
35.91 124.927
35.92 125
35.93 122.929
35.94 127
35.95 127
35.96 125.536
35.97 125.537
35.98 126
35.99 127.463
36 126.536
36.01 127.927
36.02 129
36.03 128
36.04 127.787
36.05 126.536
36.06 126.598
36.07 127
36.08 130.465
36.09 131
36.1 128.608
36.11 128.926
36.12 126.074
36.13 125.451
36.14 125.537
36.15 127.464
36.16 127.077
36.17 128.463
36.18 129
36.19 129.481
36.2 131.472
36.21 132
36.22 130.472
36.23 131.527
36.24 129.472
36.25 130.473
36.26 129.528
36.27 127.055
36.28 129.473
36.29 128
36.3 129.753
36.31 134.482
36.32 134
36.33 135
36.34 133.076
36.35 131.445
36.36 132
36.37 130.037
36.38 129.482
36.39 129.518
36.4 129
36.41 127.481
36.42 130.704
36.43 131.972
36.44 132.899
36.45 134.445
36.46 137.445
36.47 136.075
36.48 133.518
36.49 130.038
36.5 129.962
36.51 129.587
36.52 127.315
36.53 130.629
36.54 128.395
36.55 131.463
36.56 132.451
36.57 134.452
36.58 134.452
36.59 136.097
36.6 136
36.61 135.549
36.62 134.646
36.63 132.097
36.64 129.516
36.65 132
36.66 131
36.67 132
36.68 133
36.69 130.871
36.7 135.128
36.71 132.028
36.72 132.904
36.73 135.337
36.74 136
36.75 136.251
36.76 135
36.77 133.08
36.78 133.532
36.79 133.54
36.8 133.919
36.81 135
36.82 133.081
36.83 130.606
36.84 132.707
36.85 132
36.86 133
36.87 136.494
36.88 136.46
36.89 135
36.9 134.46
36.91 132
36.92 134.54
36.93 133.25
36.94 134
36.95 134.462
36.96 131
36.97 131.54
36.98 130
36.99 132.622
37 131
37.01 133.379
37.02 134.898
37.03 135.122
37.04 134.439
37.05 134.537
37.06 133.353
37.07 134
37.08 132.316
37.09 130.258
37.1 131
37.11 130.935
37.12 131.935
37.13 134.945
37.14 135.533
37.15 133.596
37.16 133.937
37.17 133.439
37.18 132.562
37.19 134.124
37.2 132.246
37.21 133.377
37.22 134
37.23 133.542
37.24 135.542
37.25 133.606
37.26 131.585
37.27 132
37.28 132.35
37.29 131.623
37.3 129.541
37.31 130
37.32 131.931
37.33 130.501
37.34 135.102
37.35 136.12
37.36 135.561
37.37 135
37.38 132.532
37.39 131
37.4 129.044
37.41 127.968
37.42 127.476
37.43 127.282
37.44 127.474
37.45 129.423
37.46 130
37.47 129
37.48 131.474
37.49 131.684
37.5 130.211
37.51 130
37.52 128.571
37.53 125.474
37.54 126
37.55 126.46
37.56 126.461
37.57 127.077
37.58 126
37.59 126.737
37.6 125.525
37.61 125.978
37.62 126.461
37.63 124.316
37.64 125
37.65 125.526
37.66 124.474
37.67 124.526
37.68 123.526
37.69 122
37.7 122.406
37.71 122.142
37.72 122.911
37.73 124.205
37.74 124.05
37.75 124
37.76 124.369
37.77 124.053
37.78 122.526
37.79 123
37.8 122
37.81 120.95
37.82 122
37.83 123
37.84 123.461
37.85 122
37.86 121
37.87 121.871
37.88 123
37.89 123
37.9 125.541
37.91 125
37.92 122
37.93 120.542
37.94 119.542
37.95 119
37.96 120.459
37.97 122.083
37.98 122
37.99 123.585
38 122.54
38.01 121.917
38.02 123
38.03 121.139
38.04 121.083
38.05 121
38.06 119.542
38.07 119.458
38.08 120
38.09 119.459
38.1 119
38.11 119
38.12 118.917
38.13 120.459
38.14 120.542
38.15 120
38.16 118.082
38.17 117
38.18 115.917
38.19 116.459
38.2 116.458
38.21 117
38.22 117.542
38.23 116
38.24 117
38.25 115.542
38.26 117
38.27 116.449
38.28 115.437
38.29 115.563
38.3 115
38.31 115.562
38.32 116.126
38.33 117.126
38.34 117
38.35 117.437
38.36 116.445
38.37 116.564
38.38 115.563
38.39 116.686
38.4 115.563
38.41 118
38.42 116.187
38.43 118.813
38.44 117.75
38.45 116.08
38.46 116
38.47 116.457
38.48 117.459
38.49 116.371
38.5 117.373
38.51 119.085
38.52 116.458
38.53 118.458
38.54 118.542
38.55 114.915
38.56 119.542
38.57 119.084
38.58 117
38.59 117.06
38.6 115.459
38.61 118
38.62 118.542
38.63 119.458
38.64 122.391
38.65 119.45
38.66 119
38.67 119
38.68 118
38.69 119
38.7 118.437
38.71 117.814
38.72 118
38.73 117.501
38.74 117.562
38.75 119.872
38.76 121
38.77 121
38.78 121.128
38.79 120
38.8 119
38.81 120.126
38.82 120.436
38.83 120.871
38.84 121.435
38.85 120
38.86 119.562
38.87 120.875
38.88 120
38.89 121
38.9 121.872
38.91 121.874
38.92 122.437
38.93 122.872
38.94 124.107
38.95 122.436
38.96 123.547
38.97 123.557
38.98 124
38.99 124.917
39 124.436
39.01 126.522
39.02 126
39.03 126
39.04 125.458
39.05 126.457
39.06 125.462
39.07 126
39.08 126.085
39.09 127.458
39.1 126
39.11 127
39.12 127.709
39.13 126.291
39.14 127.915
39.15 128.543
39.16 128.54
39.17 128.458
39.18 128
39.19 126.566
39.2 125.92
39.21 126.915
39.22 127.458
39.23 129
39.24 129.543
39.25 130.915
39.26 129.094
39.27 127.916
39.28 128.543
39.29 130.457
39.3 131.543
39.31 132
39.32 132.543
39.33 130.085
39.34 129
39.35 128.457
39.36 130
39.37 129.458
39.38 131
39.39 131.543
39.4 130.543
39.41 129
39.42 128.29
39.43 129.58
39.44 132.652
39.45 131.457
39.46 132
39.47 131.543
39.48 130.543
39.49 130
39.5 131.914
39.51 131.457
39.52 131.538
39.53 130
39.54 131.457
39.55 131.543
39.56 131
39.57 132.616
39.58 131
39.59 130.543
39.6 128.544
39.61 129.914
39.62 131.456
39.63 132.456
39.64 132.544
39.65 132.632
39.66 133
39.67 132.944
39.68 133.457
39.69 133.624
39.7 132.086
39.71 131.544
39.72 130
39.73 131
39.74 132
39.75 134
39.76 131
39.77 131.558
39.78 134.565
39.79 135
39.8 135
39.81 135
39.82 133.29
39.83 131.086
39.84 129.543
39.85 130.369
39.86 133
39.87 132.916
39.88 132.543
39.89 131.913
39.9 132.913
39.91 132.458
39.92 134.913
39.93 135.087
39.94 134.539
39.95 133.457
39.96 133.544
39.97 132.369
39.98 133
39.99 130.544
40 131
40.01 131
40.02 131.456
40.03 134.457
40.04 136.544
40.05 135.088
40.06 134.087
40.07 134.077
40.08 131.368
40.09 135
40.1 134
40.11 132
40.12 133.544
40.13 131
40.14 131
40.15 132.456
40.16 133.913
40.17 135
40.18 134.543
40.19 135.544
40.2 133.087
40.21 131.913
40.22 134
40.23 133.391
40.24 132.579
40.25 133
40.26 131.35
40.27 132.804
40.28 132.091
40.29 132
40.3 132
40.31 131.87
40.32 132.698
40.33 133
40.34 132.441
40.35 133.866
40.36 135
40.37 134.435
40.38 135
40.39 134.066
40.4 133.058
40.41 132.541
40.42 131
40.43 131.458
40.44 131.915
40.45 133
40.46 131.543
40.47 131
40.48 131.458
40.49 133.545
40.5 132.373
40.51 133
40.52 134.086
40.53 132.916
40.54 133.543
40.55 131.086
40.56 129.543
40.57 130.086
40.58 130
40.59 130.373
40.6 132.543
40.61 132.458
40.62 133.085
40.63 131.458
40.64 130.086
40.65 130
40.66 130
40.67 130
40.68 131
40.69 131.552
40.7 132
40.71 131.434
40.72 129.433
40.73 127.434
40.74 129
40.75 128.433
40.76 128.866
40.77 130.434
40.78 130.566
40.79 130
40.8 129.434
40.81 128.565
40.82 128.433
40.83 127.868
40.84 128.434
40.85 126.567
40.86 126.859
40.87 128.544
40.88 126.072
40.89 125.554
40.9 127.105
40.91 126
40.92 127
40.93 127
40.94 127.444
40.95 126.555
40.96 127.444
40.97 126
40.98 126
40.99 126.11
41 124
41.01 124.435
41.02 125.183
41.03 125
41.04 126.634
41.05 125.308
41.06 124
41.07 124
41.08 123.546
41.09 122
41.1 123.455
41.11 125
41.12 125
41.13 125
41.14 124.089
41.15 124.545
41.16 125
41.17 124.545
41.18 121
41.19 119.545
41.2 121
41.21 120.455
41.22 121.82
41.23 122.634
41.24 121.455
41.25 125
41.26 120.545
41.27 120.089
41.28 119
41.29 120.935
41.3 122.093
41.31 120.572
41.32 122
41.33 119.049
41.34 117.049
41.35 115.524
41.36 114.524
41.37 117.425
41.38 118
41.39 120.69
41.4 119.259
41.41 119.476
41.42 118.469
41.43 117.06
41.44 117.47
41.45 117.53
41.46 118.53
41.47 118.06
41.48 118.523
41.49 118
41.5 117.41
41.51 119.53
41.52 117.53
41.53 116
41.54 115
41.55 113.403
41.56 114.831
41.57 115
41.58 117.742
41.59 117.544
41.6 116.636
41.61 115
41.62 113.909
41.63 116.911
41.64 116
41.65 118.545
41.66 118.547
41.67 118
41.68 117
41.69 117
41.7 115.135
41.71 114
41.72 115.432
41.73 116.433
41.74 114.431
41.75 116.432
41.76 116
41.77 115
41.78 116.432
41.79 117.446
41.8 118
41.81 117.377
41.82 119
41.83 118.136
41.84 117.614
41.85 115.636
41.86 114.819
41.87 115.432
41.88 115.865
41.89 116.556
41.9 117
41.91 118.569
41.92 117.569
41.93 117.568
41.94 116
41.95 115.431
41.96 118
41.97 117.568
41.98 119.432
41.99 118.433
42 118.568
42.01 116
42.02 117.431
42.03 117
42.04 115.863
42.05 118.432
42.06 118.139
42.07 118.431
42.08 118.569
42.09 117.568
42.1 116.296
42.11 118.293
42.12 120.138
42.13 120.567
42.14 119.138
42.15 120.568
42.16 120
42.17 118.568
42.18 118.431
42.19 117
42.2 116.819
42.21 116.758
42.22 118.431
42.23 119
42.24 119.431
42.25 120
42.26 120.431
42.27 121.431
42.28 120.432
42.29 121
42.3 120.568
42.31 120.568
42.32 120
42.33 121
42.34 120.569
42.35 120.562
42.36 122.861
42.37 122
42.38 120.431
42.39 123.431
42.4 122
42.41 121.722
42.42 129.275
42.43 121.706
42.44 127
42.45 125.723
42.46 127.138
42.47 124.432
42.48 126.863
42.49 126.139
42.5 125
42.51 127.708
42.52 127.139
42.53 127.431
42.54 129
42.55 127.443
42.56 128
42.57 127.432
42.58 126.862
42.59 132.138
42.6 130.434
42.61 132.43
42.62 129.57
42.63 131.708
42.64 131.43
42.65 131
42.66 127.861
42.67 127.819
42.68 128.636
42.69 128.269
42.7 131
42.71 130.569
42.72 129.569
42.73 130.43
42.74 131.57
42.75 130
42.76 130.43
42.77 132.427
42.78 132
42.79 130.57
42.8 129.862
42.81 129.432
42.82 129.43
42.83 129
42.84 129
42.85 128.121
42.86 129.346
42.87 128
42.88 129
42.89 130.454
42.9 133
42.91 133.547
42.92 133.453
42.93 134
42.94 133.093
42.95 132
42.96 134
42.97 134.092
42.98 130.547
42.99 132.454
43 132.546
43.01 132.546
43.02 130.453
43.03 132.453
43.04 133.612
43.05 131.713
43.06 132.286
43.07 132.651
43.08 133
43.09 134.547
43.1 135.453
43.11 135.093
43.12 135
43.13 136
43.14 136
43.15 133
43.16 133
43.17 134.901
43.18 133.09
43.19 132.547
43.2 133
43.21 133.094
43.22 134.453
43.23 134.096
43.24 134
43.25 133.811
43.26 135.547
43.27 135.907
43.28 135
43.29 134.093
43.3 133.095
43.31 132.093
43.32 132
43.33 131.453
43.34 133.453
43.35 135.907
43.36 135.641
43.37 133
43.38 133
43.39 131.094
43.4 130.448
43.41 132
43.42 134
43.43 132.453
43.44 133
43.45 133
43.46 132.548
43.47 131.452
43.48 130.453
43.49 131
43.5 134
43.51 134.453
43.52 135
43.53 133.548
43.54 131.547
43.55 131
43.56 131
43.57 130.547
43.58 129.905
43.59 131.906
43.6 133.453
43.61 135
43.62 134.453
43.63 135.904
43.64 134
43.65 132
43.66 133
43.67 133
43.68 134
43.69 134.453
43.7 136.095
43.71 134.547
43.72 132
43.73 132
43.74 132
43.75 130.094
43.76 129.453
43.77 131.452
43.78 133.548
43.79 135
43.8 135
43.81 135.196
43.82 133
43.83 132.294
43.84 134
43.85 133.921
43.86 133.906
43.87 134.905
43.88 134.095
43.89 131.095
43.9 129.547
43.91 128
43.92 129.548
43.93 129
43.94 130.453
43.95 131.453
43.96 131
43.97 130
43.98 130.959
43.99 129.571
44 129.563
44.01 130.121
44.02 130
44.03 130.572
44.04 128
44.05 128
44.06 128
44.07 127
44.08 127.428
44.09 127
44.1 126.43
44.11 127
44.12 127
44.13 127
44.14 128
44.15 127.094
44.16 127
44.17 125.548
44.18 124.548
44.19 124.547
44.2 124
44.21 124
44.22 125.452
44.23 125.096
44.24 124
44.25 125.549
44.26 123.613
44.27 124
44.28 124
44.29 125.453
44.3 125.547
44.31 125.547
44.32 124.548
44.33 123.096
44.34 121.548
44.35 121.458
44.36 120.452
44.37 121.452
44.38 122.096
44.39 121.452
44.4 122.451
44.41 122.548
44.42 121.916
44.43 122
44.44 120.452
44.45 122.55
44.46 122.548
44.47 121.452
44.48 121.548
44.49 121
44.5 121
44.51 120.548
44.52 120.097
44.53 120
44.54 119.451
44.55 119.452
44.56 120
44.57 120
44.58 120
44.59 119.541
44.6 119
44.61 120.074
44.62 119.452
44.63 119.451
44.64 119.451
44.65 119.097
44.66 120
44.67 119.53
44.68 119.476
44.69 118.464
44.7 117.455
44.71 117.389
44.72 118.287
44.73 119
44.74 119.551
44.75 119
44.76 118
44.77 120.097
44.78 118.537
44.79 118.549
44.8 118
44.81 119
44.82 117.452
44.83 117.904
44.84 117
44.85 115.549
44.86 116.903
44.87 118.452
44.88 119
44.89 118.549
44.9 119
44.91 119.096
44.92 119
44.93 120
44.94 119.451
44.95 121.549
44.96 120
44.97 120.549
44.98 118.549
44.99 117.352
45 117.549
45.01 118
45.02 117.549
45.03 117.549
45.04 117.451
45.05 117.549
45.06 118.451
45.07 118.902
45.08 120.451
45.09 120.451
45.1 122.451
45.11 123
45.12 122.457
45.13 122.549
45.14 121
45.15 120.451
45.16 120
45.17 118.568
45.18 120.709
45.19 119.659
45.2 119
45.21 120.549
45.22 119.549
45.23 121.451
45.24 121.451
45.25 121.451
45.26 123.352
45.27 125
45.28 125
45.29 125.097
45.3 123.549
45.31 121.903
45.32 123
45.33 121
45.34 122.549
45.35 122.549
45.36 123
45.37 122.451
45.38 123
45.39 124.193
45.4 124.907
45.41 123
45.42 126
45.43 126
45.44 126.426
45.45 127
45.46 125.659
45.47 126
45.48 124.177
45.49 125
45.5 125
45.51 125.147
45.52 125
45.53 125.149
45.54 125.574
45.55 124.426
45.56 127.426
45.57 126.426
45.58 128
45.59 128.427
45.6 128
45.61 127.426
45.62 126.573
45.63 125
45.64 125.426
45.65 125.574
45.66 124
45.67 124.85
45.68 126
45.69 126
45.7 125.425
45.71 124
45.72 123.427
45.73 125.147
45.74 123.852
45.75 127.426
45.76 126.149
45.77 124.574
45.78 127.345
45.79 128.824
45.8 127.532
45.81 126
45.82 124.565
45.83 126
45.84 127.15
45.85 125
45.86 126.426
45.87 125.574
45.88 124.426
45.89 126.425
45.9 127.85
45.91 129.425
45.92 127
45.93 126.853
45.94 127
45.95 128.161
45.96 129.425
45.97 127
45.98 128.425
45.99 129
46 127.575
46.01 125
46.02 126.418
46.03 124.148
46.04 124.274
46.05 127.424
46.06 128.152
46.07 130.151
46.08 130.573
46.09 130.85
46.1 131
46.11 131
46.12 131.849
46.13 131.62
46.14 130
46.15 131
46.16 128.552
46.17 128.379
46.18 129.106
46.19 126.142
46.2 126.173
46.21 125.12
46.22 123.438
46.23 126.439
46.24 127.438
46.25 129.438
46.26 128.431
46.27 129.563
46.28 129.398
46.29 129.564
46.3 128.437
46.31 128.293
46.32 126.899
46.33 126
46.34 128
46.35 128.562
46.36 129
46.37 127.563
46.38 127
46.39 126
46.4 125.725
