0.000000 134
0.01 134.692
0.02 134.727
0.03 134
0.04 134
0.05 133.702
0.06 133.297
0.07 134
0.08 134
0.09 134.703
0.1 134
0.11 134
0.12 133
0.13 133.299
0.14 134.297
0.15 135
0.16 134
0.17 133
0.18 133
0.19 133
0.2 134
0.21 134
0.22 134
0.23 134
0.24 133.298
0.25 134
0.26 134
0.27 134
0.28 134
0.29 134
0.3 134
0.31 135
0.32 134.696
0.33 134.685
0.34 134
0.35 134.306
0.36 135
0.37 135
0.38 135
0.39 135
0.4 135
0.41 135
0.42 135
0.43 134.205
0.44 135
0.45 136
0.46 135.792
0.47 135
0.48 134
0.49 135.207
0.5 137
0.51 135.793
0.52 135
0.53 135
0.54 135
0.55 135.207
0.56 136.208
0.57 138
0.58 136.575
0.59 134.133
0.6 134.462
0.61 137.206
0.62 138.792
0.63 135.807
0.64 134.791
0.65 134.208
0.66 136
0.67 137
0.68 137
0.69 135.792
0.7 136
0.71 136
0.72 135.029
0.73 135.986
0.74 136
0.75 136.207
0.76 135.793
0.77 135
0.78 135.207
0.79 137
0.8 135.793
0.81 134
0.82 134
0.83 135.165
0.84 136
0.85 135.692
0.86 135
0.87 135
0.88 136
0.89 135
0.9 133.696
0.91 133.304
0.92 135.305
0.93 137.305
0.94 137.375
0.95 133.696
0.96 132
0.97 133.522
0.98 137.275
0.99 139.862
1 135.504
1.01 131.695
1.02 131
1.03 133.165
1.04 135.414
1.05 137
1.06 133.833
1.07 132.696
1.08 133.304
1.09 133.696
1.1 134
1.11 134
1.12 134.208
1.13 135
1.14 135.792
1.15 134.793
1.16 133.794
1.17 132.794
1.18 132.413
1.19 136
1.2 136.773
1.21 134.551
1.22 131.547
1.23 130.453
1.24 134.45
1.25 138.227
1.26 137.547
1.27 133.321
1.28 129
1.29 130.451
1.3 136.678
1.31 138.773
1.32 135.547
1.33 130.548
1.34 129.231
1.35 132.903
1.36 136.863
1.37 135.774
1.38 133.774
1.39 132
1.4 132.207
1.41 133.207
1.42 134.975
1.43 136
1.44 135
1.45 134
1.46 132.793
1.47 133.206
1.48 135.206
1.49 138
1.5 136.587
1.51 133.793
1.52 133
1.53 133.206
1.54 135.415
1.55 139
1.56 137.587
1.57 134.791
1.58 132
1.59 134.206
1.6 137.412
1.61 137.794
1.62 134.794
1.63 135
1.64 134.138
1.65 137
1.66 137
1.67 134.593
1.68 133
1.69 134.413
1.7 137
1.71 135.793
1.72 134.413
1.73 136
1.74 134.863
1.75 131.634
1.76 131.166
1.77 135.913
1.78 138.588
1.79 135.079
1.8 132
1.81 133
1.82 133.206
1.83 134.853
1.84 134.777
1.85 132.589
1.86 131
1.87 133.206
1.88 135.706
1.89 135.206
1.9 134.794
1.91 132.726
1.92 129.307
1.93 133.303
1.94 136.304
1.95 137.695
1.96 135.543
1.97 133
1.98 133.303
1.99 135
2 137
2.01 136
2.02 135.407
2.03 134
2.04 134
2.05 135.295
2.06 135
2.07 135.296
2.08 135
2.09 135
2.1 135
2.11 134.806
2.12 134.194
2.13 134.614
2.14 133
2.15 133.192
2.16 135.194
2.17 136.807
2.18 134.42
2.19 131.128
2.2 132
2.21 133.194
2.22 136.579
2.23 138.614
2.24 134.615
2.25 131.807
2.26 131
2.27 134.885
2.28 139.924
2.29 138.228
2.3 132.808
2.31 133.077
2.32 134.196
2.33 137
2.34 138.689
2.35 134.41
2.36 133
2.37 136.193
2.38 137.193
2.39 138.609
2.4 135.804
2.41 133
2.42 134.393
2.43 138
2.44 136.614
2.45 132.807
2.46 135
2.47 137.575
2.48 137.969
2.49 132
2.5 132.192
2.51 136.41
2.52 138.808
2.53 135.422
2.54 131
2.55 131
2.56 134.887
2.57 138.924
2.58 136.233
2.59 131.808
2.6 131.192
2.61 135
2.62 136
2.63 134.807
2.64 133
2.65 133.383
2.66 136.813
2.67 135.614
2.68 132.192
2.69 132
2.7 134.192
2.71 136
2.72 134.411
2.73 132.154
2.74 132.706
2.75 132.705
2.76 134.294
2.77 134.409
2.78 133
2.79 132.039
2.8 132
2.81 132.589
2.82 133.701
2.83 133.705
2.84 131
2.85 132
2.86 134.193
2.87 132.808
2.88 132.807
2.89 132.382
2.9 134.616
2.91 133.97
2.92 132.116
2.93 131.039
2.94 131.192
2.95 133.128
2.96 134.353
2.97 135
2.98 134
2.99 134
3 132.208
3.01 134
3.02 132.776
3.03 132.446
3.04 135.224
3.05 135.821
3.06 132
3.07 133.966
3.08 132.632
3.09 134.685
3.1 133.018
3.11 132.31
3.12 134.647
3.13 137.423
3.14 134.323
3.15 130.617
3.16 130.192
3.17 132.441
3.18 135.796
3.19 135.203
3.2 133.594
3.21 131.797
3.22 131.407
3.23 131.797
3.24 133
3.25 132.204
3.26 135
3.27 136
3.28 133.424
3.29 131
3.3 131.383
3.31 134
3.32 134.845
3.33 131
3.34 130.808
3.35 131.382
3.36 132.191
3.37 133.426
3.38 130.808
3.39 129.383
3.4 132.934
3.41 133.961
3.42 131.745
3.43 130
3.44 131.381
3.45 133
3.46 134.808
3.47 132
3.48 131.808
3.49 131.192
3.5 132
3.51 134.193
3.52 135.811
3.53 134
3.54 131.81
3.55 131.191
3.56 132.192
3.57 134.191
3.58 133
3.59 134
3.6 134
3.61 132.951
3.62 130.847
3.63 131.883
3.64 135
3.65 132.409
3.66 131
3.67 131
3.68 131.961
3.69 135.064
3.7 134.412
3.71 133.252
3.72 133
3.73 132.118
3.74 130.588
3.75 133.295
3.76 134.706
3.77 133
3.78 133.294
3.79 133
3.8 132.804
3.81 132.354
3.82 134.809
3.83 133
3.84 133.38
3.85 135.809
3.86 134.034
3.87 134
3.88 134.627
3.89 131.706
3.9 132
3.91 134.587
3.92 135.413
3.93 133.108
3.94 134
3.95 134.706
3.96 131
3.97 131.3
3.98 132.96
3.99 136.299
4 134.81
4.01 133
4.02 132.81
4.03 130.379
4.04 134
4.05 135.19
4.06 135.809
4.07 133
4.08 132.647
4.09 134.618
4.1 132.191
4.11 135
4.12 134.191
4.13 132
4.14 133.811
4.15 132.508
4.16 135
4.17 134.497
4.18 131.618
4.19 130.394
4.2 134
4.21 134.962
4.22 135.039
4.23 131.19
4.24 131.253
4.25 132.862
4.26 135
4.27 134.494
4.28 131.19
4.29 134
4.3 134
4.31 133.811
4.32 132
4.33 134.294
4.34 134
4.35 134.81
4.36 132.747
4.37 131.19
4.38 133.69
4.39 136.811
4.4 134.492
4.41 131
4.42 132
4.43 132.252
4.44 134
4.45 134.255
4.46 135
4.47 133.494
4.48 132
4.49 131.253
4.5 132
4.51 133.505
4.52 134.747
4.53 134
4.54 134
4.55 132.257
4.56 132
4.57 131.747
4.58 131.279
4.59 132.536
4.6 134
4.61 136
4.62 134
4.63 133.397
4.64 131
4.65 131.27
4.66 135
4.67 134
4.68 134.754
4.69 134
4.7 131.746
4.71 130.748
4.72 132.504
4.73 135
4.74 133.748
4.75 132
4.76 133.504
4.77 133.747
4.78 133.485
4.79 130.505
4.8 131.736
4.81 134.305
4.82 134.302
4.83 135
4.84 134.086
4.85 131
4.86 130.304
4.87 133.091
4.88 134.227
4.89 133.931
4.9 131.821
4.91 131
4.92 135.146
4.93 134
4.94 132.412
4.95 133.589
4.96 133.412
4.97 134
4.98 133.71
4.99 133.717
5 130.277
5.01 133
5.02 134.28
5.03 133.279
5.04 136.438
5.05 133.565
5.06 134.155
5.07 132.283
5.08 133
5.09 134
5.1 134.282
5.11 134.437
5.12 132
5.13 134.502
5.14 132.85
5.15 132.959
5.16 132
5.17 132.502
5.18 134.602
5.19 133.394
5.2 132.606
5.21 133.607
5.22 132.276
5.23 132.56
5.24 132
5.25 132
5.26 134
5.27 132.747
5.28 134
5.29 131.495
5.3 130.751
5.31 132.748
5.32 132.748
5.33 134
5.34 133
5.35 135.251
5.36 134.875
5.37 132
5.38 132
5.39 132.394
5.4 135
5.41 134.02
5.42 133
5.43 133
5.44 132
5.45 132
5.46 132
5.47 132.283
5.48 134
5.49 133.025
5.5 132
5.51 133.281
5.52 134
5.53 133.281
5.54 133.72
5.55 132.282
5.56 134
5.57 134
5.58 133
5.59 131.594
5.6 131.407
5.61 132
5.62 132.406
5.63 134.404
5.64 134.439
5.65 132
5.66 132
5.67 132
5.68 132
5.69 134
5.7 134.56
5.71 135
5.72 135
5.73 133.445
5.74 132.28
5.75 132.749
5.76 132
5.77 134.752
5.78 137
5.79 134.749
5.8 132.25
5.81 132.499
5.82 132.5
5.83 135
5.84 135
5.85 133
5.86 134.393
5.87 135.607
5.88 133.607
5.89 133
5.9 132.751
5.91 132
5.92 134.917
5.93 135
5.94 132
5.95 132.25
5.96 132.876
5.97 131.607
5.98 131
5.99 130
6 130.275
6.01 131.304
6.02 132.292
6.03 132.709
6.04 131.71
6.05 130
6.06 130
6.07 130.291
6.08 132.291
6.09 133
6.1 133
6.11 132.709
6.12 133
6.13 131.538
6.14 130.72
6.15 131
6.16 131
6.17 132.531
6.18 134
6.19 132.594
6.2 131
6.21 131.405
6.22 133.406
6.23 134
6.24 134.737
6.25 134
6.26 132.833
6.27 132.406
6.28 132
6.29 132
6.3 133.406
6.31 134
6.32 133.663
6.33 130.595
6.34 130
6.35 130
6.36 131.405
6.37 133.405
6.38 134
6.39 132.594
6.4 132
6.41 130.37
6.42 128
6.43 129.405
6.44 132.406
6.45 135
6.46 132.595
6.47 130.595
6.48 129
6.49 130.4
6.5 132
6.51 133
6.52 132.607
6.53 132
6.54 131.75
6.55 130
6.56 131.247
6.57 132
6.58 133.248
6.59 132
6.6 131
6.61 131
6.62 131
6.63 131
6.64 133.292
6.65 135.752
6.66 132.752
6.67 131.751
6.68 132
6.69 133
6.7 133.249
6.71 134
6.72 133
6.73 132.752
6.74 132
6.75 132.249
6.76 132.851
6.77 133.391
6.78 135
6.79 133.608
6.8 132
6.81 129.217
6.82 128.392
6.83 131
6.84 132.392
6.85 134
6.86 133.608
6.87 131.608
6.88 129.607
6.89 129.608
6.9 129
6.91 129
6.92 129
6.93 129.392
6.94 130.392
6.95 131
6.96 131
6.97 131
6.98 131.608
6.99 130.608
7 129
7.01 129.393
7.02 131.392
7.03 133.392
7.04 134
7.05 132
7.06 132
7.07 132
7.08 132.392
7.09 133
7.1 133
7.11 133.392
7.12 134
7.13 131.608
7.14 131
7.15 132.784
7.16 135
7.17 136
7.18 133.608
7.19 131.609
7.2 130.616
7.21 131
7.22 132.812
7.23 134
7.24 134.406
7.25 133.594
7.26 132
7.27 131.405
7.28 131.594
7.29 132.405
7.3 134.406
7.31 135
7.32 135
7.33 132.182
7.34 130
7.35 131.405
7.36 133
7.37 133
7.38 132.139
7.39 132
7.4 131
7.41 131
7.42 131
7.43 132.083
7.44 133
7.45 132.478
7.46 130.85
7.47 130
7.48 129.391
7.49 130.391
7.5 131
7.51 131
7.52 130.044
7.53 130
7.54 130
7.55 130.609
7.56 130
7.57 130
7.58 130.391
7.59 130.391
7.6 131.608
7.61 131.392
7.62 131.754
7.63 130.246
7.64 131
7.65 132.489
7.66 133.247
7.67 132
7.68 131
7.69 132
7.7 132.392
7.71 132
7.72 133
7.73 133
7.74 132
7.75 131
7.76 131
7.77 132
7.78 132
7.79 132
7.8 132
7.81 132
7.82 133
7.83 133
7.84 133
7.85 131.738
7.86 131
7.87 131.738
7.88 130
7.89 131.262
7.9 132.261
7.91 133
7.92 134.739
7.93 132.87
7.94 131.608
7.95 130
7.96 130.391
7.97 132.39
7.98 133
7.99 134
8 132.609
8.01 132
8.02 132
8.03 131
8.04 131.608
8.05 131
8.06 132
8.07 132
8.08 131.609
8.09 131.391
8.1 130.609
8.11 131
8.12 132
8.13 131
8.14 132
8.15 130.609
8.16 131.391
8.17 131
8.18 131
8.19 130
8.2 129.391
8.21 129
8.22 129.391
8.23 130
8.24 130
8.25 129.122
8.26 131
8.27 130
8.28 131
8.29 130.609
8.3 130
8.31 130
8.32 131
8.33 131
8.34 132
8.35 131.754
8.36 131.246
8.37 132
8.38 132
8.39 132
8.4 132
8.41 132.599
8.42 132.721
8.43 133
8.44 132
8.45 133
8.46 133
8.47 133
8.48 131.726
8.49 130.726
8.5 131
8.51 132
8.52 133.275
8.53 132
8.54 131.275
8.55 131
8.56 132
8.57 132
8.58 131.029
8.59 131
8.6 131
8.61 130.725
8.62 130
8.63 130
8.64 130
8.65 132
8.66 131.274
8.67 131.725
8.68 131
8.69 130
8.7 131
8.71 131
8.72 131
8.73 131
8.74 131.166
8.75 131
8.76 131
8.77 130
8.78 130
8.79 131
8.8 131.403
8.81 132.403
8.82 132.589
8.83 131.592
8.84 132
8.85 131.858
8.86 131.171
8.87 132.592
8.88 131.592
8.89 131.408
8.9 131
8.91 131
8.92 132
8.93 131.593
8.94 132
8.95 131.592
8.96 131.592
8.97 131
8.98 131
8.99 131
9 132
9.01 130.631
9.02 130
9.03 130.742
9.04 130
9.05 131
9.06 131
9.07 130
9.08 131
9.09 131
9.1 132
9.11 132
9.12 131.036
9.13 131
9.14 131
9.15 131
9.16 131.245
9.17 132
9.18 132
9.19 132
9.2 131
9.21 131.756
9.22 131
9.23 130
9.24 131.244
9.25 132
9.26 132
9.27 132
9.28 131
9.29 130.757
9.3 130.243
9.31 132.244
9.32 133.756
9.33 132
9.34 131.39
9.35 131
9.36 131.39
9.37 133.39
9.38 132.609
9.39 133
9.4 130.61
9.41 131
9.42 131
9.43 132
9.44 132
9.45 132
9.46 131
9.47 130
9.48 129.244
9.49 131
9.5 132
9.51 132.517
9.52 131
9.53 129.757
9.54 129.743
9.55 130.242
9.56 131
9.57 132.243
9.58 131
9.59 131.242
9.6 132.759
9.61 131
9.62 131
9.63 130.759
9.64 130
9.65 130.758
9.66 132.242
9.67 134
9.68 132.516
9.69 130
9.7 128.758
9.71 128
9.72 129.241
9.73 130.264
9.74 132.487
9.75 134
9.76 132.759
9.77 131
9.78 130
9.79 129.243
9.8 130.242
9.81 131.242
9.82 133
9.83 133
9.84 131
9.85 130.758
9.86 129.759
9.87 131.242
9.88 132
9.89 132
9.9 132
9.91 132
9.92 132.953
9.93 133
9.94 131
9.95 132
9.96 131
9.97 131
9.98 131
9.99 131
10 131
10.01 131
10.02 131
10.03 131
10.04 130
10.05 131
10.06 130
10.07 131.389
10.08 132
10.09 132
10.1 132.61
10.11 131.611
10.12 130.389
10.13 131
10.14 131.396
10.15 133.395
10.16 134
10.17 133
10.18 132.604
10.19 132
10.2 131
10.21 131
10.22 132.82
10.23 135
10.24 133.729
10.25 132.729
10.26 128.729
10.27 128.272
10.28 129.271
10.29 130.27
10.3 131.271
10.31 132.728
10.32 132.729
10.33 130.727
10.34 128.796
10.35 128
10.36 129
10.37 131.973
10.38 132.729
10.39 131.729
10.4 130.728
10.41 129
10.42 129.729
10.43 129
10.44 129.406
10.45 131.4
10.46 132.604
10.47 133
10.48 131.603
10.49 131
10.5 129.604
10.51 129
10.52 130.395
10.53 131
10.54 132
10.55 132.605
10.56 131.604
10.57 130.603
10.58 130
10.59 130
10.6 131
10.61 132.395
10.62 133
10.63 133
10.64 132.605
10.65 130.605
10.66 130.604
10.67 130
10.68 131.799
10.69 133.395
10.7 133
10.71 133.491
10.72 130.748
10.73 130
10.74 129.408
10.75 131.401
10.76 133.407
10.77 134
10.78 133
10.79 131
10.8 130
10.81 130.406
10.82 131.408
10.83 132.403
10.84 132
10.85 132
10.86 132
10.87 131
10.88 130
10.89 130.395
10.9 131.396
10.91 132
10.92 132
10.93 130.604
10.94 129
10.95 129
10.96 131
10.97 132
10.98 131
10.99 131
11 130.604
11.01 130
11.02 129
11.03 128.396
11.04 130.394
11.05 132
11.06 131.611
11.07 129.611
11.08 128
11.09 129
11.1 129.389
11.11 131
11.12 131
11.13 132
11.14 131
11.15 131
11.16 131
11.17 129.611
11.18 130.389
11.19 132
11.2 133.388
11.21 133
11.22 132.612
11.23 132.612
11.24 132.622
11.25 132
11.26 133.388
11.27 133
11.28 133
11.29 134
11.3 132.445
11.31 132
11.32 131.24
11.33 132
11.34 132
11.35 132
11.36 131.239
11.37 130.76
11.38 130.238
11.39 130
11.4 129.761
11.41 130.179
11.42 131.96
11.43 131.041
11.44 129.04
11.45 128
11.46 128.238
11.47 130
11.48 131
11.49 130.761
11.5 130
11.51 129
11.52 129
11.53 129
11.54 129.24
11.55 130.238
11.56 131
11.57 131
11.58 130.762
11.59 129.762
11.6 130
11.61 130.239
11.62 132
11.63 132
11.64 132.76
11.65 132
11.66 131
11.67 131.24
11.68 130
11.69 131
11.7 132.478
11.71 134.29
11.72 130.82
11.73 129.041
11.74 130.921
11.75 132
11.76 131
11.77 130
11.78 132
11.79 131
11.8 131.238
11.81 131.762
11.82 132
11.83 132.764
11.84 132
11.85 132
11.86 132.762
11.87 130.761
11.88 130
11.89 131.238
11.9 130.763
11.91 130.762
11.92 129
11.93 130.238
11.94 130.764
11.95 129
11.96 129
11.97 130.239
11.98 131
11.99 131
12 130.756
12.01 128.524
12.02 127
12.03 127.238
12.04 129
12.05 129
12.06 129.237
12.07 130
12.08 131
12.09 131.762
12.1 130.53
12.11 128.237
12.12 129
12.13 131.479
12.14 134.526
12.15 132
12.16 131
12.17 131.235
12.18 132
12.19 133.239
12.2 132.763
12.21 132
12.22 131
12.23 131
12.24 131.388
12.25 131
12.26 130.387
12.27 132
12.28 132
12.29 132
12.3 130.763
12.31 129
12.32 131
12.33 131.238
12.34 132
12.35 132
12.36 130
12.37 130
12.38 130
12.39 130.237
12.4 130.764
12.41 132.237
12.42 132.236
12.43 132.763
12.44 130.764
12.45 129.753
12.46 130.253
12.47 130.746
12.48 130
12.49 130.034
12.5 130.931
12.51 131
12.52 131
12.53 130.747
12.54 129.746
12.55 129
12.56 129
12.57 129
12.58 130.153
12.59 131.601
12.6 131
12.61 130.213
12.62 128
12.63 127
12.64 127.795
12.65 131.394
12.66 132.394
12.67 132
12.68 130.606
12.69 128.606
12.7 127.398
12.71 128
12.72 129.789
12.73 132.394
12.74 134
12.75 133.496
12.76 131.749
12.77 127.706
12.78 128.394
12.79 129.394
12.8 132.394
12.81 133
12.82 132
12.83 131
12.84 129
12.85 130
12.86 128.606
12.87 129.787
12.88 132.394
12.89 133
12.9 131.212
12.91 129
12.92 129
12.93 129.787
12.94 131
12.95 132
12.96 132.606
12.97 130.606
12.98 130.394
12.99 131
13 132
13.01 131.606
13.02 130.345
13.03 131.749
13.04 130
13.05 131
13.06 131
13.07 131
13.08 130.613
13.09 129.614
13.1 128
13.11 129
13.12 129.387
13.13 130
13.14 130.226
13.15 128.612
13.16 127
13.17 127.393
13.18 129.394
13.19 130
13.2 129
13.21 129.606
13.22 128
13.23 129
13.24 128.394
13.25 128
13.26 129
13.27 129.393
13.28 130
13.29 130
13.3 129
13.31 128.606
13.32 128
13.33 129
13.34 131
13.35 131
13.36 129.613
13.37 129
13.38 128
13.39 129.386
13.4 130.244
13.41 131
13.42 130.716
13.43 128.614
13.44 128.387
13.45 129
13.46 129.387
13.47 130
13.48 131
13.49 131
13.5 130.226
13.51 128.227
13.52 126.613
13.53 127.386
13.54 129.387
13.55 132.386
13.56 131.227
13.57 128.614
13.58 125.227
13.59 124.386
13.6 128.773
13.61 132.386
13.62 133.614
13.63 132.228
13.64 127.227
13.65 124
13.66 125.774
13.67 129.159
13.68 133.386
13.69 132.614
13.7 131
13.71 129.615
13.72 127
13.73 128
13.74 129.387
13.75 130
13.76 130
13.77 129.755
13.78 129
13.79 129
13.8 130.386
13.81 129.394
13.82 129.614
13.83 129.193
13.84 129.907
13.85 129.829
13.86 129
13.87 129.755
13.88 129.233
13.89 130
13.9 129
13.91 129.766
13.92 129
13.93 129.768
13.94 130
13.95 130.26
13.96 130.764
13.97 129.766
13.98 128.767
13.99 129.234
14 130.233
14.01 129.765
14.02 129.233
14.03 130
14.04 130
14.05 130
14.06 129.766
14.07 129
14.08 129.768
14.09 129.347
14.1 131
14.11 131.957
14.12 129.766
14.13 127.765
14.14 128.233
14.15 130.234
14.16 132.233
14.17 131.766
14.18 130
14.19 127.767
14.2 128
14.21 129.234
14.22 130.233
14.23 132
14.24 131.766
14.25 129.767
14.26 128.765
14.27 127
14.28 129
14.29 130
14.3 130
14.31 129.766
14.32 129
14.33 129.233
14.34 129
14.35 129.233
14.36 129
14.37 129
14.38 130
14.39 131
14.4 130
14.41 129
14.42 128
14.43 128.751
14.44 129
14.45 130
14.46 130.753
14.47 129.251
14.48 129
14.49 128.751
14.5 128
14.51 129
14.52 129
14.53 129.249
14.54 129
14.55 128
14.56 128.237
14.57 129
14.58 130.231
14.59 131
14.6 131
14.61 131
14.62 130
14.63 130.235
14.64 130
14.65 130
14.66 131
14.67 130.768
14.68 131
14.69 130
14.7 129.768
14.71 129
14.72 129
14.73 129.23
14.74 129.824
14.75 129.957
14.76 130.043
14.77 128.044
14.78 128.769
14.79 128
14.8 129.231
14.81 131.768
14.82 132
14.83 131.767
14.84 129
14.85 127.769
14.86 127.23
14.87 128.462
14.88 131.232
14.89 132
14.9 130.862
14.91 128.615
14.92 127
14.93 128.384
14.94 130.386
14.95 131
14.96 130.615
14.97 128.615
14.98 127.61
14.99 127.387
15 128
15.01 129.77
15.02 131
15.03 131.61
15.04 129
15.05 127.615
15.06 128
15.07 128.386
15.08 130.386
15.09 130.774
15.1 129.725
15.11 130
15.12 129.787
15.13 128.466
15.14 130
15.15 131.411
15.16 133
15.17 131.597
15.18 129.605
15.19 128
15.2 129
15.21 130.243
15.22 132
15.23 132
15.24 129.717
15.25 129.385
15.26 130
15.27 130
15.28 130.538
15.29 130.769
15.3 129.77
15.31 128.769
15.32 128
15.33 129.173
15.34 130
15.35 130
15.36 129
15.37 129.412
15.38 129.588
15.39 129.408
15.4 129
15.41 129
15.42 130
15.43 129.025
15.44 127
15.45 127.29
15.46 128
15.47 129.584
15.48 130
15.49 130.296
15.5 130.177
15.51 128
15.52 127.713
15.53 128.273
15.54 130.285
15.55 131.277
15.56 130.715
15.57 128.711
15.58 128
15.59 128.284
15.6 129.286
15.61 131.299
15.62 131
15.63 130.424
15.64 127.702
15.65 128
15.66 128.554
15.67 130.285
15.68 131.555
15.69 131.828
15.7 130.751
15.71 129
15.72 129
15.73 130.408
15.74 132
15.75 132
15.76 131.603
15.77 130.603
15.78 130
15.79 131.402
15.8 132.401
15.81 132.593
15.82 131.592
15.83 129.591
15.84 128
15.85 128.409
15.86 128.588
15.87 127.41
15.88 128
15.89 128.606
15.9 128
15.91 127.6
15.92 126
15.93 126.398
15.94 127
15.95 128
15.96 129
15.97 128.6
15.98 127.59
15.99 125
16 126.405
16.01 129.812
16.02 130
16.03 130
16.04 128.591
16.05 128.353
16.06 130
16.07 130
16.08 130
16.09 128.59
16.1 128.406
16.11 129.395
16.12 130
16.13 131
16.14 132.4
16.15 131.191
16.16 130.59
16.17 128
16.18 128.593
16.19 130.223
16.2 132
16.21 133
16.22 130.593
16.23 128.59
16.24 128
16.25 128.406
16.26 131.409
16.27 133.409
16.28 133.265
16.29 131
16.3 127.865
16.31 126.407
16.32 127.365
16.33 128.818
16.34 131
16.35 130
16.36 131
16.37 130.599
16.38 128.592
16.39 126
16.4 126
16.41 127.885
16.42 131.124
16.43 131
16.44 128.736
16.45 128
16.46 128.261
16.47 129
16.48 129
16.49 129
16.5 129.136
16.51 129.709
16.52 129
16.53 128.019
16.54 128.977
16.55 128.276
16.56 129.295
16.57 131
16.58 130.717
16.59 127.707
16.6 126
16.61 126.569
16.62 129.264
16.63 131.259
16.64 131
16.65 131.258
16.66 130.724
16.67 129.755
16.68 128
16.69 130
16.7 131.256
16.71 131.724
16.72 130.773
16.73 130
16.74 130
16.75 130
16.76 130
16.77 130
16.78 131
16.79 131
16.8 131
16.81 129.77
16.82 128
16.83 127.716
16.84 127.252
16.85 128
16.86 129.525
16.87 131.262
16.88 131.742
16.89 130
16.9 128.712
16.91 127
16.92 127.27
16.93 129
16.94 130.254
16.95 131
16.96 129.715
16.97 128.76
16.98 126.768
16.99 127.26
17 128.273
17.01 129.763
17.02 129.96
17.03 129.021
17.04 127.043
17.05 127
17.06 127.281
17.07 129
17.08 130.276
17.09 130
17.1 129.737
17.11 128
17.12 129
17.13 129.279
17.14 130
17.15 130
17.16 129
17.17 129.775
17.18 129.28
17.19 130.738
17.2 130
17.21 130
17.22 131
17.23 131
17.24 131
17.25 131
17.26 131
17.27 130.714
17.28 129.711
17.29 129
17.3 128.259
17.31 129
17.32 129.58
17.33 130.72
17.34 131
17.35 129
17.36 128.747
17.37 128
17.38 129
17.39 129.297
17.4 131
17.41 131
17.42 129.44
17.43 128.233
17.44 128.721
17.45 129
17.46 128
17.47 128
17.48 128
17.49 128.277
17.5 129
17.51 129
17.52 130
17.53 129
17.54 128
17.55 128.272
17.56 129.279
17.57 129.296
17.58 131
17.59 131
17.6 131
17.61 129.447
17.62 129.286
17.63 129.285
17.64 132.105
17.65 133.109
17.66 132.413
17.67 129.917
17.68 128.434
17.69 125.484
17.7 127.189
17.71 128
17.72 128.598
17.73 128
17.74 128
17.75 128.398
17.76 128.473
17.77 130.406
17.78 130
17.79 130
17.8 129.599
17.81 127.589
17.82 127.412
17.83 128.469
17.84 131.468
17.85 132
17.86 134
17.87 132.533
17.88 131.603
17.89 129.531
17.9 128.602
17.91 129.397
17.92 129
17.93 129.235
17.94 129
17.95 128
17.96 128
17.97 128.459
17.98 130
17.99 131
18 129.542
18.01 128
18.02 126.074
18.03 125.47
18.04 126
18.05 127.469
18.06 129.457
18.07 130.536
18.08 130
18.09 130
18.1 131.471
18.11 130.532
18.12 129
18.13 128
18.14 128
18.15 128.469
18.16 130
18.17 131
18.18 131
18.19 131
18.2 130.562
18.21 130
18.22 129
18.23 129
18.24 128.533
18.25 128
18.26 130
18.27 131.469
18.28 131
18.29 130.573
18.3 129
18.31 128.739
18.32 128.219
18.33 129
18.34 130
18.35 129.55
18.36 128
18.37 127
18.38 128
18.39 129.454
18.4 131
18.41 131
18.42 128.546
18.43 127
18.44 127
18.45 127.454
18.46 129.454
18.47 130
18.48 131
18.49 129.546
18.5 129
18.51 130
18.52 129.454
18.53 129
18.54 130
18.55 131
18.56 130.093
18.57 127.546
18.58 126.453
18.59 128.459
18.6 132.453
18.61 131.547
18.62 129.582
18.63 128
18.64 126.541
18.65 127.453
18.66 127.454
18.67 128.454
18.68 130.453
18.69 129.546
18.7 128.547
18.71 128
18.72 128
18.73 128.452
18.74 130.388
18.75 132.246
18.76 130.754
18.77 128.309
18.78 126
18.79 127.907
18.8 130.452
18.81 131.547
18.82 132
18.83 130.547
18.84 129.547
18.85 127.453
18.86 129.453
18.87 130.453
18.88 132.452
18.89 132.547
18.9 129.548
18.91 129.539
18.92 129
18.93 130
18.94 130
18.95 130.194
18.96 130.908
18.97 130.571
18.98 128.428
18.99 127
19 128
19.01 129.43
19.02 130.429
19.03 129.571
19.04 127.14
19.05 126.429
19.06 127.429
19.07 128.428
19.08 129
19.09 129
19.1 129
19.11 128
19.12 128
19.13 128
19.14 128.344
19.15 129.958
19.16 129
19.17 128.041
19.18 128.452
19.19 129.452
19.2 129
19.21 130
19.22 129
19.23 129
19.24 128
19.25 129.453
19.26 131
19.27 130.547
19.28 128.547
19.29 127.453
19.3 129
19.31 131.453
19.32 132.452
19.33 131.547
19.34 130.453
19.35 129.096
19.36 128.548
19.37 128.904
19.38 130.457
19.39 132
19.4 130.549
19.41 129.547
19.42 127
19.43 128
19.44 129
19.45 129.245
19.46 129.755
19.47 128.657
19.48 127
19.49 127
19.5 128
19.51 128.445
19.52 130
19.53 129
19.54 130
19.55 128.535
19.56 127.534
19.57 127
19.58 127.467
19.59 128.459
19.6 130
19.61 130.54
19.62 129.541
19.63 128
19.64 128
19.65 128.459
19.66 130
19.67 130
19.68 129
19.69 129
19.7 130
19.71 129
19.72 130
19.73 130
19.74 130
19.75 128.54
19.76 128.54
19.77 128
19.78 129
19.79 128
19.8 129
19.81 128.748
19.82 128
19.83 129
19.84 128.455
19.85 129
19.86 129
19.87 130.437
19.88 130
19.89 130.56
19.9 129
19.91 129
19.92 129.458
19.93 130
19.94 131.446
19.95 130
19.96 130.452
19.97 129
19.98 128
19.99 128
20 129
20.01 129
20.02 129
20.03 129
20.04 130
20.05 130
20.06 128.528
20.07 127.524
20.08 127
20.09 128.468
20.1 129.468
20.11 130
20.12 129
20.13 127.568
20.14 127.446
20.15 127.443
20.16 129.296
20.17 130.584
20.18 130
20.19 128.168
20.2 127
20.21 127.417
20.22 129.415
20.23 130.077
20.24 130.823
20.25 129
20.26 128.18
20.27 130.452
20.28 131
20.29 130.548
20.3 129.548
20.31 128.548
20.32 127.452
20.33 129.453
20.34 130
20.35 131
20.36 130.548
20.37 128.548
20.38 128
20.39 127
20.4 127.452
20.41 128.452
20.42 130
20.43 130
20.44 129.548
20.45 128.548
20.46 127
20.47 127.452
20.48 129.903
20.49 131
20.5 129.548
20.51 127.548
20.52 126
20.53 127.453
20.54 129
20.55 130.452
20.56 129
20.57 127.548
20.58 127.452
20.59 126.549
20.6 127.451
20.61 129.451
20.62 130.549
20.63 130
20.64 129
20.65 128.549
20.66 128
20.67 129.451
20.68 131
20.69 131
20.7 130
20.71 129.549
20.72 129
20.73 129.756
20.74 129.26
20.75 130
20.76 130.47
20.77 132
20.78 130.531
20.79 129.528
20.8 128
20.81 128.53
20.82 128.469
20.83 129
20.84 130
20.85 129.547
20.86 129
20.87 129
20.88 129
20.89 129
20.9 129
20.91 129
20.92 129
20.93 128.555
20.94 127
20.95 127.451
20.96 128.451
20.97 130.451
20.98 130
20.99 129.549
21 127.549
21.01 126
21.02 127.451
21.03 129
21.04 130
21.05 130
21.06 127.549
21.07 127
21.08 127
21.09 128.447
21.1 130
21.11 130.442
21.12 130
21.13 129.555
21.14 127.55
21.15 128.442
21.16 130.447
21.17 132
21.18 131.557
21.19 129.558
21.2 128
21.21 128.473
21.22 131
21.23 131
21.24 129.556
21.25 130
21.26 129.446
21.27 129.557
21.28 129.557
21.29 129.443
21.3 131
21.31 131.557
21.32 131
21.33 130.161
21.34 128.545
21.35 129
21.36 130.442
21.37 131
21.38 131
21.39 129.557
21.4 128
21.41 128.443
21.42 129
21.43 129.442
21.44 130
21.45 129
21.46 128.557
21.47 128
21.48 128
21.49 129
21.5 128
21.51 129
21.52 129
21.53 130
21.54 130
21.55 130.049
21.56 129
21.57 129
21.58 129
21.59 129
21.6 129
21.61 128.578
21.62 129
21.63 130
21.64 130.405
21.65 130.586
21.66 130
21.67 129.587
21.68 129
21.69 129.413
21.7 130
21.71 129.589
21.72 129
21.73 129
21.74 130.413
21.75 132
21.76 131
21.77 131
21.78 130.413
21.79 131
21.8 130.587
21.81 129.826
21.82 129.586
21.83 129
21.84 129
21.85 130
21.86 130.413
21.87 132
21.88 131
21.89 129.174
21.9 127.587
21.91 127
21.92 128.412
21.93 130
21.94 130.449
21.95 130.557
21.96 128.563
21.97 128
21.98 129
21.99 129
22 129
22.01 129
22.02 129
22.03 130.963
22.04 130
22.05 129.563
22.06 129
22.07 129
22.08 130.436
22.09 131
22.1 131
22.11 129.564
22.12 128
22.13 129
22.14 130.424
22.15 131
22.16 130.587
22.17 129.587
22.18 128
22.19 129
22.2 129.413
22.21 130.588
22.22 130
22.23 129
22.24 129
22.25 129.414
22.26 130.412
22.27 131.413
22.28 132
22.29 130
22.3 129.587
22.31 128.587
22.32 128.588
22.33 128.413
22.34 129.412
22.35 131.412
22.36 131.589
22.37 130.588
22.38 128.588
22.39 129
22.4 129.412
22.41 131
22.42 131
22.43 129.586
22.44 128
22.45 128
22.46 129
22.47 130
22.48 130
22.49 128
22.5 128
22.51 128.441
22.52 130
22.53 130.45
22.54 129.561
22.55 129
22.56 128.559
22.57 129
22.58 131
22.59 131
22.6 130.559
22.61 129.559
22.62 129
22.63 131
22.64 131
22.65 130
22.66 128
22.67 127
22.68 128.441
22.69 129.441
22.7 130.442
22.71 130.559
22.72 129
22.73 129
22.74 129.441
22.75 129.441
22.76 130.559
22.77 130.441
22.78 130
22.79 129.189
22.8 129.903
22.81 129.422
22.82 131
22.83 131
22.84 130.589
22.85 129.588
22.86 129
22.87 129
22.88 130.411
22.89 132
22.9 131
22.91 129.176
22.92 128
22.93 127.489
22.94 128.649
22.95 129.413
22.96 129.589
22.97 129
22.98 129
22.99 129.849
23 129
23.01 129.589
23.02 129
23.03 129
23.04 128
23.05 129
23.06 129
23.07 130
23.08 130
23.09 128.589
23.1 128.235
23.11 129
23.12 129
23.13 128
23.14 128.396
23.15 130
23.16 130.586
23.17 130.955
23.18 129
23.19 128.441
23.2 129
23.21 129.881
23.22 131
23.23 132
23.24 130.589
23.25 130.588
23.26 129.151
23.27 129
23.28 130.442
23.29 131.44
23.3 132
23.31 132
23.32 131
23.33 130.336
23.34 128.411
23.35 129
23.36 129
23.37 131
23.38 131
23.39 129.59
23.4 129
23.41 128.151
23.42 127.3
23.43 128
23.44 127.56
23.45 128
23.46 128.411
23.47 129.849
23.48 130
23.49 130
23.5 128
23.51 125.872
23.52 125.411
23.53 127.704
23.54 131.441
23.55 132.44
23.56 132.447
23.57 129.764
23.58 127.559
23.59 127.664
23.6 129.411
23.61 130
23.62 130
23.63 129.441
23.64 128.56
23.65 129
23.66 129
23.67 132
23.68 131
23.69 130.68
23.7 128
23.71 128.41
23.72 129
23.73 131
23.74 131.429
23.75 129.567
23.76 129
23.77 129
23.78 129.422
23.79 131
23.8 130.577
23.81 128.155
23.82 127.422
23.83 127
23.84 128
23.85 129
23.86 129
23.87 130
23.88 129.578
23.89 128
23.9 127
23.91 127
23.92 128
23.93 129
23.94 129.41
23.95 131
23.96 129.597
23.97 128
23.98 129
23.99 129.588
24 129
24.01 128.41
24.02 129
24.03 129.41
24.04 129.591
24.05 131
24.06 131
24.07 131.937
24.08 130.842
24.09 128.487
24.1 128.161
24.11 130.44
24.12 132
24.13 131
24.14 129.56
24.15 129
24.16 129
24.17 129.275
24.18 131.328
24.19 132
24.2 131
24.21 130.56
24.22 129
24.23 129
24.24 129
24.25 129.44
24.26 129.56
24.27 129.56
24.28 129
24.29 129
24.3 128.561
24.31 129
24.32 128.44
24.33 129
24.34 128.296
24.35 129
24.36 129.448
24.37 129.552
24.38 128
24.39 128
24.4 128
24.41 129
24.42 129.553
24.43 129
24.44 130
24.45 129
24.46 128.561
24.47 128
24.48 129
24.49 129
24.5 129
24.51 130
24.52 130.72
24.53 130
24.54 129
24.55 129
24.56 129
24.57 130
24.58 128
24.59 128
24.6 128
24.61 127.443
24.62 129
24.63 130.439
24.64 132
24.65 132
24.66 130.122
24.67 126.567
24.68 125
24.69 126.877
24.7 130.877
24.71 133.439
24.72 132.122
24.73 129.122
24.74 126.559
24.75 127
24.76 129.878
24.77 130.439
24.78 130.561
24.79 128.122
24.8 125
24.81 126.752
24.82 129
24.83 129
24.84 129.439
24.85 131
24.86 130.559
24.87 129.562
24.88 128
24.89 128.439
24.9 131.439
24.91 133
24.92 131.561
24.93 131.439
24.94 130.549
24.95 128.559
24.96 128.439
24.97 130
24.98 131.439
24.99 132
25 132
25.01 129.561
25.02 128
25.03 128.438
25.04 129.439
25.05 130
25.06 130
25.07 128.561
25.08 127.561
25.09 128
25.1 128
25.11 128
25.12 127
25.13 128
25.14 128
25.15 127.561
25.16 127
25.17 127
25.18 127.272
25.19 129
25.2 129.561
25.21 128
25.22 127.123
25.23 126
25.24 126.439
25.25 128.439
25.26 130.526
25.27 130.593
25.28 129.594
25.29 127.591
25.3 126
25.31 126.817
25.32 130.41
25.33 131
25.34 129
25.35 128.874
25.36 126.685
25.37 126.47
25.38 128.637
25.39 131
25.4 131
25.41 129.592
25.42 128
25.43 128
25.44 129.407
25.45 130.407
25.46 131
25.47 129.592
25.48 128
25.49 127
25.5 128
25.51 129
25.52 130
25.53 130
25.54 129
25.55 128
25.56 128
25.57 128
25.58 128.419
25.59 130.419
25.6 130.581
25.61 129
25.62 129
25.63 129.419
25.64 130
25.65 130
25.66 129
25.67 127
25.68 127.407
25.69 128
25.7 129
25.71 128
25.72 128.593
25.73 128
25.74 128
25.75 128
25.76 128
25.77 128
25.78 128.407
25.79 128
25.8 128.593
25.81 128.408
25.82 128.593
25.83 127.407
25.84 127
25.85 128.407
25.86 131
25.87 131
25.88 129.593
25.89 126.185
25.9 126
25.91 127.816
25.92 130
25.93 129.407
25.94 128.186
25.95 127.606
25.96 127.407
25.97 129.406
25.98 130.408
25.99 129.593
26 129
26.01 129
26.02 129
26.03 129.406
26.04 130.403
26.05 130
26.06 129
26.07 129
26.08 129
26.09 130
26.1 129.812
26.11 130.595
26.12 129.407
26.13 130.182
26.14 129
26.15 127.569
26.16 127
26.17 127.357
26.18 131
26.19 131
26.2 129.571
26.21 128.57
26.22 126
26.23 127
26.24 127.429
26.25 129
26.26 129
26.27 128.571
26.28 128
26.29 128
26.3 128
26.31 127
26.32 127
26.33 127.43
26.34 129
26.35 129
26.36 127.572
26.37 127
26.38 127.429
26.39 128
26.4 129
26.41 128.57
26.42 127
26.43 127.43
26.44 128
26.45 128
26.46 129
26.47 130
26.48 130
26.49 129.572
26.5 129
26.51 130
26.52 130.178
26.53 131
26.54 132
26.55 130.572
26.56 129
26.57 128.428
26.58 129.434
26.59 130.429
26.6 131
26.61 131
26.62 130
26.63 129.807
26.64 129.098
26.65 128.42
26.66 128
26.67 127
26.68 126.407
26.69 128
26.7 128.405
26.71 129
26.72 129.81
26.73 130
26.74 128.597
26.75 127.582
26.76 126.428
26.77 127.429
26.78 129
26.79 129.43
26.8 130
26.81 130.571
26.82 128.141
26.83 126.57
26.84 127.43
26.85 129
26.86 129
26.87 129
26.88 128
26.89 126.821
26.9 127.429
26.91 128.43
26.92 128
26.93 129
26.94 129
26.95 128
26.96 128.571
26.97 129
26.98 128
26.99 129
27 129.571
27.01 128.57
27.02 127.594
27.03 127.406
27.04 128.405
27.05 129.405
27.06 131
27.07 131
27.08 129
27.09 127.593
27.1 127
27.11 127
27.12 129.405
27.13 130
27.14 131
27.15 130
27.16 129.594
27.17 127.19
27.18 126.404
27.19 128.41
27.2 129.818
27.21 131
27.22 130
27.23 127.844
27.24 125.844
27.25 126.163
27.26 129.405
27.27 130.405
27.28 132
27.29 131
27.3 130
27.31 130
27.32 129
27.33 127.594
27.34 126
27.35 126.357
27.36 128.426
27.37 131.405
27.38 132
27.39 131
27.4 129.595
27.41 128
27.42 127
27.43 126.404
27.44 127.405
27.45 128.406
27.46 129
27.47 131
27.48 130.598
27.49 129
27.5 128
27.51 127
27.52 127
27.53 127.4
27.54 127.231
27.55 129
27.56 129.153
27.57 129
27.58 128
27.59 127
27.6 125.595
27.61 126.415
27.62 127.848
27.63 131
27.64 131
27.65 129.595
27.66 127.846
27.67 126.564
27.68 126
27.69 127.436
27.7 129
27.71 129
27.72 129.596
27.73 129
27.74 128
27.75 129
27.76 129
27.77 129.596
27.78 129
27.79 128
27.8 127.593
27.81 129
27.82 130.231
27.83 131
27.84 130
27.85 128.596
27.86 128
27.87 129.403
27.88 129.405
27.89 130
27.9 129
27.91 128.939
27.92 128.205
27.93 128.401
27.94 129.54
27.95 129
27.96 128
27.97 128
27.98 128.185
27.99 128
28 128
28.01 127.436
28.02 128.566
28.03 129
28.04 128.752
28.05 127.541
28.06 128
28.07 128
28.08 127.852
28.09 129
28.1 131
28.11 131
28.12 129.596
28.13 128
28.14 127.402
28.15 128
28.16 129
28.17 129.405
28.18 130.597
28.19 129
28.2 130
28.21 129
28.22 128.478
28.23 126.596
28.24 126
28.25 126.404
28.26 127.597
28.27 127.404
28.28 128.404
28.29 128
28.3 128.596
28.31 129
28.32 127.193
28.33 126.404
28.34 127
28.35 128.866
28.36 131
28.37 130.13
28.38 128
28.39 127.056
28.4 127.404
28.41 129.81
28.42 131
28.43 131.596
28.44 130.193
28.45 128
28.46 129
28.47 129
28.48 128.193
28.49 126
28.5 125.402
28.51 129.428
28.52 130
28.53 130
28.54 128.169
28.55 127
28.56 127
28.57 128
28.58 129
28.59 128.087
28.6 126.544
28.61 127
28.62 128
28.63 129.451
28.64 130
28.65 128.097
28.66 126
28.67 126
28.68 127.902
28.69 130
28.7 129.549
28.71 128
28.72 128.227
28.73 128.851
28.74 129.574
28.75 129.596
28.76 127.59
28.77 127.597
28.78 127.819
28.79 131
28.8 132
28.81 130.862
28.82 128.694
28.83 126.41
28.84 128.402
28.85 131
28.86 131
28.87 131
28.88 129.599
28.89 128
28.9 128
28.91 129
28.92 129
28.93 129
28.94 129
28.95 128
28.96 128
28.97 129
28.98 128.403
28.99 129
29 128
29.01 125.598
29.02 125.803
29.03 127
29.04 129
29.05 129
29.06 128.197
29.07 125.195
29.08 124
29.09 125.303
29.1 129
29.11 130
29.12 129.195
29.13 126.597
29.14 126
29.15 127.404
29.16 128.845
29.17 129
29.18 128
29.19 127.939
29.2 127
29.21 128
29.22 130
29.23 130
29.24 128.565
29.25 126.565
29.26 127
29.27 127.943
29.28 131
29.29 132
29.3 131.13
29.31 129
29.32 127.565
29.33 127
29.34 129
29.35 130.434
29.36 129.566
29.37 129
29.38 128
29.39 129
29.4 129
29.41 130
29.42 128.734
29.43 128
29.44 127
29.45 127.553
29.46 127.435
29.47 128
29.48 129
29.49 128
29.5 128
29.51 127
29.52 127
29.53 126
29.54 124.45
29.55 126.901
29.56 129.45
29.57 128.611
